19466.0 0.0049700000
19471.0 0.0054800000
19476.0 0.0053600000
19481.0 0.0057600000
19486.0 0.0061500000
19491.0 0.0068100000
19496.0 0.0063500000
19501.0 0.0068300000
19506.0 0.0073700000
19511.0 0.0075000000
19516.0 0.0066500000
19521.0 0.0083500000
19526.0 0.0087500000
19531.0 0.0084400000
19536.0 0.0094400000
19541.0 0.0087800000
19546.0 0.0099000000
19551.0 0.0101700000
19556.0 0.0101700000
19561.0 0.0112000000
19566.0 0.0112700000
19571.0 0.0117800000
19576.0 0.0129400000
19581.0 0.0128400000
19586.0 0.0136200000
19591.0 0.0134700000
19596.0 0.0145400000
19601.0 0.0154100000
19606.0 0.0159500000
19611.0 0.0170300000
19616.0 0.0180200000
19621.0 0.0183600000
19626.0 0.0186900000
19631.0 0.0199500000
19636.0 0.0212800000
19641.0 0.0214400000
19646.0 0.0223300000
19651.0 0.0234800000
19656.0 0.0247600000
19661.0 0.0262500000
19666.0 0.0270200000
19671.0 0.0282400000
19676.0 0.0298200000
19681.0 0.0308000000
19686.0 0.0317200000
19691.0 0.0337800000
19696.0 0.0352500000
19701.0 0.0376200000
19706.0 0.0389300000
19711.0 0.0408200000
19716.0 0.0425200000
19721.0 0.0445500000
19726.0 0.0461400000
19731.0 0.0485100000
19736.0 0.0509700000
19741.0 0.0538100000
19746.0 0.0554700000
19751.0 0.0586400000
19756.0 0.0610700000
19761.0 0.0639400000
19766.0 0.0672200000
19771.0 0.0702900000
19776.0 0.0733800000
19781.0 0.0772000000
19786.0 0.0800100000
19791.0 0.0841400000
19796.0 0.0885800000
19801.0 0.0930100000
19806.0 0.0972900000
19811.0 0.1016700000
19816.0 0.1061100000
19821.0 0.1110100000
19826.0 0.1167200000
19831.0 0.1226600000
19836.0 0.1284400000
19841.0 0.1333000000
19846.0 0.1398900000
19851.0 0.1460700000
19856.0 0.1525900000
19861.0 0.1607500000
19866.0 0.1677800000
19871.0 0.1750500000
19876.0 0.1830000000
19881.0 0.1904500000
19886.0 0.1994200000
19891.0 0.2082800000
19896.0 0.2180200000
19901.0 0.2276100000
19906.0 0.2367800000
19911.0 0.2467900000
19916.0 0.2566200000
19921.0 0.2681800000
19926.0 0.2802200000
19931.0 0.2914900000
19936.0 0.3025600000
19941.0 0.3141000000
19946.0 0.3267100000
19951.0 0.3398900000
19956.0 0.3525700000
19961.0 0.3667200000
19966.0 0.3797100000
19971.0 0.3922400000
19976.0 0.4058600000
19981.0 0.4201400000
19986.0 0.4353400000
19991.0 0.4497200000
19996.0 0.4637100000
20001.0 0.4773300000
20006.0 0.4912700000
20011.0 0.5060300000
20016.0 0.5213700000
20021.0 0.5361800000
20026.0 0.5499800000
20031.0 0.5634400000
20036.0 0.5769900000
20041.0 0.5911900000
20046.0 0.6035600000
20051.0 0.6184100000
20056.0 0.6324300000
20061.0 0.6443600000
20066.0 0.6556300000
20071.0 0.6679100000
20076.0 0.6804200000
20081.0 0.6919000000
20086.0 0.7031500000
20091.0 0.7133500000
20096.0 0.7229200000
20101.0 0.7328700000
20106.0 0.7420300000
20111.0 0.7510600000
20116.0 0.7601500000
20121.0 0.7681200000
20126.0 0.7743000000
20131.0 0.7809400000
20136.0 0.7873300000
20141.0 0.7936000000
20146.0 0.7995400000
20151.0 0.8044900000
20156.0 0.8082200000
20161.0 0.8126800000
20166.0 0.8157700000
20171.0 0.8189100000
20176.0 0.8221800000
20181.0 0.8248200000
20186.0 0.8267200000
20191.0 0.8281200000
20196.0 0.8300300000
20201.0 0.8306000000
20206.0 0.8321100000
20211.0 0.8331700000
20216.0 0.8334500000
20221.0 0.8341300000
20226.0 0.8337500000
20231.0 0.8344800000
20236.0 0.8342200000
20241.0 0.8339600000
20246.0 0.8342200000
20251.0 0.8345900000
20256.0 0.8346600000
20261.0 0.8358800000
20266.0 0.8356800000
20271.0 0.8359600000
20276.0 0.8363600000
20281.0 0.8369400000
20286.0 0.8384500000
20291.0 0.8389400000
20296.0 0.8396200000
20301.0 0.8406800000
20306.0 0.8424600000
20311.0 0.8440100000
20316.0 0.8447600000
20321.0 0.8464300000
20326.0 0.8480100000
20331.0 0.8493800000
20336.0 0.8512000000
20341.0 0.8529200000
20346.0 0.8541400000
20351.0 0.8559000000
20356.0 0.8574900000
20361.0 0.8589300000
20366.0 0.8601600000
20371.0 0.8612000000
20376.0 0.8625700000
20381.0 0.8634400000
20386.0 0.8639200000
20391.0 0.8652400000
20396.0 0.8648400000
20401.0 0.8649500000
20406.0 0.8644300000
20411.0 0.8643400000
20416.0 0.8643100000
20421.0 0.8633000000
20426.0 0.8623400000
20431.0 0.8609800000
20436.0 0.8600600000
20441.0 0.8586800000
20446.0 0.8576900000
20451.0 0.8549700000
20456.0 0.8535800000
20461.0 0.8512300000
20466.0 0.8490100000
20471.0 0.8475100000
20476.0 0.8449200000
20481.0 0.8427800000
20486.0 0.8415900000
20491.0 0.8395500000
20496.0 0.8382100000
20501.0 0.8366800000
20506.0 0.8355100000
20511.0 0.8346200000
20516.0 0.8331300000
20521.0 0.8321900000
20526.0 0.8313600000
20531.0 0.8314600000
20536.0 0.8315500000
20541.0 0.8312800000
20546.0 0.8319500000
20551.0 0.8326600000
20556.0 0.8335800000
20561.0 0.8344500000
20566.0 0.8356500000
20571.0 0.8366700000
20576.0 0.8386400000
20581.0 0.8401500000
20586.0 0.8422500000
20591.0 0.8446400000
20596.0 0.8456900000
20601.0 0.8484300000
20606.0 0.8498300000
20611.0 0.8515800000
20616.0 0.8548100000
20621.0 0.8565400000
20626.0 0.8596400000
20631.0 0.8620800000
20636.0 0.8632800000
20641.0 0.8645400000
20646.0 0.8672200000
20651.0 0.8687800000
20656.0 0.8714800000
20661.0 0.8721500000
20666.0 0.8734500000
20671.0 0.8743800000
20676.0 0.8750200000
20681.0 0.8758000000
20686.0 0.8765900000
20691.0 0.8774100000
20696.0 0.8774100000
20701.0 0.8780400000
20706.0 0.8778200000
20711.0 0.8773500000
20716.0 0.8774700000
20721.0 0.8774200000
20726.0 0.8767700000
20731.0 0.8767000000
20736.0 0.8756800000
20741.0 0.8749600000
20746.0 0.8738700000
20751.0 0.8734900000
20756.0 0.8722600000
20761.0 0.8720200000
20766.0 0.8715900000
20771.0 0.8710000000
20776.0 0.8701700000
20781.0 0.8696000000
20786.0 0.8688800000
20791.0 0.8687600000
20796.0 0.8672700000
20801.0 0.8674000000
20806.0 0.8675500000
20811.0 0.8677100000
20816.0 0.8675200000
20821.0 0.8666400000
20826.0 0.8678100000
20831.0 0.8683400000
20836.0 0.8685400000
20841.0 0.8685900000
20846.0 0.8688100000
20851.0 0.8688600000
20856.0 0.8700800000
20861.0 0.8706600000
20866.0 0.8700500000
20871.0 0.8707500000
20876.0 0.8715700000
20881.0 0.8724700000
20886.0 0.8726500000
20891.0 0.8737500000
20896.0 0.8737300000
20901.0 0.8739400000
20906.0 0.8757600000
20911.0 0.8757100000
20916.0 0.8764300000
20921.0 0.8766700000
20926.0 0.8772600000
20931.0 0.8780000000
20936.0 0.8782900000
20941.0 0.8781100000
20946.0 0.8783600000
20951.0 0.8791400000
20956.0 0.8796600000
20961.0 0.8796100000
20966.0 0.8792100000
20971.0 0.8790500000
20976.0 0.8798000000
20981.0 0.8800100000
20986.0 0.8799500000
20991.0 0.8796100000
20996.0 0.8791400000
21001.0 0.8794400000
21006.0 0.8785800000
21011.0 0.8792000000
21016.0 0.8789400000
21021.0 0.8788700000
21026.0 0.8780000000
21031.0 0.8767700000
21036.0 0.8769700000
21041.0 0.8765200000
21046.0 0.8763500000
21051.0 0.8748000000
21056.0 0.8740600000
21061.0 0.8731600000
21066.0 0.8719200000
21071.0 0.8710700000
21076.0 0.8699600000
21081.0 0.8686400000
21086.0 0.8673900000
21091.0 0.8658300000
21096.0 0.8650300000
21101.0 0.8636100000
21106.0 0.8624200000
21111.0 0.8610900000
21116.0 0.8588900000
21121.0 0.8581500000
21126.0 0.8566800000
21131.0 0.8552000000
21136.0 0.8538400000
21141.0 0.8521800000
21146.0 0.8512000000
21151.0 0.8500200000
21156.0 0.8478300000
21161.0 0.8470200000
21166.0 0.8457000000
21171.0 0.8447000000
21176.0 0.8436800000
21181.0 0.8430000000
21186.0 0.8414500000
21191.0 0.8406200000
21196.0 0.8400800000
21201.0 0.8397300000
21206.0 0.8396200000
21211.0 0.8391700000
21216.0 0.8384000000
21221.0 0.8383500000
21226.0 0.8374700000
21231.0 0.8372100000
21236.0 0.8374600000
21241.0 0.8373000000
21246.0 0.8374400000
21251.0 0.8367700000
21256.0 0.8370200000
21261.0 0.8375300000
21266.0 0.8377300000
21271.0 0.8373400000
21276.0 0.8371400000
21281.0 0.8377500000
21286.0 0.8372200000
21291.0 0.8368400000
21296.0 0.8365300000
21301.0 0.8363600000
21306.0 0.8362600000
21311.0 0.8360000000
21316.0 0.8357000000
21321.0 0.8346900000
21326.0 0.8338800000
21331.0 0.8340100000
21336.0 0.8328200000
21341.0 0.8318900000
21346.0 0.8309500000
21351.0 0.8302200000
21356.0 0.8294900000
21361.0 0.8288800000
21366.0 0.8278900000
21371.0 0.8264700000
21376.0 0.8259400000
21381.0 0.8254300000
21386.0 0.8244900000
21391.0 0.8234000000
21396.0 0.8227000000
21401.0 0.8216100000
21406.0 0.8213300000
21411.0 0.8208100000
21416.0 0.8204500000
21421.0 0.8198800000
21426.0 0.8191500000
21431.0 0.8192300000
21436.0 0.8196600000
21441.0 0.8193400000
21446.0 0.8195200000
21451.0 0.8203300000
21456.0 0.8206700000
21461.0 0.8208500000
21466.0 0.8217400000
21471.0 0.8226400000
21476.0 0.8231500000
21481.0 0.8243100000
21486.0 0.8251200000
21491.0 0.8267300000
21496.0 0.8278100000
21501.0 0.8287600000
21506.0 0.8305300000
21511.0 0.8321100000
21516.0 0.8333400000
21521.0 0.8344700000
21526.0 0.8360700000
21531.0 0.8378000000
21536.0 0.8402900000
21541.0 0.8417600000
21546.0 0.8429200000
21551.0 0.8448000000
21556.0 0.8463000000
21561.0 0.8472800000
21566.0 0.8488200000
21571.0 0.8501200000
21576.0 0.8511500000
21581.0 0.8527100000
21586.0 0.8536400000
21591.0 0.8541900000
21596.0 0.8557000000
21601.0 0.8567200000
21606.0 0.8570100000
21611.0 0.8578200000
21616.0 0.8585600000
21621.0 0.8590300000
21626.0 0.8596200000
21631.0 0.8608300000
21636.0 0.8609700000
21641.0 0.8608900000
21646.0 0.8610800000
21651.0 0.8615600000
21656.0 0.8624800000
21661.0 0.8625100000
21666.0 0.8615600000
21671.0 0.8628800000
21676.0 0.8622300000
21681.0 0.8624500000
21686.0 0.8623600000
21691.0 0.8622600000
21696.0 0.8624300000
21701.0 0.8629700000
21706.0 0.8628200000
21711.0 0.8623400000
21716.0 0.8633700000
21721.0 0.8634900000
21726.0 0.8629000000
21731.0 0.8638600000
21736.0 0.8629900000
21741.0 0.8625300000
21746.0 0.8615500000
21751.0 0.8618500000
21756.0 0.8608100000
21761.0 0.8611100000
21766.0 0.8588800000
21771.0 0.8582800000
21776.0 0.8580300000
21781.0 0.8567600000
21786.0 0.8547700000
21791.0 0.8527500000
21796.0 0.8510900000
21801.0 0.8494400000
21806.0 0.8469800000
21811.0 0.8456600000
21816.0 0.8418900000
21821.0 0.8389400000
21826.0 0.8368100000
21831.0 0.8345400000
21836.0 0.8311600000
21841.0 0.8282100000
21846.0 0.8233800000
21851.0 0.8200300000
21856.0 0.8160800000
21861.0 0.8127400000
21866.0 0.8085900000
21871.0 0.8043000000
21876.0 0.8001100000
21881.0 0.7959300000
21886.0 0.7920700000
21891.0 0.7878300000
21896.0 0.7839600000
21901.0 0.7801200000
21906.0 0.7767300000
21911.0 0.7723200000
21916.0 0.7691400000
21921.0 0.7650800000
21926.0 0.7615300000
21931.0 0.7587700000
21936.0 0.7565600000
21941.0 0.7537200000
21946.0 0.7501000000
21951.0 0.7482900000
21956.0 0.7465600000
21961.0 0.7453800000
21966.0 0.7439300000
21971.0 0.7415100000
21976.0 0.7397900000
21981.0 0.7393100000
21986.0 0.7391300000
21991.0 0.7383300000
21996.0 0.7377800000
22001.0 0.7374300000
22006.0 0.7381200000
22011.0 0.7380500000
22016.0 0.7377700000
22021.0 0.7387900000
22026.0 0.7382300000
22031.0 0.7393100000
22036.0 0.7399700000
22041.0 0.7409500000
22046.0 0.7409200000
22051.0 0.7422500000
22056.0 0.7426100000
22061.0 0.7436800000
22066.0 0.7445200000
22071.0 0.7447400000
22076.0 0.7462100000
22081.0 0.7468700000
22086.0 0.7482700000
22091.0 0.7485800000
22096.0 0.7487100000
22101.0 0.7496500000
22106.0 0.7499900000
22111.0 0.7503700000
22116.0 0.7505600000
22121.0 0.7508700000
22126.0 0.7510000000
22131.0 0.7507500000
22136.0 0.7498400000
22141.0 0.7501000000
22146.0 0.7491200000
22151.0 0.7482700000
22156.0 0.7474300000
22161.0 0.7463200000
22166.0 0.7444300000
22171.0 0.7435100000
22176.0 0.7412800000
22181.0 0.7393600000
22186.0 0.7377600000
22191.0 0.7357400000
22196.0 0.7327600000
22201.0 0.7296900000
22206.0 0.7269500000
22211.0 0.7239800000
22216.0 0.7205200000
22221.0 0.7168200000
22226.0 0.7126200000
22231.0 0.7083600000
22236.0 0.7041300000
22241.0 0.7002000000
22246.0 0.6966100000
22251.0 0.6922100000
22256.0 0.6869000000
22261.0 0.6818700000
22266.0 0.6771800000
22271.0 0.6723800000
22276.0 0.6679300000
22281.0 0.6631800000
22286.0 0.6583400000
22291.0 0.6532000000
22296.0 0.6480200000
22301.0 0.6431000000
22306.0 0.6394000000
22311.0 0.6350200000
22316.0 0.6300200000
22321.0 0.6257100000
22326.0 0.6213400000
22331.0 0.6173600000
22336.0 0.6141600000
22341.0 0.6107000000
22346.0 0.6073400000
22351.0 0.6050500000
22356.0 0.6014700000
22361.0 0.5987100000
22366.0 0.5962500000
22371.0 0.5944600000
22376.0 0.5927000000
22381.0 0.5912700000
22386.0 0.5897800000
22391.0 0.5885000000
22396.0 0.5877000000
22401.0 0.5872800000
22406.0 0.5871700000
22411.0 0.5867200000
22416.0 0.5864700000
22421.0 0.5877100000
22426.0 0.5883000000
22431.0 0.5892900000
22436.0 0.5906700000
22441.0 0.5910200000
22446.0 0.5922500000
22451.0 0.5942300000
22456.0 0.5966100000
22461.0 0.5979200000
22466.0 0.6002600000
22471.0 0.6024000000
22476.0 0.6041000000
22481.0 0.6069500000
22486.0 0.6098200000
22491.0 0.6112800000
22496.0 0.6137300000
22501.0 0.6157200000
22506.0 0.6186300000
22511.0 0.6220600000
22516.0 0.6243200000
22521.0 0.6269400000
22526.0 0.6294500000
22531.0 0.6321700000
22536.0 0.6346100000
22541.0 0.6371400000
22546.0 0.6400000000
22551.0 0.6431600000
22556.0 0.6457800000
22561.0 0.6487200000
22566.0 0.6518000000
22571.0 0.6542900000
22576.0 0.6575800000
22581.0 0.6606800000
22586.0 0.6636600000
22591.0 0.6678700000
22596.0 0.6705600000
22601.0 0.6731500000
22606.0 0.6770500000
22611.0 0.6805500000
22616.0 0.6841700000
22621.0 0.6873500000
22626.0 0.6898600000
22631.0 0.6920900000
22636.0 0.6950000000
22641.0 0.6977800000
22646.0 0.7001100000
22651.0 0.7013600000
22656.0 0.7022600000
22661.0 0.7037400000
22666.0 0.7039200000
22671.0 0.7035600000
22676.0 0.7025600000
22681.0 0.7018000000
22686.0 0.6998700000
22691.0 0.6974600000
22696.0 0.6948200000
22701.0 0.6908400000
22706.0 0.6860500000
22711.0 0.6811200000
22716.0 0.6763900000
22721.0 0.6711100000
22726.0 0.6639400000
22731.0 0.6567100000
22736.0 0.6488200000
22741.0 0.6404500000
22746.0 0.6320900000
22751.0 0.6237700000
22756.0 0.6153300000
22761.0 0.6063900000
22766.0 0.5970100000
22771.0 0.5873500000
22776.0 0.5781800000
22781.0 0.5697000000
22786.0 0.5613500000
22791.0 0.5530800000
22796.0 0.5445900000
22801.0 0.5368300000
22806.0 0.5289700000
22811.0 0.5230500000
22816.0 0.5178100000
22821.0 0.5131300000
22826.0 0.5087800000
22831.0 0.5050500000
22836.0 0.5034700000
22841.0 0.5028000000
22846.0 0.5028700000
22851.0 0.5039400000
22856.0 0.5058900000
22861.0 0.5096000000
22866.0 0.5149400000
22871.0 0.5209200000
22876.0 0.5261000000
22881.0 0.5325300000
22886.0 0.5415600000
22891.0 0.5501900000
22896.0 0.5604500000
22901.0 0.5706500000
22906.0 0.5798900000
22911.0 0.5895800000
22916.0 0.6010500000
22921.0 0.6118200000
22926.0 0.6235700000
22931.0 0.6336400000
22936.0 0.6429800000
22941.0 0.6532800000
22946.0 0.6602300000
22951.0 0.6668600000
22956.0 0.6743200000
22961.0 0.6759000000
22966.0 0.6777300000
22971.0 0.6771900000
22976.0 0.6709200000
22981.0 0.6642000000
22986.0 0.6534500000
22991.0 0.6352900000
22996.0 0.6170900000
23001.0 0.5964800000
23006.0 0.5707000000
23011.0 0.5436500000
23016.0 0.5114800000
23021.0 0.4748500000
23026.0 0.4414200000
23031.0 0.4094200000
23036.0 0.3763400000
23041.0 0.3456400000
23046.0 0.3123800000
23051.0 0.2808800000
23056.0 0.2524300000
23061.0 0.2279600000
23066.0 0.2053300000
23071.0 0.1840300000
23076.0 0.1654600000
23081.0 0.1456100000
23086.0 0.1302100000
23091.0 0.1162200000
23096.0 0.1039100000
23101.0 0.0938000000
23106.0 0.0845200000
23111.0 0.0742500000
23116.0 0.0668000000
23121.0 0.0594700000
23126.0 0.0534300000
23131.0 0.0489300000
23136.0 0.0444300000
23141.0 0.0390600000
23146.0 0.0352800000
23151.0 0.0317700000
23156.0 0.0289500000
23161.0 0.0265400000
23166.0 0.0238000000
23171.0 0.0216900000
23176.0 0.0198900000
23181.0 0.0179300000
23186.0 0.0162000000
23191.0 0.0157500000
23196.0 0.0137400000
23201.0 0.0126400000
23206.0 0.0115300000
23211.0 0.0103000000
23216.0 0.0095800000
23221.0 0.0093300000
23226.0 0.0084500000
23231.0 0.0077600000
23236.0 0.0067500000
23241.0 0.0065100000
23246.0 0.0064000000
23251.0 0.0056900000
23256.0 0.0053400000
23261.0 0.0048500000
