1710.575 2.55690e-14
1711.946 1.63760e-14
1713.317 1.67270e-14
1714.689 2.12070e-14
1716.060 2.43210e-14
1717.432 2.31730e-14
1718.803 1.68310e-14
1720.174 3.45430e-14
1721.546 3.44940e-14
1722.917 3.09770e-14
1724.289 3.24250e-14
1725.660 2.98930e-14
1727.032 3.67430e-14
1728.403 3.11120e-14
1729.775 3.06550e-14
1731.146 3.50380e-14
1732.518 3.28070e-14
1733.890 3.27920e-14
1735.261 3.45350e-14
1736.633 3.27480e-14
1738.004 3.43890e-14
1739.376 4.11690e-14
1740.748 4.56440e-14
1742.119 4.06830e-14
1743.491 4.31350e-14
1744.863 3.66610e-14
1746.234 3.81410e-14
1747.606 4.50820e-14
1748.978 4.50230e-14
1750.349 4.27660e-14
1751.721 4.48050e-14
1753.093 4.53200e-14
1754.465 5.06990e-14
1755.837 5.28660e-14
1757.208 5.17760e-14
1758.580 5.30820e-14
1759.952 4.95400e-14
1761.324 5.03890e-14
1762.696 5.04500e-14
1764.068 4.71090e-14
1765.439 5.77510e-14
1766.811 5.08490e-14
1768.183 5.54950e-14
1769.555 5.88470e-14
1770.927 6.13560e-14
1772.299 5.90880e-14
1773.671 6.02490e-14
1775.043 6.37360e-14
1776.415 6.29960e-14
1777.787 6.52170e-14
1779.159 6.88110e-14
1780.531 6.37840e-14
1781.903 6.62910e-14
1783.275 6.68090e-14
1784.647 6.79690e-14
1786.019 6.88050e-14
1787.391 7.41430e-14
1788.763 7.69150e-14
1790.135 7.99350e-14
1791.507 7.50420e-14
1792.880 7.18620e-14
1794.252 7.03190e-14
1795.624 6.98360e-14
1796.996 7.34280e-14
1798.368 7.81950e-14
1799.740 8.33970e-14
1801.113 8.33820e-14
1802.485 7.68510e-14
1803.857 7.37700e-14
1805.229 5.76640e-14
1806.602 5.76860e-14
1807.974 7.02040e-14
1809.346 8.20190e-14
1810.718 7.73010e-14
1812.091 7.25040e-14
1813.463 7.43050e-14
1814.835 7.60980e-14
1816.208 7.44880e-14
1817.580 7.33320e-14
1818.952 6.85190e-14
1820.325 7.97950e-14
1821.697 8.31340e-14
1823.069 8.37160e-14
1824.442 7.48930e-14
1825.814 7.98910e-14
1827.187 8.29430e-14
1828.559 8.55170e-14
1829.932 8.32480e-14
1831.304 8.69700e-14
1832.677 8.73550e-14
1834.049 8.41810e-14
1835.422 8.62030e-14
1836.794 8.27100e-14
1838.167 7.12010e-14
1839.539 6.77390e-14
1840.912 8.27920e-14
1842.284 7.35480e-14
1843.657 6.57410e-14
1845.029 5.65950e-14
1846.402 5.54730e-14
1847.774 6.53830e-14
1849.147 5.86460e-14
1850.520 6.47540e-14
1851.892 8.05630e-14
1853.265 9.02200e-14
1854.638 9.04560e-14
1856.010 8.81710e-14
1857.383 8.66420e-14
1858.756 9.18650e-14
1860.128 9.13340e-14
1861.501 9.21560e-14
1862.874 8.82020e-14
1864.246 9.49240e-14
1865.619 1.03970e-13
1866.992 1.04190e-13
1868.365 1.05120e-13
1869.737 1.03980e-13
1871.110 1.01470e-13
1872.483 1.00990e-13
1873.856 9.50760e-14
1875.229 9.53370e-14
1876.601 9.86050e-14
1877.974 1.02970e-13
1879.347 1.01140e-13
1880.720 1.10130e-13
1882.093 1.13490e-13
1883.466 1.17840e-13
1884.839 1.16840e-13
1886.212 1.10570e-13
1887.584 1.14800e-13
1888.957 1.15160e-13
1890.330 1.14480e-13
1891.703 1.14040e-13
1893.076 1.17970e-13
1894.449 1.12680e-13
1895.822 1.10070e-13
1897.195 1.02290e-13
1898.568 9.95070e-14
1899.941 1.02490e-13
1901.314 1.14330e-13
1902.687 1.15380e-13
1904.060 1.15340e-13
1905.433 1.19750e-13
1906.806 1.19560e-13
1908.179 1.16850e-13
1909.552 1.22350e-13
1910.925 1.24780e-13
1912.298 1.25260e-13
1913.671 1.31430e-13
1915.045 1.27950e-13
1916.418 1.28940e-13
1917.791 1.35780e-13
1919.164 1.37190e-13
1920.537 1.33380e-13
1921.910 1.32150e-13
1923.283 1.26280e-13
1924.656 1.27400e-13
1926.030 1.25380e-13
1927.403 1.11910e-13
1928.776 9.49620e-14
1930.149 1.01900e-13
1931.522 1.14720e-13
1932.896 1.19060e-13
1934.269 1.20760e-13
1935.642 1.28040e-13
1937.015 1.42400e-13
1938.389 1.41470e-13
1939.762 1.46020e-13
1941.135 1.49780e-13
1942.508 1.45360e-13
1943.882 1.43500e-13
1945.255 1.44270e-13
1946.628 1.48980e-13
1948.002 1.44030e-13
1949.375 1.42340e-13
1950.748 1.38270e-13
1952.122 1.49200e-13
1953.495 1.42660e-13
1954.868 1.42480e-13
1956.242 1.42950e-13
1957.615 1.47470e-13
1958.988 1.40020e-13
1960.362 1.41210e-13
1961.735 1.43220e-13
1963.109 1.51600e-13
1964.482 1.57780e-13
1965.855 1.58880e-13
1967.229 1.61390e-13
1968.602 1.59770e-13
1969.976 1.55830e-13
1971.349 1.53350e-13
1972.723 1.49430e-13
1974.096 1.48870e-13
1975.470 1.48170e-13
1976.843 1.43240e-13
1978.217 1.46590e-13
1979.590 1.49340e-13
1980.964 1.50630e-13
1982.337 1.48150e-13
1983.711 1.45490e-13
1985.084 1.45100e-13
1986.458 1.43590e-13
1987.831 1.41080e-13
1989.205 1.48920e-13
1990.578 1.53880e-13
1991.952 1.52880e-13
1993.326 1.53280e-13
1994.699 1.56580e-13
1996.073 1.57860e-13
1997.447 1.52750e-13
1998.820 1.52670e-13
2000.194 1.56540e-13
2001.567 1.58910e-13
2002.941 1.52970e-13
2004.315 1.59190e-13
2005.688 1.54220e-13
2007.062 1.60880e-13
2008.436 1.61040e-13
2009.809 1.52830e-13
2011.183 1.61990e-13
2012.557 1.63990e-13
2013.930 1.65480e-13
2015.304 1.61900e-13
2016.678 1.65650e-13
2018.052 1.59840e-13
2019.425 1.58260e-13
2020.799 1.56990e-13
2022.173 1.57300e-13
2023.547 1.46530e-13
2024.920 1.39940e-13
2026.294 1.61360e-13
2027.668 1.68390e-13
2029.042 1.74290e-13
2030.415 1.73470e-13
2031.789 1.65460e-13
2033.163 1.69530e-13
2034.537 1.70530e-13
2035.911 1.76030e-13
2037.284 1.71380e-13
2038.658 1.71870e-13
2040.032 1.78300e-13
2041.406 1.87080e-13
2042.780 1.85090e-13
2044.153 1.89200e-13
2045.527 1.92970e-13
2046.901 1.95090e-13
2048.275 1.94750e-13
2049.649 1.91330e-13
2051.023 1.92420e-13
2052.397 1.82830e-13
2053.771 1.68280e-13
2055.145 1.69450e-13
2056.518 1.74510e-13
2057.892 1.77350e-13
2059.266 1.79620e-13
2060.640 1.70170e-13
2062.014 1.79800e-13
2063.388 1.83510e-13
2064.762 1.82190e-13
2066.136 1.86960e-13
2067.510 1.94550e-13
2068.884 1.96640e-13
2070.258 2.02370e-13
2071.632 2.03460e-13
2073.006 2.06770e-13
2074.380 2.12150e-13
2075.754 2.09900e-13
2077.128 2.07970e-13
2078.502 2.06820e-13
2079.875 1.98510e-13
2081.250 1.99010e-13
2082.624 1.99570e-13
2083.998 2.02990e-13
2085.372 2.09280e-13
2086.746 2.06770e-13
2088.120 2.05900e-13
2089.494 2.03280e-13
2090.868 2.05640e-13
2092.242 1.99430e-13
2093.616 1.97430e-13
2094.990 2.05280e-13
2096.364 2.04190e-13
2097.738 2.04230e-13
2099.112 1.98200e-13
2100.486 2.01440e-13
2101.860 1.95780e-13
2103.234 2.07480e-13
2104.609 2.08760e-13
2105.983 1.97380e-13
2107.357 1.89920e-13
2108.731 1.89580e-13
2110.105 1.96060e-13
2111.479 1.94350e-13
2112.853 1.97030e-13
2114.227 2.10050e-13
2115.602 2.17650e-13
2116.976 2.17010e-13
2118.350 2.17480e-13
2119.724 2.13250e-13
2121.098 1.90270e-13
2122.472 1.67890e-13
2123.846 1.75440e-13
2125.221 1.99390e-13
2126.595 1.98330e-13
2127.969 1.92060e-13
2129.343 1.84130e-13
2130.717 1.77740e-13
2132.092 1.71750e-13
2133.466 1.69970e-13
2134.840 1.86060e-13
2136.214 1.95620e-13
2137.588 1.91990e-13
2138.963 2.00840e-13
2140.337 2.11220e-13
2141.711 2.12700e-13
2143.085 2.09820e-13
2144.459 2.06260e-13
2145.834 2.02310e-13
2147.208 2.05290e-13
2148.582 2.02730e-13
2149.957 1.94580e-13
2151.331 2.07220e-13
2152.705 2.09490e-13
2154.079 2.06330e-13
2155.453 2.05350e-13
2156.828 1.93070e-13
2158.202 1.85020e-13
2159.576 1.97950e-13
2160.951 2.05580e-13
2162.325 2.04490e-13
2163.699 1.91790e-13
2165.073 1.83120e-13
2166.448 1.92140e-13
2167.822 1.97360e-13
2169.196 2.03510e-13
2170.571 2.02150e-13
2171.945 1.98970e-13
2173.319 1.92520e-13
2174.694 1.96610e-13
2176.068 2.00100e-13
2177.442 2.16650e-13
2178.816 2.28340e-13
2180.191 2.37470e-13
2181.565 2.30450e-13
2182.939 2.19830e-13
2184.314 2.19670e-13
2185.688 2.07300e-13
2187.062 2.19980e-13
2188.437 2.26730e-13
2189.811 2.27870e-13
2191.186 2.34060e-13
2192.560 2.47110e-13
2193.934 2.48400e-13
2195.309 2.44340e-13
2196.683 2.48920e-13
2198.057 2.43020e-13
2199.432 2.29880e-13
2200.806 2.42800e-13
2202.180 2.51030e-13
2203.555 2.44960e-13
2204.929 2.28740e-13
2206.304 2.18670e-13
2207.678 2.09670e-13
2209.052 1.91120e-13
2210.427 1.98030e-13
2211.801 2.18150e-13
2213.176 2.17530e-13
2214.550 2.08200e-13
2215.924 1.98810e-13
2217.299 2.22200e-13
2218.673 2.30660e-13
2220.048 2.33840e-13
2221.422 2.33980e-13
2222.796 2.33700e-13
2224.171 2.33080e-13
2225.545 2.31800e-13
2226.920 2.37130e-13
2228.294 2.46990e-13
2229.668 2.49680e-13
2231.043 2.57510e-13
2232.417 2.59920e-13
2233.792 2.62420e-13
2235.166 2.60330e-13
2236.541 2.59320e-13
2237.915 2.62440e-13
2239.290 2.53050e-13
2240.664 2.40090e-13
2242.039 2.36190e-13
2243.413 2.32770e-13
2244.787 2.41680e-13
2246.162 2.38400e-13
2247.536 2.26930e-13
2248.911 2.24570e-13
2250.285 2.28780e-13
2251.660 2.23280e-13
2253.034 2.19030e-13
2254.408 2.24170e-13
2255.783 2.35270e-13
2257.157 2.30890e-13
2258.532 2.20420e-13
2259.906 2.28670e-13
2261.281 2.34920e-13
2262.655 2.26820e-13
2264.030 2.21050e-13
2265.404 2.17180e-13
2266.779 2.19190e-13
2268.153 2.28560e-13
2269.528 2.33400e-13
2270.902 2.35590e-13
2272.277 2.35480e-13
2273.651 2.30070e-13
2275.026 2.30040e-13
2276.400 2.38220e-13
2277.774 2.41790e-13
2279.149 2.50650e-13
2280.523 2.61550e-13
2281.898 2.47930e-13
2283.272 2.54170e-13
2284.647 2.50710e-13
2286.021 2.37420e-13
2287.396 2.45330e-13
2288.770 2.37880e-13
2290.145 2.37100e-13
2291.519 2.40010e-13
2292.894 2.40590e-13
2294.268 2.35920e-13
2295.643 2.15140e-13
2297.017 2.08510e-13
2298.392 2.23210e-13
2299.766 2.31490e-13
2301.141 2.34680e-13
2302.515 2.38230e-13
2303.890 2.56310e-13
2305.264 2.54870e-13
2306.639 2.49670e-13
2308.013 2.50960e-13
2309.388 2.39120e-13
2310.762 2.22070e-13
2312.137 2.27420e-13
2313.511 2.43050e-13
2314.886 2.50950e-13
2316.260 2.50430e-13
2317.635 2.45860e-13
2319.009 2.41410e-13
2320.384 2.54640e-13
2321.758 2.63040e-13
2323.133 2.47730e-13
2324.507 2.25050e-13
2325.882 2.24620e-13
2327.256 2.46400e-13
2328.631 2.38340e-13
2330.005 2.07120e-13
2331.380 2.00050e-13
2332.754 2.21060e-13
2334.129 2.36460e-13
2335.503 2.14440e-13
2336.877 1.99420e-13
2338.252 2.16360e-13
2339.626 2.19050e-13
2341.001 1.90090e-13
2342.375 1.48890e-13
2343.750 1.55550e-13
2345.125 1.71680e-13
2346.499 1.74210e-13
2347.874 2.10910e-13
2349.248 2.37800e-13
2350.622 2.49820e-13
2351.997 2.43060e-13
2353.371 2.31600e-13
2354.746 2.44900e-13
2356.120 2.39800e-13
2357.495 1.98910e-13
2358.869 1.82220e-13
2360.244 2.16590e-13
2361.618 2.26650e-13
2362.993 2.13110e-13
2364.367 2.14890e-13
2365.742 2.25200e-13
2367.116 2.34720e-13
2368.491 2.44860e-13
2369.865 2.48680e-13
2371.240 2.30600e-13
2372.614 2.06680e-13
2373.989 2.25560e-13
2375.363 2.45550e-13
2376.738 2.23760e-13
2378.112 1.85750e-13
2379.486 1.46760e-13
2380.861 1.17400e-13
2382.235 1.57220e-13
2383.610 2.08570e-13
2384.984 2.25140e-13
2386.359 1.94920e-13
2387.733 1.98310e-13
2389.108 2.39120e-13
2390.482 2.47180e-13
2391.856 2.33730e-13
2393.231 1.82050e-13
2394.605 1.66020e-13
2395.980 2.00160e-13
2397.354 1.95180e-13
2398.729 2.08440e-13
2400.103 2.31860e-13
2401.478 2.14780e-13
2402.852 1.71660e-13
2404.227 1.56300e-13
2405.601 1.79570e-13
2406.975 2.06720e-13
2408.350 1.89960e-13
2409.724 1.66940e-13
2411.099 1.95970e-13
2412.473 2.11790e-13
2413.847 2.42530e-13
2415.222 2.51970e-13
2416.596 2.62770e-13
2417.971 2.74920e-13
2419.345 2.88020e-13
2420.719 2.83100e-13
2422.094 2.58970e-13
2423.468 2.59170e-13
2424.843 2.77360e-13
2426.217 2.77400e-13
2427.592 2.66300e-13
2428.966 2.71700e-13
2430.340 2.74590e-13
2431.715 2.58470e-13
2433.089 2.44390e-13
2434.463 2.40710e-13
2435.838 2.52260e-13
2437.212 2.58260e-13
2438.586 2.62250e-13
2439.961 2.81990e-13
2441.335 2.84350e-13
2442.710 2.71980e-13
2444.084 2.65790e-13
2445.458 2.65090e-13
2446.833 2.68520e-13
2448.207 2.60720e-13
2449.581 2.51190e-13
2450.956 2.55050e-13
2452.330 2.58920e-13
2453.704 2.67280e-13
2455.079 2.72130e-13
2456.453 2.76040e-13
2457.827 2.68680e-13
2459.202 2.58610e-13
2460.576 2.43280e-13
2461.950 2.45680e-13
2463.325 2.55080e-13
2464.699 2.56650e-13
2466.073 2.55890e-13
2467.448 2.63380e-13
2468.822 2.61060e-13
2470.196 2.54840e-13
2471.571 2.45530e-13
2472.945 2.64700e-13
2474.319 2.58000e-13
2475.693 2.47380e-13
2477.068 2.38860e-13
2478.442 2.44930e-13
2479.816 2.56150e-13
2481.190 2.25760e-13
2482.565 2.12130e-13
2483.939 2.42820e-13
2485.313 2.42030e-13
2486.688 2.18310e-13
2488.062 2.01890e-13
2489.436 2.04290e-13
2490.810 2.26000e-13
2492.185 2.54490e-13
2493.559 2.80100e-13
2494.933 2.82350e-13
2496.307 2.80840e-13
2497.681 2.85010e-13
2499.056 2.80230e-13
2500.430 2.59680e-13
2501.804 2.67930e-13
2503.178 2.59260e-13
2504.552 2.26200e-13
2505.927 2.26560e-13
2507.301 2.71120e-13
2508.675 2.72440e-13
2510.049 2.43730e-13
2511.424 2.25770e-13
2512.798 1.84680e-13
2514.172 1.62730e-13
2515.546 1.66940e-13
2516.920 1.89520e-13
2518.294 2.00430e-13
2519.668 2.16640e-13
2521.043 1.91380e-13
2522.417 1.68770e-13
2523.791 1.77470e-13
2525.165 1.83590e-13
2526.539 1.61000e-13
2527.913 1.64660e-13
2529.287 2.18210e-13
2530.662 2.38400e-13
2532.036 2.31720e-13
2533.410 2.23110e-13
2534.784 2.16850e-13
2536.158 2.21820e-13
2537.532 2.23630e-13
2538.906 2.33260e-13
2540.280 2.31120e-13
2541.654 2.44830e-13
2543.028 2.39790e-13
2544.402 2.32440e-13
2545.776 2.34950e-13
2547.150 2.20510e-13
2548.524 2.27450e-13
2549.899 2.71740e-13
2551.273 2.86220e-13
2552.647 2.91630e-13
2554.021 2.87790e-13
2555.395 2.87540e-13
2556.769 2.97430e-13
2558.143 2.93970e-13
2559.517 2.82310e-13
2560.891 2.52510e-13
2562.265 2.57010e-13
2563.639 3.01100e-13
2565.013 3.04330e-13
2566.387 3.00940e-13
2567.760 3.04800e-13
2569.135 3.07530e-13
2570.509 3.07170e-13
2571.883 3.12210e-13
2573.256 2.98360e-13
2574.630 2.78310e-13
2576.004 2.90760e-13
2577.378 3.12500e-13
2578.752 3.18860e-13
2580.126 3.09210e-13
2581.500 2.95120e-13
2582.874 2.89600e-13
2584.248 2.47180e-13
2585.622 2.84410e-13
2586.996 3.14220e-13
2588.369 3.35340e-13
2589.743 3.12850e-13
2591.117 2.99470e-13
2592.491 2.93620e-13
2593.865 3.13990e-13
2595.239 2.72080e-13
2596.613 1.90160e-13
2597.986 1.70790e-13
2599.360 2.60560e-13
2600.734 3.05520e-13
2602.108 3.01220e-13
2603.482 2.61620e-13
2604.855 2.22640e-13
2606.229 2.40750e-13
2607.603 2.74460e-13
2608.977 2.49220e-13
2610.351 2.05070e-13
2611.724 2.25330e-13
2613.098 2.68450e-13
2614.472 3.10630e-13
2615.846 2.81000e-13
2617.219 2.91540e-13
2618.593 3.04310e-13
2619.967 2.99890e-13
2621.341 3.12410e-13
2622.714 3.01990e-13
2624.088 2.69490e-13
2625.462 2.75270e-13
2626.835 2.54050e-13
2628.209 2.43860e-13
2629.583 2.15810e-13
2630.956 2.70650e-13
2632.330 3.31090e-13
2633.704 3.49450e-13
2635.077 3.60020e-13
2636.451 3.72280e-13
2637.824 3.77740e-13
2639.198 3.78790e-13
2640.572 3.87440e-13
2641.945 3.87470e-13
2643.319 3.81580e-13
2644.693 3.80210e-13
2646.066 3.83010e-13
2647.440 3.82310e-13
2648.813 3.88300e-13
2650.187 3.84240e-13
2651.561 3.82790e-13
2652.934 3.94810e-13
2654.308 3.96040e-13
2655.681 3.88140e-13
2657.055 3.77190e-13
2658.428 3.79570e-13
2659.802 3.61510e-13
2661.175 3.47220e-13
2662.549 3.42140e-13
2663.922 3.52040e-13
2665.296 3.42640e-13
2666.669 3.47680e-13
2668.042 3.53100e-13
2669.416 3.63820e-13
2670.789 3.62020e-13
2672.163 3.78140e-13
2673.536 3.85380e-13
2674.910 3.71340e-13
2676.283 3.51340e-13
2677.656 3.50300e-13
2679.030 3.72470e-13
2680.403 3.76090e-13
2681.777 3.74550e-13
2683.150 3.74320e-13
2684.523 3.75760e-13
2685.897 3.61710e-13
2687.270 3.46030e-13
2688.643 3.45880e-13
2690.017 3.56240e-13
2691.390 3.59400e-13
2692.763 3.57930e-13
2694.137 3.52160e-13
2695.510 3.51480e-13
2696.883 3.50380e-13
2698.257 3.71800e-13
2699.630 3.65380e-13
2701.003 3.73410e-13
2702.376 3.74840e-13
2703.750 3.64490e-13
2705.123 3.50530e-13
2706.496 3.55580e-13
2707.869 3.49680e-13
2709.242 3.50930e-13
2710.615 3.49560e-13
2711.989 3.49900e-13
2713.362 3.37860e-13
2714.735 3.46600e-13
2716.108 3.39230e-13
2717.481 3.32340e-13
2718.854 3.37710e-13
2720.228 3.46290e-13
2721.601 3.40900e-13
2722.974 3.35510e-13
2724.347 3.35080e-13
2725.720 3.30600e-13
2727.093 3.54090e-13
2728.466 3.64810e-13
2729.839 3.56720e-13
2731.212 3.43060e-13
2732.585 3.35570e-13
2733.958 3.26520e-13
2735.331 3.02970e-13
2736.704 3.10530e-13
2738.077 2.92750e-13
2739.450 3.04100e-13
2740.823 2.76780e-13
2742.196 2.87150e-13
2743.569 2.96050e-13
2744.942 2.57630e-13
2746.315 2.77800e-13
2747.688 2.56420e-13
2749.061 2.96860e-13
2750.434 3.32670e-13
2751.807 3.20510e-13
2753.180 2.89450e-13
2754.553 2.81820e-13
2755.926 3.34280e-13
2757.298 3.54880e-13
2758.671 3.45530e-13
2760.044 3.34890e-13
2761.417 3.42140e-13
2762.790 3.60320e-13
2764.163 3.54330e-13
2765.535 3.45500e-13
2766.908 3.41360e-13
2768.281 3.54140e-13
2769.654 3.60770e-13
2771.026 3.65720e-13
2772.399 3.70250e-13
2773.772 3.52160e-13
2775.145 3.39750e-13
2776.517 3.22780e-13
2777.890 3.18150e-13
2779.263 3.23060e-13
2780.635 3.27380e-13
2782.008 3.28140e-13
2783.381 3.34360e-13
2784.753 3.23410e-13
2786.126 2.92190e-13
2787.499 2.54950e-13
2788.871 2.01520e-13
2790.244 1.47190e-13
2791.616 9.33780e-14
2792.989 6.41250e-14
2794.362 5.88980e-14
2795.734 7.29270e-14
2797.107 9.56160e-14
2798.479 9.56830e-14
2799.852 7.40820e-14
2801.224 7.55720e-14
2802.597 1.14290e-13
2803.969 1.82070e-13
2805.342 2.48480e-13
2806.714 2.97470e-13
2808.087 3.15850e-13
2809.459 3.27830e-13
2810.832 3.44970e-13
2812.204 3.62330e-13
2813.576 3.74450e-13
2814.949 3.75820e-13
2816.321 3.80150e-13
2817.694 3.88430e-13
2819.066 3.88910e-13
2820.438 3.91530e-13
2821.811 3.94530e-13
2823.183 3.91920e-13
2824.555 3.87690e-13
2825.928 3.89060e-13
2827.300 3.89010e-13
2828.672 3.90710e-13
2830.045 3.87640e-13
2831.417 3.88860e-13
2832.789 3.77190e-13
2834.161 3.67370e-13
2835.534 3.87490e-13
2836.906 3.84370e-13
2838.278 3.71010e-13
2839.650 3.75640e-13
2841.022 3.66880e-13
2842.395 3.66240e-13
2843.767 3.71790e-13
2845.139 3.64040e-13
2846.511 3.34700e-13
2847.883 2.95630e-13
2849.255 2.28610e-13
2850.627 2.14640e-13
2851.999 2.95540e-13
2853.371 3.40760e-13
2854.743 3.56120e-13
2856.115 3.71070e-13
2857.488 3.90830e-13
2858.860 3.97390e-13
2860.232 3.88480e-13
2861.604 3.90440e-13
2862.976 3.88100e-13
2864.347 3.78760e-13
2865.719 3.74100e-13
2867.091 3.76090e-13
2868.463 3.91390e-13
2869.835 4.00830e-13
2871.207 3.94140e-13
2872.579 3.84680e-13
2873.951 3.77070e-13
2875.323 3.77330e-13
2876.695 3.72300e-13
2878.066 3.46070e-13
2879.438 3.05840e-13
2880.810 3.57060e-13
2882.182 3.98860e-13
2883.554 4.11870e-13
2884.926 4.11730e-13
2886.297 3.98810e-13
2887.669 3.90030e-13
2889.041 3.94710e-13
2890.412 3.80100e-13
2891.784 3.85070e-13
2893.156 4.00890e-13
2894.528 4.14300e-13
2895.899 4.22240e-13
2897.271 4.29690e-13
2898.643 4.39530e-13
2900.014 4.36920e-13
2901.386 4.45160e-13
2902.757 4.51050e-13
2904.129 4.37310e-13
2905.500 4.20250e-13
2906.872 4.14620e-13
2908.244 4.10010e-13
2909.615 4.22670e-13
2910.987 4.37070e-13
2912.358 4.37650e-13
2913.730 4.31520e-13
2915.101 4.30060e-13
2916.473 4.28790e-13
2917.844 4.30230e-13
2919.215 4.25050e-13
2920.587 4.18550e-13
2921.958 4.00390e-13
2923.330 4.06310e-13
2924.701 4.07560e-13
2926.073 4.03480e-13
2927.444 4.07030e-13
2928.815 4.38020e-13
2930.187 4.37110e-13
2931.558 4.34600e-13
2932.929 4.27690e-13
2934.300 4.01650e-13
2935.672 4.04000e-13
2937.043 4.13650e-13
2938.414 4.22310e-13
2939.785 4.21090e-13
2941.156 4.32180e-13
2942.528 4.16010e-13
2943.899 4.28510e-13
2945.270 4.06790e-13
2946.641 3.98810e-13
2948.012 4.23240e-13
2949.383 4.35480e-13
2950.754 4.25050e-13
2952.125 4.15100e-13
2953.497 4.43600e-13
2954.868 4.38690e-13
2956.239 4.42990e-13
2957.610 4.39430e-13
2958.981 4.43840e-13
2960.352 4.52610e-13
2961.723 4.32080e-13
2963.094 4.06720e-13
2964.465 4.07920e-13
2965.836 4.16890e-13
2967.207 4.03090e-13
2968.578 3.98080e-13
2969.948 4.24260e-13
2971.319 4.27800e-13
2972.690 4.48750e-13
2974.061 4.43370e-13
2975.432 4.57330e-13
2976.803 4.47320e-13
2978.174 4.29150e-13
2979.544 4.19800e-13
2980.915 4.15540e-13
2982.286 3.93190e-13
2983.656 3.95240e-13
2985.027 4.15000e-13
2986.398 4.34090e-13
2987.769 4.53470e-13
2989.139 4.58990e-13
2990.510 4.51980e-13
2991.881 4.43600e-13
2993.251 4.45660e-13
2994.622 4.59650e-13
2995.992 4.56920e-13
2997.363 4.29490e-13
2998.734 4.14440e-13
3000.104 4.11310e-13
3001.475 4.21830e-13
3002.845 4.51090e-13
3004.216 4.48260e-13
3005.586 4.32330e-13
3006.957 4.45400e-13
3008.327 4.58250e-13
3009.698 4.56430e-13
3011.068 4.57420e-13
3012.438 4.47050e-13
3013.809 4.36400e-13
3015.179 4.24050e-13
3016.550 4.14420e-13
3017.920 3.85480e-13
3019.290 3.97290e-13
3020.661 4.53400e-13
3022.031 4.52210e-13
3023.401 4.40290e-13
3024.771 4.53490e-13
3026.142 4.69880e-13
3027.512 4.55290e-13
3028.882 4.44360e-13
3030.252 4.50640e-13
3031.623 4.61560e-13
3032.993 4.64440e-13
3034.363 4.58150e-13
3035.733 4.45200e-13
3037.103 4.62050e-13
3038.473 4.49460e-13
3039.843 4.38090e-13
3041.213 4.50510e-13
3042.583 4.58230e-13
3043.953 4.59040e-13
3045.323 4.47710e-13
3046.694 4.56770e-13
3048.063 4.68840e-13
3049.433 4.71590e-13
3050.803 4.70950e-13
3052.173 4.57310e-13
3053.543 4.53490e-13
3054.913 4.29920e-13
3056.283 4.18800e-13
3057.653 4.37700e-13
3059.023 4.55460e-13
3060.393 4.49660e-13
3061.762 4.34910e-13
3063.132 4.18080e-13
3064.502 4.01140e-13
3065.353 4.28640e-13
3068.099 4.42630e-13
3070.845 4.44280e-13
3073.591 4.47690e-13
3076.337 4.49650e-13
3079.083 4.58560e-13
3081.829 4.56940e-13
3084.575 4.40270e-13
3087.322 4.23050e-13
3090.068 4.18130e-13
3092.814 4.21900e-13
3095.560 4.13600e-13
3098.307 4.17620e-13
3101.053 4.39290e-13
3103.799 4.56420e-13
3106.545 4.64730e-13
3109.292 4.67340e-13
3112.038 4.61360e-13
3114.784 4.41170e-13
3117.531 4.37200e-13
3120.277 4.45910e-13
3123.024 4.46540e-13
3125.770 4.53320e-13
3128.516 4.51440e-13
3131.263 4.58540e-13
3134.009 4.59830e-13
3136.756 4.60220e-13
3139.502 4.46710e-13
3142.249 4.39970e-13
3144.995 4.61640e-13
3147.742 4.67820e-13
3150.489 4.57600e-13
3153.235 4.45470e-13
3155.982 4.33490e-13
3158.729 4.37340e-13
3161.475 4.57270e-13
3164.222 4.66000e-13
3166.969 4.79220e-13
3169.715 4.87720e-13
3172.462 4.78020e-13
3175.208 4.51040e-13
3177.955 4.33650e-13
3180.702 4.45490e-13
3183.449 4.58560e-13
3186.196 4.60510e-13
3188.942 4.46710e-13
3191.689 4.51600e-13
3194.436 4.64840e-13
3197.183 4.77010e-13
3199.930 4.85220e-13
3202.677 4.87950e-13
3205.424 4.74210e-13
3208.170 4.50560e-13
3210.917 4.45030e-13
3213.664 4.56360e-13
3216.411 4.69230e-13
3219.158 4.70170e-13
3221.905 4.61290e-13
3224.652 4.44950e-13
3227.399 4.41850e-13
3230.146 4.42880e-13
3232.893 4.43380e-13
3235.640 4.60610e-13
3238.387 4.70780e-13
3241.135 4.75620e-13
3243.882 4.73170e-13
3246.629 4.68230e-13
3249.376 4.73060e-13
3252.123 4.85200e-13
3254.870 5.02250e-13
3257.617 5.01040e-13
3260.365 5.01010e-13
3263.112 4.98100e-13
3265.859 5.01650e-13
3268.606 4.95740e-13
3271.354 4.90800e-13
3274.101 4.81170e-13
3276.848 4.85510e-13
3279.595 4.97300e-13
3282.343 4.97180e-13
3285.090 4.95890e-13
3287.837 5.10430e-13
3290.585 5.18560e-13
3293.332 5.20070e-13
3296.079 5.20640e-13
3298.827 5.15410e-13
3301.574 5.07600e-13
3304.322 5.04460e-13
3307.069 5.13320e-13
3309.816 5.15550e-13
3312.564 5.09230e-13
3315.311 5.07380e-13
3318.059 5.00120e-13
3320.806 4.96590e-13
3323.554 5.01540e-13
3326.301 5.00440e-13
3329.049 5.04700e-13
3331.796 5.00170e-13
3334.544 4.95560e-13
3337.292 4.91860e-13
3340.039 4.98360e-13
3342.787 5.00580e-13
3345.534 4.81770e-13
3348.282 4.94300e-13
3351.030 5.06550e-13
3353.777 5.07230e-13
3356.525 4.88060e-13
3359.272 4.87000e-13
3362.020 5.03000e-13
3364.768 4.93400e-13
3367.515 4.79500e-13
3370.263 4.84790e-13
3373.011 5.05730e-13
3375.759 4.90250e-13
3378.506 4.85110e-13
3381.254 4.98880e-13
3384.002 5.06580e-13
3386.750 5.05010e-13
3389.497 4.93880e-13
3392.245 5.02940e-13
3394.993 5.23660e-13
3397.741 5.20350e-13
3400.489 5.03540e-13
3403.237 4.96870e-13
3405.984 4.97840e-13
3408.732 4.99820e-13
3411.480 4.98540e-13
3414.228 5.10000e-13
3416.976 5.17510e-13
3419.724 5.09150e-13
3422.472 5.10270e-13
3425.219 5.17820e-13
3427.968 5.25100e-13
3430.715 5.21900e-13
3433.463 5.17640e-13
3436.211 4.98440e-13
3438.959 4.82890e-13
3441.707 4.89880e-13
3444.455 5.10430e-13
3447.203 5.14100e-13
3449.951 5.09360e-13
3452.699 5.17500e-13
3455.447 5.10690e-13
3458.195 5.07050e-13
3460.943 5.13980e-13
3463.691 5.16080e-13
3466.439 5.21630e-13
3469.188 5.12800e-13
3471.936 4.97070e-13
3474.684 5.05400e-13
3477.432 5.21520e-13
3480.180 5.20620e-13
3482.928 5.20930e-13
3485.676 5.09200e-13
3488.424 5.00930e-13
3491.173 5.03880e-13
3493.921 5.03820e-13
3496.669 5.14320e-13
3499.417 5.18480e-13
3502.165 5.15580e-13
3504.913 5.14440e-13
3507.662 5.06860e-13
3510.410 5.03710e-13
3513.158 5.11800e-13
3515.906 5.14390e-13
3518.655 5.05190e-13
3521.403 4.96090e-13
3524.151 4.94210e-13
3526.899 5.14050e-13
3529.647 5.19430e-13
3532.396 5.24680e-13
3535.144 5.27680e-13
3537.892 5.26560e-13
3540.641 5.33360e-13
3543.389 5.37990e-13
3546.137 5.37580e-13
3548.885 5.35290e-13
3551.634 5.28640e-13
3554.382 5.23650e-13
3557.131 5.30530e-13
3559.879 5.27880e-13
3562.627 5.08750e-13
3565.376 5.00360e-13
3568.124 4.89850e-13
3570.872 4.97320e-13
3573.621 5.06370e-13
3576.369 5.07600e-13
3579.117 4.97400e-13
3581.866 4.84180e-13
3584.614 4.79480e-13
3587.363 5.02340e-13
3590.111 5.20200e-13
3592.860 5.24870e-13
3595.608 5.30500e-13
3598.356 5.26600e-13
3601.105 5.11910e-13
3603.853 5.10600e-13
3606.602 5.06970e-13
3609.350 5.11950e-13
3612.099 5.15630e-13
3614.847 5.10060e-13
3617.596 5.10840e-13
3620.344 5.22730e-13
3623.093 5.32830e-13
3625.841 5.26940e-13
3628.590 5.07120e-13
3631.338 5.15040e-13
3634.087 5.25720e-13
3636.835 5.27920e-13
3639.584 5.18170e-13
3642.332 5.16820e-13
3645.081 5.17760e-13
3647.829 5.24120e-13
3650.578 5.36580e-13
3653.326 5.45280e-13
3656.075 5.46710e-13
3658.823 5.46930e-13
3661.572 5.46010e-13
3664.321 5.43990e-13
3667.069 5.40460e-13
3669.818 5.46760e-13
3672.566 5.38190e-13
3675.315 5.26660e-13
3678.063 5.26690e-13
3680.812 5.24700e-13
3683.561 5.20560e-13
3686.309 5.32500e-13
3689.058 5.45290e-13
3691.807 5.48000e-13
3694.555 5.49230e-13
3697.304 5.54700e-13
3700.052 5.35620e-13
3702.801 5.16820e-13
3705.550 5.28930e-13
3708.298 5.29530e-13
3711.047 5.50880e-13
3713.796 5.78910e-13
3716.544 5.42580e-13
3719.293 5.09560e-13
3722.042 5.53920e-13
3724.790 5.82890e-13
3727.539 5.66180e-13
3730.287 5.08730e-13
3733.036 4.93370e-13
3735.785 5.60670e-13
3738.533 5.99560e-13
3741.282 5.80110e-13
3744.031 5.31800e-13
3746.780 4.88800e-13
3749.528 5.38390e-13
3752.277 6.02370e-13
3755.025 6.16350e-13
3757.774 6.17260e-13
3760.523 6.22270e-13
3763.271 5.92060e-13
3766.020 5.31490e-13
3768.769 5.21680e-13
3771.518 5.92100e-13
3774.266 6.52420e-13
3777.015 6.87140e-13
3779.764 7.00470e-13
3782.512 6.85840e-13
3785.261 6.67220e-13
3788.010 6.50330e-13
3790.759 5.99000e-13
3793.507 5.22870e-13
3796.256 5.15950e-13
3799.005 6.04040e-13
3801.753 6.59740e-13
3804.502 6.78670e-13
3807.251 7.02470e-13
3810.000 6.91850e-13
3812.748 6.82710e-13
3815.497 6.92800e-13
3818.246 6.79150e-13
3820.995 6.66270e-13
3823.743 6.35330e-13
3826.492 5.98510e-13
3829.241 5.36520e-13
3831.990 4.80580e-13
3834.738 5.03040e-13
3837.487 5.84550e-13
3840.236 6.53130e-13
3842.984 6.90330e-13
3845.733 7.12380e-13
3848.482 7.25420e-13
3851.230 7.34020e-13
3853.979 7.24850e-13
3856.728 7.24380e-13
3859.477 7.39010e-13
3862.226 7.45630e-13
3864.974 7.49270e-13
3867.723 7.33350e-13
3870.472 7.10970e-13
3873.220 7.04720e-13
3875.969 6.79270e-13
3878.718 6.68580e-13
3881.467 6.15100e-13
3884.215 5.27100e-13
3886.964 5.07210e-13
3889.713 5.81480e-13
3892.461 6.39810e-13
3895.210 6.61880e-13
3897.959 6.79490e-13
3900.708 6.91480e-13
3903.456 7.01880e-13
3906.205 7.31300e-13
3908.954 7.42330e-13
3911.703 7.35050e-13
3914.451 7.24030e-13
3917.200 7.19880e-13
3919.949 7.12970e-13
3922.698 6.86930e-13
3925.446 6.07040e-13
3928.195 4.62070e-13
3930.944 3.70670e-13
3933.692 4.92840e-13
3936.441 6.31650e-13
3939.190 6.87810e-13
3941.938 7.03320e-13
3944.687 7.14750e-13
3947.436 7.10190e-13
3950.185 7.11570e-13
3952.933 6.99730e-13
3955.682 6.82170e-13
3958.431 6.44390e-13
3961.179 5.61810e-13
3963.928 4.22320e-13
3966.677 3.70200e-13
3969.425 4.87790e-13
3972.174 5.99990e-13
3974.923 6.62950e-13
3977.671 6.97820e-13
3980.420 7.12420e-13
3983.169 7.29520e-13
3985.917 7.42630e-13
3988.666 7.52780e-13
3991.415 7.55090e-13
3994.163 7.52460e-13
3996.912 7.58690e-13
3999.661 7.63330e-13
4002.409 7.55020e-13
4005.158 7.63420e-13
4007.906 7.69740e-13
4010.655 7.69360e-13
4013.404 7.77700e-13
4016.153 7.79610e-13
4018.901 7.76740e-13
4021.650 7.72750e-13
4024.398 7.72070e-13
4027.147 7.55620e-13
4029.896 7.53160e-13
4032.644 7.65480e-13
4035.393 7.79110e-13
4038.141 7.75160e-13
4040.890 7.63970e-13
4043.639 7.57400e-13
4046.387 7.72380e-13
4049.136 7.75730e-13
4051.884 7.66160e-13
4054.633 7.62240e-13
4057.381 7.63600e-13
4060.130 7.50820e-13
4062.879 7.51030e-13
4065.627 7.53100e-13
4068.376 7.50320e-13
4071.124 7.48200e-13
4073.873 7.38520e-13
4076.621 7.42460e-13
4079.370 7.49250e-13
4082.118 7.42050e-13
4084.867 7.39310e-13
4087.615 7.28490e-13
4090.364 7.01860e-13
4093.112 6.59850e-13
4095.861 5.88170e-13
4098.609 5.24630e-13
4101.358 5.84290e-13
4104.106 6.52260e-13
4106.855 6.90650e-13
4109.604 7.17950e-13
4112.352 7.32890e-13
4115.100 7.38760e-13
4117.849 7.42540e-13
4120.597 7.52180e-13
4123.346 7.56400e-13
4126.094 7.53550e-13
4128.842 7.48970e-13
4131.591 7.57240e-13
4134.339 7.67150e-13
4137.087 7.70940e-13
4139.836 7.61200e-13
4142.584 7.63640e-13
4145.333 7.66140e-13
4148.081 7.66900e-13
4150.830 7.59350e-13
4153.578 7.59600e-13
4156.326 7.63160e-13
4159.075 7.69630e-13
4161.823 7.67250e-13
4164.571 7.63650e-13
4167.320 7.58640e-13
4170.068 7.47900e-13
4172.816 7.46560e-13
4175.564 7.53120e-13
4178.313 7.53950e-13
4181.061 7.53280e-13
4183.810 7.48460e-13
4186.558 7.55190e-13
4189.306 7.59560e-13
4192.054 7.57840e-13
4194.803 7.44420e-13
4197.551 7.43300e-13
4200.299 7.44470e-13
4203.047 7.56090e-13
4205.795 7.57280e-13
4208.544 7.56170e-13
4211.292 7.48820e-13
4214.040 7.43180e-13
4216.789 7.50570e-13
4219.537 7.42340e-13
4222.285 7.21170e-13
4225.033 7.24250e-13
4227.781 7.45210e-13
4230.529 7.40510e-13
4233.277 7.40360e-13
4236.025 7.48890e-13
4238.773 7.54490e-13
4241.521 7.51060e-13
4244.270 7.36760e-13
4247.018 7.35460e-13
4249.766 7.42580e-13
4252.514 7.48640e-13
4255.262 7.46530e-13
4258.010 7.46880e-13
4260.758 7.55800e-13
4263.506 7.52610e-13
4266.254 7.40810e-13
4269.002 7.27960e-13
4271.750 7.37040e-13
4274.499 7.46200e-13
4277.246 7.42360e-13
4279.994 7.33580e-13
4282.742 7.28810e-13
4285.490 7.16330e-13
4288.238 7.13340e-13
4290.986 7.17130e-13
4293.734 7.09480e-13
4296.482 6.88350e-13
4299.230 6.82520e-13
4301.978 6.92290e-13
4304.726 6.87790e-13
4307.474 6.94770e-13
4310.222 7.00070e-13
4312.969 7.10600e-13
4315.717 7.16600e-13
4318.465 7.10300e-13
4321.213 6.97840e-13
4323.960 6.89170e-13
4326.708 6.90380e-13
4329.456 6.73750e-13
4332.204 6.31000e-13
4334.952 5.55580e-13
4337.700 5.11340e-13
4340.447 5.79610e-13
4343.195 6.44600e-13
4345.943 6.74870e-13
4348.690 6.84580e-13
4351.438 7.04490e-13
4354.186 7.21880e-13
4356.934 7.28670e-13
4359.681 7.36490e-13
4362.429 7.38860e-13
4365.177 7.32450e-13
4367.924 7.32570e-13
4370.672 7.27840e-13
4373.419 7.29910e-13
4376.167 7.36050e-13
4378.915 7.27340e-13
4381.662 7.20480e-13
4384.410 7.32060e-13
4387.157 7.35310e-13
4389.905 7.34840e-13
4392.652 7.31350e-13
4395.400 7.31510e-13
4398.147 7.25620e-13
4400.895 7.28090e-13
4403.643 7.32120e-13
4406.390 7.40370e-13
4409.137 7.40130e-13
4411.885 7.29020e-13
4414.632 7.28180e-13
4417.379 7.36040e-13
4420.127 7.35780e-13
4422.875 7.34310e-13
4425.622 7.36980e-13
4428.369 7.38160e-13
4431.116 7.30870e-13
4433.864 7.34920e-13
4436.611 7.37270e-13
4439.358 7.26900e-13
4442.105 7.28430e-13
4444.853 7.34550e-13
4447.600 7.31910e-13
4450.348 7.24270e-13
4453.095 7.22470e-13
4455.842 7.25600e-13
4458.589 7.28770e-13
4461.336 7.31210e-13
4464.083 7.24340e-13
4466.831 7.28340e-13
4469.578 7.36860e-13
4472.325 7.35850e-13
4475.072 7.36840e-13
4477.819 7.28380e-13
4480.566 7.30570e-13
4483.313 7.38060e-13
4486.061 7.37610e-13
4488.808 7.36170e-13
4491.555 7.34420e-13
4494.302 7.35300e-13
4497.048 7.34400e-13
4499.795 7.37340e-13
4502.542 7.41120e-13
4505.290 7.38940e-13
4508.037 7.39120e-13
4510.783 7.39740e-13
4513.530 7.36860e-13
4516.277 7.34010e-13
4519.024 7.27470e-13
4521.771 7.24810e-13
4524.518 7.18290e-13
4527.265 7.13500e-13
4530.011 7.10070e-13
4532.758 7.17580e-13
4535.505 7.29230e-13
4538.252 7.31760e-13
4540.999 7.30020e-13
4543.745 7.22570e-13
4546.492 7.15060e-13
4549.239 7.16400e-13
4551.985 7.15610e-13
4554.732 7.25560e-13
4557.479 7.28260e-13
4560.226 7.26690e-13
4562.972 7.26880e-13
4565.719 7.29400e-13
4568.465 7.22550e-13
4571.212 7.27340e-13
4573.958 7.28360e-13
4576.705 7.25910e-13
4579.452 7.22200e-13
4582.198 7.19920e-13
4584.944 7.22620e-13
4587.691 7.22270e-13
4590.438 7.26800e-13
4593.184 7.28090e-13
4595.930 7.29000e-13
4598.677 7.26560e-13
4601.423 7.27120e-13
4604.169 7.28060e-13
4606.916 7.26260e-13
4609.662 7.24130e-13
4612.409 7.25490e-13
4615.155 7.27020e-13
4617.901 7.25690e-13
4620.647 7.25520e-13
4623.394 7.26540e-13
4626.140 7.25190e-13
4628.886 7.26160e-13
4631.632 7.23760e-13
4634.378 7.23490e-13
4637.125 7.23610e-13
4639.871 7.25040e-13
4642.617 7.17790e-13
4645.363 7.19310e-13
4648.109 7.21640e-13
4650.855 7.16780e-13
4653.601 7.18640e-13
4656.347 7.21890e-13
4659.093 7.22830e-13
4661.839 7.19390e-13
4664.585 7.17840e-13
4667.331 7.18630e-13
4670.077 7.21340e-13
4672.823 7.20560e-13
4675.569 7.18710e-13
4678.315 7.16890e-13
4681.061 7.20600e-13
4683.807 7.20220e-13
4686.552 7.19140e-13
4689.298 7.18730e-13
4692.044 7.18300e-13
4694.790 7.18050e-13
4697.536 7.11810e-13
4700.281 7.07610e-13
4703.027 7.10930e-13
4705.772 7.12970e-13
4708.519 7.14930e-13
4711.264 7.13560e-13
4714.010 7.12490e-13
4716.755 7.12740e-13
4719.501 7.16710e-13
4722.247 7.12910e-13
4724.992 7.10900e-13
4727.737 7.10270e-13
4730.483 7.09210e-13
4733.229 7.09500e-13
4735.974 7.09250e-13
4738.719 7.10610e-13
4741.465 7.10290e-13
4744.210 7.11770e-13
4746.956 7.10370e-13
4749.701 7.08780e-13
4752.446 7.07430e-13
4755.191 7.05710e-13
4757.937 7.03930e-13
4760.682 7.03600e-13
4763.427 7.04560e-13
4766.173 7.04840e-13
4768.918 7.05710e-13
4771.663 7.05730e-13
4774.408 7.05250e-13
4777.153 7.00900e-13
4779.898 6.99760e-13
4782.644 7.01110e-13
4785.389 7.00280e-13
4788.134 6.98730e-13
4790.879 7.01460e-13
4793.624 7.00850e-13
4796.369 6.99810e-13
4799.114 7.00980e-13
4801.859 6.94740e-13
4804.604 6.95950e-13
4807.349 6.96260e-13
4810.094 6.95800e-13
4812.838 6.94390e-13
4815.583 6.93910e-13
4818.328 6.90430e-13
4821.073 6.89820e-13
4823.818 6.92820e-13
4826.562 6.87650e-13
4829.307 6.88250e-13
4832.052 6.84770e-13
4834.797 6.77380e-13
4837.542 6.77530e-13
4840.286 6.75670e-13
4843.031 6.68130e-13
4845.775 6.57210e-13
4848.520 6.42470e-13
4851.264 6.14970e-13
4854.009 5.65860e-13
4856.753 4.96930e-13
4859.498 5.14230e-13
4862.242 5.77970e-13
4864.987 6.12910e-13
4867.731 6.28590e-13
4870.476 6.46590e-13
4873.220 6.52740e-13
4875.964 6.62750e-13
4878.708 6.69300e-13
4881.453 6.71760e-13
4884.197 6.69680e-13
4886.941 6.64980e-13
4889.686 6.71240e-13
4892.430 6.80350e-13
4895.174 6.82350e-13
4897.918 6.81320e-13
4900.662 6.81520e-13
4903.406 6.83080e-13
4906.150 6.81780e-13
4908.895 6.79940e-13
4911.639 6.77890e-13
4914.382 6.72280e-13
4917.126 6.66420e-13
4919.871 6.68900e-13
4922.614 6.77870e-13
4925.358 6.80610e-13
4928.102 6.78320e-13
4930.846 6.73830e-13
4933.590 6.76940e-13
4936.333 6.78060e-13
4939.078 6.82910e-13
4941.821 6.83170e-13
4944.565 6.82800e-13
4947.309 6.85170e-13
4950.052 6.80060e-13
4952.796 6.67790e-13
4955.540 6.70500e-13
4958.283 6.78010e-13
4961.027 6.77350e-13
4963.771 6.79450e-13
4966.514 6.81270e-13
4969.257 6.78720e-13
4972.001 6.76840e-13
4974.744 6.74690e-13
4977.488 6.67390e-13
4980.231 6.64470e-13
4982.975 6.71180e-13
4985.718 6.73030e-13
4988.461 6.69000e-13
4991.205 6.69740e-13
4993.948 6.72580e-13
4996.691 6.67900e-13
4999.434 6.66330e-13
5002.177 6.60410e-13
5004.920 6.62020e-13
5007.664 6.61900e-13
5010.407 6.58390e-13
5013.150 6.55990e-13
5015.893 6.59920e-13
5018.636 6.66620e-13
5021.379 6.69480e-13
5024.122 6.67240e-13
5026.865 6.69650e-13
5029.607 6.69520e-13
5032.351 6.65740e-13
5035.093 6.60940e-13
5037.836 6.56710e-13
5040.579 6.61270e-13
5043.322 6.66750e-13
5046.064 6.61930e-13
5048.807 6.64290e-13
5051.550 6.67460e-13
5054.292 6.68610e-13
5057.035 6.63270e-13
5059.778 6.62130e-13
5062.521 6.60160e-13
5065.263 6.61820e-13
5068.005 6.64710e-13
5070.748 6.62720e-13
5073.491 6.60590e-13
5076.233 6.56360e-13
5078.976 6.57110e-13
5081.718 6.60060e-13
5084.460 6.61620e-13
5087.203 6.62640e-13
5089.945 6.62510e-13
5092.687 6.58860e-13
5095.429 6.56750e-13
5098.171 6.57690e-13
5100.914 6.56670e-13
5103.656 6.53400e-13
5106.398 6.53990e-13
5109.140 6.55990e-13
5111.882 6.59400e-13
5114.624 6.59350e-13
5117.366 6.56300e-13
5120.108 6.52230e-13
5122.850 6.50140e-13
5125.592 6.50020e-13
5128.334 6.52190e-13
5131.076 6.49800e-13
5133.817 6.45380e-13
5136.560 6.43160e-13
5139.301 6.45890e-13
5142.043 6.47750e-13
5144.785 6.47830e-13
5147.526 6.49770e-13
5150.268 6.49680e-13
5153.010 6.50260e-13
5155.751 6.49760e-13
5158.493 6.42030e-13
5161.234 6.28590e-13
5163.976 6.05790e-13
5166.717 6.09440e-13
5169.458 6.16230e-13
5172.200 6.33550e-13
5174.941 6.37610e-13
5177.683 6.25970e-13
5180.424 6.16450e-13
5183.166 6.28030e-13
5185.907 6.30450e-13
5188.648 6.31230e-13
5191.389 6.35350e-13
5194.130 6.38600e-13
5196.872 6.39280e-13
5199.612 6.32790e-13
5202.354 6.29040e-13
5205.095 6.31390e-13
5207.835 6.37370e-13
5210.577 6.41320e-13
5213.317 6.42510e-13
5216.059 6.43730e-13
5218.799 6.42460e-13
5221.540 6.31690e-13
5224.281 6.28790e-13
5227.022 6.34160e-13
5229.763 6.33880e-13
5232.503 6.39430e-13
5235.244 6.45160e-13
5237.985 6.44520e-13
5240.725 6.44570e-13
5243.466 6.41760e-13
5246.207 6.39940e-13
5248.947 6.41310e-13
5251.688 6.42150e-13
5254.428 6.39640e-13
5257.168 6.32960e-13
5259.909 6.24200e-13
5262.649 6.17290e-13
5265.390 6.11780e-13
5268.130 6.21260e-13
5270.870 6.27600e-13
5273.610 6.32700e-13
5276.351 6.32360e-13
5279.091 6.31860e-13
5281.831 6.34610e-13
5284.571 6.38420e-13
5287.311 6.38210e-13
5290.051 6.37350e-13
5292.791 6.32940e-13
5295.531 6.35320e-13
5298.271 6.34050e-13
5301.011 6.35350e-13
5303.751 6.35430e-13
5306.491 6.35100e-13
5309.230 6.31490e-13
5311.970 6.27880e-13
5314.710 6.30860e-13
5317.450 6.30060e-13
5320.189 6.22360e-13
5322.929 6.14460e-13
5325.668 6.17430e-13
5328.408 6.26650e-13
5331.147 6.28430e-13
5333.887 6.24980e-13
5336.626 6.22610e-13
5339.366 6.25440e-13
5342.105 6.27070e-13
5344.845 6.26060e-13
5347.584 6.28750e-13
5350.323 6.32010e-13
5353.062 6.29770e-13
5355.802 6.28980e-13
5358.541 6.25760e-13
5361.280 6.21810e-13
5364.020 6.19190e-13
5366.758 6.19230e-13
5369.498 6.21060e-13
5372.236 6.22890e-13
5374.976 6.24160e-13
5377.714 6.22500e-13
5380.454 6.22080e-13
5383.192 6.22220e-13
5385.931 6.20380e-13
5388.670 6.18150e-13
5391.409 6.15470e-13
5394.147 6.12800e-13
5396.886 6.12940e-13
5399.625 6.09340e-13
5402.363 6.09580e-13
5405.102 6.13580e-13
5407.840 6.15850e-13
5410.579 6.15750e-13
5413.317 6.17340e-13
5416.056 6.18940e-13
5418.794 6.16130e-13
5421.533 6.14300e-13
5424.271 6.10870e-13
5427.009 6.11620e-13
5429.748 6.11970e-13
5432.486 6.14500e-13
5435.224 6.15760e-13
5437.962 6.14790e-13
5440.700 6.10260e-13
5443.438 6.10650e-13
5446.176 6.13340e-13
5448.915 6.10510e-13
5453.479 6.08880e-13
5458.349 6.11700e-13
5463.220 6.12700e-13
5468.091 6.10850e-13
5472.962 6.10130e-13
5477.833 6.11000e-13
5482.704 6.10710e-13
5487.576 6.10710e-13
5492.447 6.08260e-13
5497.318 6.06400e-13
5502.189 6.03120e-13
5507.061 6.03250e-13
5511.932 6.03350e-13
5516.804 6.05400e-13
5521.675 6.03470e-13
5526.547 6.02420e-13
5531.418 6.03070e-13
5536.290 6.03200e-13
5541.162 6.02380e-13
5546.034 6.04030e-13
5550.906 6.02700e-13
5555.777 6.00720e-13
5560.649 5.99250e-13
5565.521 5.94160e-13
5570.394 5.96310e-13
5575.266 5.96000e-13
5580.138 5.92650e-13
5585.010 5.89120e-13
5589.882 5.88140e-13
5594.755 5.86970e-13
5599.627 5.89070e-13
5604.500 5.90810e-13
5609.372 5.89590e-13
5614.245 5.89580e-13
5619.117 5.91520e-13
5623.990 5.95010e-13
5628.863 5.94150e-13
5633.735 5.89320e-13
5638.608 5.92070e-13
5643.481 5.89380e-13
5648.354 5.89220e-13
5653.227 5.86780e-13
5658.100 5.87010e-13
5662.973 5.86370e-13
5667.846 5.86310e-13
5672.720 5.87130e-13
5677.593 5.86980e-13
5682.466 5.86340e-13
5687.339 5.85130e-13
5692.213 5.83690e-13
5697.086 5.83670e-13
5701.959 5.82280e-13
5706.833 5.79330e-13
5711.707 5.79050e-13
5716.581 5.82360e-13
5721.454 5.79560e-13
5726.328 5.78390e-13
5731.202 5.77860e-13
5736.076 5.77560e-13
5740.949 5.78920e-13
5745.823 5.79080e-13
5750.697 5.76510e-13
5755.571 5.75460e-13
5760.445 5.74200e-13
5765.319 5.75390e-13
5770.194 5.75320e-13
5775.068 5.75870e-13
5779.942 5.73320e-13
5784.816 5.72630e-13
5789.691 5.72630e-13
5794.565 5.72390e-13
5799.440 5.71500e-13
5804.314 5.70240e-13
5809.189 5.70370e-13
5814.063 5.71130e-13
5818.938 5.69340e-13
5823.813 5.66490e-13
5828.688 5.65430e-13
5833.562 5.65040e-13
5838.437 5.66580e-13
5843.312 5.65250e-13
5848.187 5.63690e-13
5853.062 5.63200e-13
5857.937 5.61590e-13
5862.812 5.59020e-13
5867.687 5.61850e-13
5872.562 5.61330e-13
5877.438 5.58480e-13
5882.313 5.51810e-13
5887.188 5.44810e-13
5892.063 5.45330e-13
5896.939 5.50710e-13
5901.814 5.54750e-13
5906.690 5.56150e-13
5911.565 5.57030e-13
5916.441 5.55970e-13
5921.316 5.55950e-13
5926.192 5.53830e-13
5931.068 5.53220e-13
5935.944 5.52610e-13
5940.819 5.52970e-13
5945.695 5.50510e-13
5950.571 5.52340e-13
5955.447 5.52370e-13
5960.323 5.51810e-13
5965.199 5.51600e-13
5970.075 5.49140e-13
5974.952 5.49860e-13
5979.828 5.48670e-13
5984.704 5.46970e-13
5989.580 5.47580e-13
5994.457 5.45630e-13
5999.333 5.45470e-13
6004.209 5.42490e-13
6009.085 5.42980e-13
6013.962 5.43210e-13
6018.838 5.42470e-13
6023.715 5.41360e-13
6028.592 5.42160e-13
6033.468 5.42540e-13
6038.345 5.40580e-13
6043.222 5.41340e-13
6048.099 5.38910e-13
6052.975 5.38680e-13
6057.852 5.37200e-13
6062.729 5.36630e-13
6067.606 5.35470e-13
6072.483 5.34910e-13
6077.360 5.36210e-13
6082.237 5.35830e-13
6087.114 5.32330e-13
6091.991 5.29820e-13
6096.868 5.30450e-13
6101.746 5.30580e-13
6106.623 5.31430e-13
6111.500 5.27830e-13
6116.377 5.25290e-13
6121.255 5.25370e-13
6126.132 5.27430e-13
6131.010 5.24620e-13
6135.887 5.27460e-13
6140.765 5.26160e-13
6145.643 5.26570e-13
6150.520 5.24230e-13
6155.397 5.20520e-13
6160.275 5.20510e-13
6165.153 5.21300e-13
6170.031 5.22000e-13
6174.909 5.23910e-13
6179.787 5.22410e-13
6184.665 5.19550e-13
6189.542 5.19920e-13
6194.420 5.20540e-13
6199.298 5.21660e-13
6204.176 5.21740e-13
6209.055 5.18590e-13
6213.933 5.16540e-13
6218.811 5.14860e-13
6223.689 5.14360e-13
6228.567 5.15870e-13
6233.446 5.17010e-13
6238.324 5.13310e-13
6243.202 5.10190e-13
6248.081 5.10920e-13
6252.959 5.11330e-13
6257.837 5.13260e-13
6262.716 5.10670e-13
6267.595 5.10620e-13
6272.473 5.15090e-13
6277.352 5.12020e-13
6282.230 5.11310e-13
6287.109 5.11300e-13
6291.988 5.12530e-13
6296.867 5.11820e-13
6301.746 5.08400e-13
6306.625 5.04920e-13
6311.503 5.05480e-13
6316.382 5.03030e-13
6321.261 5.00530e-13
6326.140 4.98820e-13
6331.019 4.99030e-13
6335.898 4.96610e-13
6340.777 5.00870e-13
6345.656 5.03950e-13
6350.536 5.02750e-13
6355.415 5.01750e-13
6360.294 4.99440e-13
6365.173 4.97680e-13
6370.053 4.97790e-13
6374.932 4.98590e-13
6379.812 4.97980e-13
6384.691 4.98280e-13
6389.570 4.97080e-13
6394.450 4.95190e-13
6399.329 4.93460e-13
6404.208 4.93290e-13
6409.088 4.92690e-13
6413.968 4.93630e-13
6418.848 4.93220e-13
6423.727 4.93080e-13
6428.607 4.91020e-13
6433.487 4.90130e-13
6438.367 4.90230e-13
6443.246 4.88350e-13
6448.126 4.86220e-13
6453.006 4.88150e-13
6457.886 4.86680e-13
6462.766 4.86580e-13
6467.646 4.88270e-13
6472.526 4.87440e-13
6477.406 4.85110e-13
6482.286 4.84090e-13
6487.166 4.83340e-13
6492.046 4.81050e-13
6496.926 4.83490e-13
6501.807 4.84260e-13
6506.687 4.82910e-13
6511.567 4.81980e-13
6516.447 4.80950e-13
6521.328 4.78610e-13
6526.208 4.77030e-13
6531.088 4.76530e-13
6535.969 4.73220e-13
6540.849 4.65090e-13
6545.730 4.51180e-13
6550.610 4.29830e-13
6555.491 3.98470e-13
6560.372 3.94650e-13
6565.252 4.24400e-13
6570.133 4.49690e-13
6575.013 4.62440e-13
6579.894 4.66330e-13
6584.775 4.69750e-13
6589.656 4.72650e-13
6594.536 4.71840e-13
6599.417 4.73320e-13
6604.298 4.73960e-13
6609.179 4.74370e-13
6614.060 4.72120e-13
6618.940 4.72910e-13
6623.822 4.72050e-13
6628.703 4.71720e-13
6633.583 4.70080e-13
6638.465 4.68790e-13
6643.346 4.69550e-13
6648.227 4.68670e-13
6653.108 4.67990e-13
6657.989 4.68130e-13
6662.870 4.68150e-13
6667.751 4.66450e-13
6672.633 4.65590e-13
6677.514 4.64510e-13
6682.396 4.65900e-13
6687.277 4.64980e-13
6692.158 4.64560e-13
6697.040 4.64220e-13
6701.921 4.61880e-13
6706.802 4.60730e-13
6711.684 4.60570e-13
6716.565 4.62090e-13
6721.447 4.60010e-13
6726.328 4.59080e-13
6731.210 4.59960e-13
6736.091 4.59850e-13
6740.973 4.59630e-13
6745.854 4.58860e-13
6750.736 4.56810e-13
6755.618 4.56680e-13
6760.500 4.57120e-13
6765.381 4.56260e-13
6770.263 4.54160e-13
6775.145 4.55530e-13
6780.027 4.53180e-13
6784.909 4.52330e-13
6789.791 4.51910e-13
6794.672 4.51700e-13
6799.555 4.52330e-13
6804.437 4.51060e-13
6809.318 4.49600e-13
6814.200 4.50500e-13
6819.083 4.49460e-13
6823.964 4.49200e-13
6828.847 4.50320e-13
6833.729 4.48530e-13
6838.611 4.46770e-13
6843.493 4.46960e-13
6848.375 4.44890e-13
6853.257 4.44080e-13
6858.140 4.43900e-13
6863.021 4.43250e-13
6867.904 4.44810e-13
6872.786 4.44650e-13
6877.668 4.44090e-13
6882.551 4.42670e-13
6887.433 4.42170e-13
6892.315 4.42240e-13
6897.198 4.41270e-13
6902.081 4.40650e-13
6906.963 4.40710e-13
6911.845 4.39480e-13
6916.728 4.39720e-13
6921.610 4.38870e-13
6926.493 4.38760e-13
6931.375 4.39330e-13
6936.258 4.36470e-13
6941.141 4.36760e-13
6946.023 4.36030e-13
6950.906 4.34540e-13
6955.789 4.35690e-13
6960.671 4.35310e-13
6965.554 4.36390e-13
6970.437 4.33260e-13
6975.319 4.32260e-13
6980.202 4.33420e-13
6985.085 4.32370e-13
6989.968 4.31360e-13
6994.851 4.30320e-13
6999.733 4.29520e-13
7004.616 4.28340e-13
7009.499 4.29200e-13
7014.382 4.29690e-13
7019.265 4.29660e-13
7024.148 4.28720e-13
7029.031 4.28640e-13
7033.914 4.27630e-13
7038.797 4.26830e-13
7043.680 4.27980e-13
7048.563 4.26530e-13
7053.446 4.25550e-13
7058.329 4.24650e-13
7063.212 4.24200e-13
7068.095 4.24010e-13
7072.979 4.22850e-13
7077.861 4.21850e-13
7082.745 4.21490e-13
7087.628 4.20400e-13
7092.511 4.20670e-13
7097.395 4.19950e-13
7102.277 4.20080e-13
7107.161 4.19840e-13
7112.044 4.19920e-13
7116.927 4.18760e-13
7121.811 4.17940e-13
7126.694 4.17790e-13
7131.577 4.16930e-13
7136.461 4.15400e-13
7141.344 4.14160e-13
7146.228 4.14090e-13
7151.111 4.15560e-13
7155.994 4.13540e-13
7160.878 4.14100e-13
7165.761 4.13590e-13
7170.645 4.13020e-13
7175.528 4.12280e-13
7180.412 4.10820e-13
7185.295 4.11020e-13
7190.179 4.10660e-13
7195.062 4.09160e-13
7199.946 4.09370e-13
7204.830 4.10130e-13
7209.713 4.10890e-13
7214.597 4.10490e-13
7219.480 4.09480e-13
7224.364 4.09460e-13
7229.248 4.09970e-13
7234.131 4.09010e-13
7239.015 4.07420e-13
7243.899 4.05670e-13
7248.783 4.05040e-13
7253.666 4.05460e-13
7258.550 4.05620e-13
7263.434 4.05700e-13
7268.317 4.06010e-13
7273.201 4.04350e-13
7278.085 4.02970e-13
7282.969 4.03620e-13
7287.853 4.01340e-13
7292.737 4.02480e-13
7297.621 3.99970e-13
7302.504 3.99640e-13
7307.388 3.99760e-13
7312.272 3.98410e-13
7317.156 3.98730e-13
7322.040 3.98460e-13
7326.924 3.97640e-13
7331.808 3.98760e-13
7336.692 3.97290e-13
7341.576 3.97820e-13
7346.460 3.97260e-13
7351.344 3.95340e-13
7356.228 3.94580e-13
7361.112 3.95860e-13
7365.996 3.95770e-13
7370.880 3.95190e-13
7375.764 3.94710e-13
7380.648 3.94240e-13
7385.532 3.92080e-13
7390.416 3.90690e-13
7395.300 3.91080e-13
7400.185 3.90960e-13
7405.068 3.89130e-13
7409.953 3.89260e-13
7414.837 3.88640e-13
7419.721 3.88890e-13
7424.605 3.89070e-13
7429.489 3.86750e-13
7434.374 3.86950e-13
7439.258 3.87310e-13
7444.142 3.87090e-13
7449.026 3.87570e-13
7453.910 3.87100e-13
7458.794 3.85840e-13
7463.679 3.86580e-13
7468.563 3.84720e-13
7473.447 3.85090e-13
7478.332 3.84570e-13
7483.216 3.83690e-13
7488.100 3.82030e-13
7492.984 3.81530e-13
7497.869 3.80610e-13
7502.753 3.80000e-13
7507.637 3.80760e-13
7512.521 3.81030e-13
7517.406 3.80550e-13
7522.291 3.79950e-13
7527.175 3.78980e-13
7532.059 3.78910e-13
7536.943 3.79190e-13
7541.828 3.78820e-13
7546.712 3.76800e-13
7551.597 3.75870e-13
7556.481 3.76670e-13
7561.365 3.77360e-13
7566.250 3.77300e-13
7571.134 3.74440e-13
7576.019 3.74660e-13
7580.903 3.75830e-13
7585.788 3.74940e-13
7590.672 3.74150e-13
7595.556 3.72930e-13
7600.441 3.73290e-13
7605.325 3.71380e-13
7610.209 3.71000e-13
7615.094 3.71290e-13
7619.979 3.70900e-13
7624.863 3.69820e-13
7629.748 3.70420e-13
7634.632 3.69900e-13
7639.517 3.69480e-13
7644.401 3.68490e-13
7649.286 3.67490e-13
7654.170 3.65160e-13
7659.055 3.64730e-13
7663.939 3.65990e-13
7668.824 3.67120e-13
7673.708 3.67470e-13
7678.593 3.65520e-13
7683.478 3.63790e-13
7688.362 3.63940e-13
7693.247 3.62770e-13
7698.131 3.63860e-13
7703.016 3.63050e-13
7707.900 3.62250e-13
7712.785 3.61790e-13
7717.669 3.62660e-13
7722.554 3.62470e-13
7727.438 3.62420e-13
7732.323 3.62210e-13
7737.208 3.60160e-13
7742.092 3.60450e-13
7746.977 3.57950e-13
7751.861 3.57620e-13
7756.746 3.59770e-13
7761.630 3.61280e-13
7766.515 3.57510e-13
7771.399 3.56730e-13
7776.284 3.57390e-13
7781.169 3.56120e-13
7786.053 3.56300e-13
7790.938 3.56180e-13
7795.823 3.56390e-13
7800.707 3.56920e-13
7805.592 3.56370e-13
7810.477 3.54820e-13
7815.361 3.55010e-13
7820.246 3.55310e-13
7825.130 3.54390e-13
7830.015 3.53360e-13
7834.899 3.51850e-13
7839.784 3.52440e-13
7844.669 3.50000e-13
7849.553 3.49040e-13
7854.438 3.52040e-13
7859.323 3.51490e-13
7864.207 3.51630e-13
7869.092 3.52660e-13
7873.977 3.49090e-13
7878.861 3.48730e-13
7883.746 3.48320e-13
7888.630 3.48500e-13
7893.515 3.49330e-13
7898.399 3.49910e-13
7903.284 3.49490e-13
7908.169 3.47880e-13
7913.053 3.46700e-13
7917.938 3.46760e-13
7922.823 3.47550e-13
7927.707 3.46800e-13
7932.592 3.46510e-13
7937.477 3.46180e-13
7942.361 3.45730e-13
7947.246 3.46500e-13
7952.130 3.46680e-13
7957.015 3.43250e-13
7961.899 3.41650e-13
7966.784 3.41580e-13
7971.668 3.41070e-13
7976.553 3.42560e-13
7981.438 3.43780e-13
7986.322 3.42610e-13
7991.207 3.40770e-13
7996.091 3.40070e-13
8000.976 3.38210e-13
8005.860 3.37870e-13
8010.745 3.38770e-13
8015.629 3.38300e-13
8020.514 3.38890e-13
8025.398 3.38060e-13
8030.283 3.37620e-13
8035.168 3.36230e-13
8040.052 3.35150e-13
8044.937 3.34540e-13
8049.821 3.33730e-13
8054.706 3.34670e-13
8059.590 3.34370e-13
8064.475 3.34800e-13
8069.359 3.33480e-13
8074.244 3.33210e-13
8079.128 3.31740e-13
8084.013 3.31850e-13
8088.897 3.31750e-13
8093.782 3.31740e-13
8098.667 3.31470e-13
8103.551 3.30910e-13
8108.435 3.30420e-13
8113.320 3.30420e-13
8118.204 3.30260e-13
8123.089 3.30790e-13
8127.973 3.31210e-13
8132.857 3.30600e-13
8137.742 3.28300e-13
8142.626 3.27460e-13
8147.511 3.27820e-13
8152.395 3.27780e-13
8157.280 3.27660e-13
8162.164 3.27320e-13
8167.048 3.27050e-13
8171.933 3.26320e-13
8176.817 3.24040e-13
8181.702 3.23030e-13
8186.586 3.22570e-13
8191.470 3.21910e-13
8196.354 3.21380e-13
8201.239 3.21260e-13
8206.123 3.22170e-13
8211.008 3.21990e-13
8215.892 3.21580e-13
8220.776 3.22290e-13
8225.660 3.21920e-13
8230.545 3.20820e-13
8235.429 3.20020e-13
8240.313 3.19340e-13
8245.197 3.18950e-13
8250.082 3.19610e-13
8254.966 3.20590e-13
8259.851 3.18980e-13
8264.734 3.18780e-13
8269.618 3.18490e-13
8274.503 3.18510e-13
8279.387 3.18670e-13
8284.271 3.17760e-13
8289.155 3.16470e-13
8294.039 3.14780e-13
8298.924 3.15640e-13
8303.808 3.15960e-13
8308.692 3.15480e-13
8313.576 3.15130e-13
8318.460 3.14670e-13
8323.345 3.13990e-13
8328.229 3.13500e-13
8333.112 3.12800e-13
8337.996 3.13180e-13
8342.881 3.12120e-13
8347.765 3.11880e-13
8352.648 3.12510e-13
8357.532 3.11970e-13
8362.417 3.11560e-13
8367.301 3.11270e-13
8372.185 3.11640e-13
8377.068 3.12600e-13
8381.952 3.11720e-13
8386.837 3.09810e-13
8391.721 3.09320e-13
8396.604 3.10480e-13
8401.488 3.09740e-13
8406.372 3.07420e-13
8411.256 3.08730e-13
8416.140 3.07940e-13
8421.023 3.07590e-13
8425.907 3.07540e-13
8430.791 3.07550e-13
8435.675 3.05960e-13
8440.559 3.02880e-13
8445.442 3.03860e-13
8450.326 3.05360e-13
8455.210 3.05560e-13
8460.094 3.03950e-13
8464.978 3.03260e-13
8469.861 3.05460e-13
8474.745 3.03690e-13
8479.629 3.03300e-13
8484.513 3.00870e-13
8489.396 2.97280e-13
8494.280 2.94350e-13
8499.163 2.97040e-13
8504.047 2.99750e-13
8508.931 2.99780e-13
8513.814 3.01550e-13
8518.698 2.98730e-13
8523.581 2.95640e-13
8528.465 2.91380e-13
8533.349 2.81500e-13
8538.232 2.78170e-13
8543.115 2.86010e-13
8547.999 2.93170e-13
8552.883 2.96930e-13
8557.766 2.97410e-13
8562.649 2.97060e-13
8567.533 2.97590e-13
8572.416 2.97970e-13
8577.300 2.97410e-13
8582.183 2.96940e-13
8587.066 2.94780e-13
8591.949 2.94170e-13
8596.833 2.94230e-13
8601.716 2.95030e-13
8606.600 2.94410e-13
8611.482 2.95560e-13
8616.366 2.94300e-13
8621.249 2.93810e-13
8626.133 2.93310e-13
8631.016 2.93480e-13
8635.898 2.91490e-13
8640.782 2.88550e-13
8645.665 2.86710e-13
8650.548 2.82690e-13
8655.432 2.73080e-13
8660.314 2.75400e-13
8665.197 2.84170e-13
8670.080 2.85740e-13
8674.963 2.87520e-13
8679.847 2.87260e-13
8684.729 2.89590e-13
8689.612 2.89630e-13
8694.495 2.90590e-13
8699.378 2.91150e-13
8704.261 2.91210e-13
8709.144 2.88660e-13
8714.026 2.88270e-13
8718.909 2.87560e-13
8723.792 2.86570e-13
8728.675 2.83880e-13
8733.558 2.84060e-13
8738.440 2.83000e-13
8743.323 2.79960e-13
8748.206 2.80890e-13
8753.089 2.82150e-13
8757.972 2.84430e-13
8762.854 2.86160e-13
8767.737 2.85250e-13
8772.619 2.85410e-13
8777.502 2.84640e-13
8782.385 2.83890e-13
8787.268 2.84000e-13
8792.149 2.83620e-13
8797.032 2.82650e-13
8801.915 2.82620e-13
8806.797 2.83530e-13
8811.680 2.82000e-13
8816.562 2.80820e-13
8821.444 2.81180e-13
8826.327 2.80570e-13
8831.209 2.81160e-13
8836.092 2.79890e-13
8840.974 2.79280e-13
8845.856 2.77700e-13
8850.738 2.75170e-13
8855.620 2.72170e-13
8860.503 2.71740e-13
8865.385 2.74240e-13
8870.267 2.75880e-13
8875.149 2.78080e-13
8880.031 2.80120e-13
8884.913 2.79040e-13
8889.796 2.78130e-13
8894.678 2.76570e-13
8899.560 2.75460e-13
8904.441 2.75340e-13
8909.323 2.76190e-13
8914.205 2.76920e-13
8919.087 2.78320e-13
8923.970 2.77150e-13
8928.852 2.75800e-13
8933.733 2.74700e-13
8938.615 2.74190e-13
8943.496 2.73030e-13
8948.378 2.74450e-13
8953.260 2.75210e-13
8958.142 2.75340e-13
8963.023 2.75890e-13
8967.905 2.74160e-13
8972.787 2.72040e-13
8977.668 2.72120e-13
8982.550 2.71090e-13
8987.432 2.70660e-13
8992.313 2.69590e-13
8997.194 2.65400e-13
9002.076 2.63360e-13
9006.958 2.59200e-13
9011.839 2.60010e-13
9016.721 2.64020e-13
9021.602 2.68620e-13
9026.483 2.68350e-13
9031.364 2.68740e-13
9036.246 2.69050e-13
9041.127 2.67260e-13
9046.008 2.68040e-13
9050.890 2.67390e-13
9055.771 2.65840e-13
9060.651 2.68670e-13
9065.533 2.69960e-13
9070.414 2.68500e-13
9075.295 2.69940e-13
9080.176 2.68690e-13
9085.057 2.65460e-13
9089.938 2.64110e-13
9094.819 2.65470e-13
9099.700 2.65170e-13
9104.581 2.64880e-13
9109.462 2.65410e-13
9114.343 2.64840e-13
9119.224 2.64370e-13
9124.104 2.64420e-13
9128.984 2.63560e-13
9133.865 2.64840e-13
9138.746 2.65650e-13
9143.627 2.66730e-13
9148.508 2.68050e-13
9153.388 2.68100e-13
9158.269 2.66210e-13
9163.149 2.64400e-13
9168.029 2.62930e-13
9172.910 2.60030e-13
9177.791 2.59820e-13
9182.671 2.60390e-13
9187.552 2.60990e-13
9192.432 2.60160e-13
9197.312 2.60530e-13
9202.192 2.56970e-13
9207.072 2.52540e-13
9211.953 2.50740e-13
9216.833 2.46520e-13
9221.713 2.43530e-13
9226.594 2.46040e-13
9231.474 2.49440e-13
9236.354 2.51650e-13
9241.233 2.52270e-13
9246.113 2.51670e-13
9250.993 2.52190e-13
9255.873 2.54130e-13
9260.753 2.54520e-13
9265.633 2.53860e-13
9270.513 2.53550e-13
9275.393 2.54050e-13
9280.272 2.52570e-13
9285.152 2.53110e-13
9290.032 2.56250e-13
9294.912 2.55670e-13
9299.791 2.54410e-13
9304.671 2.53470e-13
9309.551 2.52070e-13
9314.430 2.50210e-13
9319.310 2.49220e-13
9324.189 2.50360e-13
9329.068 2.49930e-13
9333.948 2.50790e-13
9338.827 2.50130e-13
9343.707 2.47840e-13
9348.586 2.48220e-13
9353.465 2.48860e-13
9358.345 2.50560e-13
9363.224 2.49690e-13
9368.103 2.50500e-13
9372.981 2.50090e-13
9377.861 2.49950e-13
9382.740 2.49630e-13
9387.619 2.50090e-13
9392.498 2.50450e-13
9397.377 2.48390e-13
9402.256 2.48180e-13
9407.135 2.47150e-13
9412.014 2.47260e-13
9416.893 2.44970e-13
9421.771 2.44800e-13
9426.649 2.44980e-13
9431.528 2.45570e-13
9436.407 2.45380e-13
9441.286 2.47290e-13
9446.164 2.46860e-13
9451.043 2.46060e-13
9455.921 2.45890e-13
9460.800 2.44700e-13
9465.679 2.44830e-13
9470.557 2.43510e-13
9475.435 2.43870e-13
9480.313 2.44680e-13
9485.191 2.42200e-13
9490.069 2.42530e-13
9494.948 2.41640e-13
9499.826 2.41840e-13
9504.704 2.41720e-13
9509.582 2.39800e-13
9514.460 2.38940e-13
9519.339 2.38230e-13
9524.217 2.34940e-13
9529.095 2.34780e-13
9533.973 2.31730e-13
9538.850 2.26470e-13
9543.728 2.28040e-13
9548.605 2.32800e-13
9553.483 2.33810e-13
9558.361 2.35580e-13
9563.238 2.38700e-13
9568.116 2.38210e-13
9572.994 2.37360e-13
9577.871 2.37610e-13
9582.749 2.36360e-13
9587.626 2.36820e-13
9592.504 2.37610e-13
9597.381 2.36960e-13
9602.259 2.36170e-13
9607.136 2.36810e-13
9612.013 2.37230e-13
9616.891 2.36680e-13
9621.768 2.35080e-13
9626.645 2.33850e-13
9631.521 2.33260e-13
9636.398 2.34490e-13
9641.275 2.34130e-13
9646.152 2.32750e-13
9651.029 2.34440e-13
9655.906 2.34280e-13
9660.783 2.35030e-13
9665.660 2.35490e-13
9670.537 2.34550e-13
9675.413 2.32810e-13
9680.290 2.30770e-13
9685.167 2.31690e-13
9690.043 2.32940e-13
9694.920 2.34180e-13
9699.797 2.34270e-13
9704.673 2.33110e-13
9709.550 2.30510e-13
9714.426 2.30130e-13
9719.302 2.28710e-13
9724.179 2.28810e-13
9729.055 2.28490e-13
9733.931 2.29360e-13
9738.807 2.27810e-13
9743.683 2.27380e-13
9748.559 2.27270e-13
9753.435 2.28510e-13
9758.311 2.28870e-13
9763.187 2.28610e-13
9768.062 2.28340e-13
9772.938 2.28350e-13
9777.814 2.28750e-13
9782.690 2.29090e-13
9787.565 2.30510e-13
9792.441 2.27130e-13
9797.317 2.26960e-13
9802.192 2.29410e-13
9807.068 2.27560e-13
9811.943 2.25910e-13
9816.819 2.24670e-13
9821.694 2.24690e-13
9826.570 2.25160e-13
9831.445 2.25100e-13
9836.320 2.25690e-13
9841.195 2.25550e-13
9846.071 2.25360e-13
9850.946 2.26250e-13
9855.821 2.24240e-13
9860.696 2.23480e-13
9865.571 2.23050e-13
9870.446 2.20340e-13
9875.320 2.23920e-13
9880.195 2.26420e-13
9885.070 2.26340e-13
9889.945 2.24760e-13
9894.819 2.23820e-13
9899.694 2.22150e-13
9904.569 2.19590e-13
9909.443 2.20370e-13
9914.318 2.19960e-13
9919.192 2.20520e-13
9924.067 2.22450e-13
9928.941 2.20240e-13
9933.815 2.20160e-13
9938.689 2.19750e-13
9943.564 2.19320e-13
9948.438 2.18910e-13
9953.312 2.17700e-13
9958.187 2.18340e-13
9963.061 2.19390e-13
9967.935 2.17890e-13
9972.809 2.16830e-13
9977.683 2.18440e-13
9982.556 2.17960e-13
9987.430 2.17800e-13
9992.304 2.16930e-13
9997.177 2.18140e-13
10002.051 2.18550e-13
10006.924 2.18060e-13
10011.798 2.17410e-13
10016.671 2.17050e-13
10021.545 2.15480e-13
10026.418 2.12060e-13
10031.291 2.10080e-13
10036.165 2.09070e-13
10041.038 2.04600e-13
10045.911 2.04380e-13
10050.784 2.06150e-13
10055.657 2.09000e-13
10060.530 2.10640e-13
10065.403 2.12290e-13
10070.276 2.11570e-13
10075.148 2.12990e-13
10080.021 2.10950e-13
10084.895 2.10060e-13
10089.768 2.10870e-13
10094.640 2.12760e-13
10099.513 2.11780e-13
10104.385 2.11870e-13
10109.258 2.11990e-13
10114.130 2.12610e-13
10119.002 2.11820e-13
10123.875 2.13540e-13
10128.747 2.14990e-13
10133.619 2.14280e-13
10138.491 2.14450e-13
10143.363 2.11380e-13
10148.235 2.12290e-13
10153.107 2.12760e-13
10157.979 2.09740e-13
10169.283 2.11020e-13
10197.424 2.09940e-13
10225.564 2.08710e-13
10253.705 2.07300e-13
10281.845 2.05940e-13
10309.986 2.04600e-13
10338.126 2.02980e-13
10366.268 2.02120e-13
10394.409 2.01700e-13
10422.549 2.00400e-13
10450.690 1.98940e-13
10478.830 1.97620e-13
10506.971 1.96560e-13
10535.111 1.95330e-13
10563.252 1.94960e-13
10591.393 1.93730e-13
10619.533 1.92340e-13
10647.674 1.91880e-13
10675.815 1.89490e-13
10703.956 1.88220e-13
10732.096 1.87310e-13
10760.237 1.85700e-13
10788.378 1.85510e-13
10816.518 1.84610e-13
10844.659 1.82460e-13
10872.800 1.80110e-13
10900.941 1.77290e-13
10929.081 1.76580e-13
10957.222 1.76380e-13
10985.363 1.75780e-13
11013.503 1.76810e-13
11041.644 1.75780e-13
11069.784 1.74740e-13
11097.925 1.73590e-13
11126.066 1.72070e-13
11154.207 1.71720e-13
11182.348 1.70330e-13
11210.488 1.69380e-13
11238.629 1.69190e-13
11266.769 1.68010e-13
11294.910 1.66690e-13
11323.051 1.65390e-13
11351.192 1.63890e-13
11379.333 1.62010e-13
11407.473 1.60720e-13
11435.614 1.60350e-13
11463.754 1.59530e-13
11491.895 1.58380e-13
11520.035 1.58260e-13
11548.176 1.57770e-13
11576.318 1.56220e-13
11604.458 1.55370e-13
11632.599 1.53810e-13
11660.739 1.52380e-13
11688.880 1.51190e-13
11720.624 1.52880e-13
11760.619 1.51450e-13
11800.613 1.50060e-13
11840.607 1.48350e-13
11880.600 1.46970e-13
11920.595 1.45700e-13
11960.590 1.44360e-13
12000.585 1.43040e-13
12040.579 1.41900e-13
12080.573 1.40750e-13
12120.566 1.39810e-13
12160.561 1.39240e-13
12200.556 1.38370e-13
12240.551 1.37180e-13
12280.545 1.35880e-13
12320.539 1.34900e-13
12360.532 1.34090e-13
12400.527 1.33070e-13
12440.522 1.31820e-13
12480.516 1.30430e-13
12520.511 1.29340e-13
12560.505 1.28170e-13
12600.498 1.26890e-13
12640.493 1.25560e-13
12680.488 1.24030e-13
12720.481 1.22760e-13
12760.476 1.21250e-13
12800.471 1.19990e-13
12840.464 1.19460e-13
12880.459 1.19110e-13
12920.454 1.18700e-13
12960.447 1.18030e-13
13000.442 1.17720e-13
13040.437 1.17330e-13
13080.430 1.16820e-13
13120.425 1.16170e-13
13160.419 1.15080e-13
13200.413 1.14250e-13
13240.408 1.13480e-13
13280.402 1.12660e-13
13320.396 1.11610e-13
13360.391 1.10490e-13
13400.385 1.09760e-13
13440.379 1.09010e-13
13480.372 1.08070e-13
13520.367 1.07140e-13
13560.362 1.06450e-13
13600.357 1.05810e-13
13640.351 1.05250e-13
13680.345 1.04710e-13
13720.338 1.04160e-13
13760.333 1.03680e-13
13800.328 1.02980e-13
13840.322 1.02180e-13
13880.317 1.01400e-13
13920.311 1.00530e-13
13960.304 9.96850e-14
14000.299 9.88720e-14
14040.294 9.80080e-14
14080.288 9.73730e-14
14120.283 9.68390e-14
14160.277 9.61410e-14
14200.270 9.54080e-14
14240.265 9.49600e-14
14280.260 9.44130e-14
14320.254 9.37060e-14
14360.249 9.31390e-14
14400.243 9.25850e-14
14440.236 9.19870e-14
14480.231 9.13330e-14
14520.226 9.09220e-14
14560.219 9.04830e-14
14600.214 8.98170e-14
14640.208 8.91970e-14
14680.202 8.87430e-14
14720.197 8.82500e-14
14760.191 8.74450e-14
14800.185 8.66590e-14
14840.180 8.61410e-14
14880.174 8.57820e-14
14920.168 8.52860e-14
14960.163 8.45810e-14
15000.157 8.39730e-14
15040.151 8.34690e-14
15080.146 8.31060e-14
15120.140 8.26170e-14
15160.134 8.20580e-14
15200.129 8.14860e-14
15240.123 8.09940e-14
15280.117 8.05440e-14
15320.110 8.00280e-14
15360.105 7.97150e-14
15400.100 7.93330e-14
15440.094 7.89080e-14
15480.089 7.82750e-14
15520.083 7.76180e-14
15560.076 7.71410e-14
15600.071 7.66180e-14
15640.066 7.59050e-14
15680.060 7.50860e-14
15720.055 7.44540e-14
15760.049 7.39370e-14
15800.042 7.35880e-14
15840.037 7.31570e-14
15880.032 7.27980e-14
15920.026 7.23890e-14
15960.021 7.18750e-14
16000.015 7.13310e-14
16040.008 7.07650e-14
16080.003 7.01920e-14
16119.998 6.97460e-14
16159.991 6.94870e-14
16199.986 6.90030e-14
16239.980 6.85420e-14
16279.974 6.79570e-14
16319.969 6.72140e-14
16359.963 6.64880e-14
16399.957 6.58750e-14
16439.952 6.54670e-14
16479.946 6.52100e-14
16519.940 6.49330e-14
16559.935 6.45660e-14
16599.929 6.40600e-14
16639.923 6.33630e-14
16679.918 6.26410e-14
16719.912 6.19300e-14
16759.906 6.11930e-14
16799.901 6.04830e-14
16839.895 6.01050e-14
16879.889 5.99300e-14
16919.883 5.97870e-14
16959.878 5.95510e-14
16999.872 5.92240e-14
17039.866 5.88010e-14
17079.861 5.82250e-14
17119.855 5.76530e-14
17159.848 5.71030e-14
17199.843 5.65670e-14
17239.838 5.58440e-14
17279.832 5.49870e-14
17319.827 5.41530e-14
17359.821 5.35200e-14
17399.814 5.32820e-14
17439.809 5.33230e-14
17479.804 5.32580e-14
17519.798 5.30100e-14
17559.793 5.27110e-14
17599.787 5.23490e-14
17639.780 5.18990e-14
17679.775 5.14050e-14
17719.769 5.10390e-14
17759.764 5.06540e-14
17799.759 5.02450e-14
17839.752 4.98100e-14
17879.746 4.94440e-14
17919.741 4.90870e-14
17959.735 4.86260e-14
17999.729 4.81530e-14
18039.724 4.75850e-14
18079.718 4.70120e-14
18119.712 4.62990e-14
18159.707 4.56850e-14
18199.701 4.52990e-14
18239.695 4.52040e-14
18279.690 4.51230e-14
18319.684 4.49640e-14
18359.678 4.47330e-14
18399.673 4.43480e-14
18439.667 4.40460e-14
18479.661 4.36680e-14
18519.655 4.33970e-14
18559.650 4.29240e-14
18599.644 4.24900e-14
18639.638 4.17820e-14
18679.633 4.10860e-14
18719.627 4.02070e-14
18759.621 3.99720e-14
18799.616 4.03340e-14
18839.610 4.02760e-14
18879.604 4.03740e-14
18934.168 3.99010e-14
18991.553 3.95580e-14
19048.938 3.90880e-14
19106.321 3.86270e-14
19163.706 3.82250e-14
19221.091 3.78110e-14
19278.476 3.74070e-14
19335.861 3.67550e-14
19393.246 3.60930e-14
19450.631 3.57140e-14
19508.016 3.56120e-14
19565.401 3.55400e-14
19622.786 3.53230e-14
19680.171 3.50030e-14
19737.556 3.45800e-14
19794.941 3.41800e-14
19852.325 3.38330e-14
19909.710 3.35130e-14
19967.095 3.32070e-14
20024.481 3.28630e-14
20081.866 3.25230e-14
20139.251 3.22090e-14
20196.633 3.19110e-14
20254.018 3.15940e-14
20311.403 3.12960e-14
20368.788 3.09950e-14
20426.173 3.06980e-14
20483.558 3.04180e-14
20540.943 3.00800e-14
20598.328 2.97730e-14
20655.713 2.94750e-14
20713.098 2.91700e-14
20770.483 2.88720e-14
20827.868 2.85440e-14
20885.253 2.82510e-14
20942.638 2.79790e-14
21000.023 2.77190e-14
21057.408 2.74650e-14
21114.793 2.71650e-14
21172.178 2.68810e-14
21229.563 2.66390e-14
21286.948 2.64590e-14
21344.333 2.62150e-14
21401.718 2.58980e-14
21459.103 2.56090e-14
21516.488 2.52770e-14
21573.873 2.49120e-14
21631.255 2.46110e-14
21688.640 2.44280e-14
21746.025 2.43540e-14
21803.410 2.42980e-14
21860.795 2.41670e-14
21918.180 2.39760e-14
21975.565 2.37570e-14
22032.950 2.35000e-14
22090.335 2.32480e-14
22147.720 2.30510e-14
22205.105 2.28640e-14
22262.490 2.26940e-14
22319.875 2.25200e-14
22377.260 2.22810e-14
22434.645 2.20850e-14
22492.030 2.19000e-14
22549.415 2.17120e-14
22606.800 2.15270e-14
22664.185 2.12690e-14
22721.570 2.10280e-14
22778.955 2.08630e-14
22836.339 2.06870e-14
22893.724 2.04690e-14
22951.109 2.02430e-14
23008.494 2.00550e-14
23065.877 1.98850e-14
23123.262 1.97250e-14
23180.647 1.95290e-14
23238.032 1.93540e-14
23295.417 1.91960e-14
23352.802 1.90550e-14
23410.187 1.89200e-14
23467.572 1.87310e-14
23524.957 1.85330e-14
23582.342 1.83200e-14
23639.727 1.81410e-14
23697.112 1.79740e-14
23754.497 1.78030e-14
23811.882 1.76730e-14
23869.267 1.75260e-14
23926.651 1.73530e-14
23984.036 1.71860e-14
24041.421 1.70130e-14
24098.806 1.68140e-14
24156.191 1.66060e-14
24213.576 1.64150e-14
24270.961 1.62710e-14
24328.346 1.61400e-14
24385.729 1.59680e-14
24443.114 1.57840e-14
24500.499 1.56540e-14
24557.884 1.55090e-14
24615.269 1.54490e-14
24672.654 1.54730e-14
24730.039 1.54520e-14
24787.424 1.54000e-14
