8002.498475385633 7.971935828242703e-15
8007.4984490913685 0.0
8012.498422797101 0.0
8017.498396502835 0.0
8022.498370208568 0.0
8027.498343914301 0.0
8032.498317620036 0.0
8037.498291325769 0.0
8042.498265031503 8.274093342865322e-09
8047.4982387372365 2.4682873110037417e-08
8052.498212442969 3.3598098715996784e-08
8057.498186148704 3.512167596755221e-08
8062.498159854436 3.380896788764358e-08
8067.4981335601715 2.9691726956369513e-08
8072.498107265904 2.4402258511346367e-08
8077.498080971638 1.8224589120551808e-08
8082.498054677371 2.3039615448606823e-08
8087.498028383105 3.7619774755311776e-08
8092.49800208884 3.279025792769244e-08
8097.497975794572 1.0455612259580931e-08
8102.497949500307 4.267376953806335e-09
8107.49792320604 1.2212869023262388e-08
8112.497896911772 1.6184100862989658e-08
8117.497870617507 1.6694673247791984e-08
8122.497844323239 1.565431158295984e-08
8127.4978180289745 1.3252668769543752e-08
8132.497791734708 1.1816357654280806e-08
8137.497765440441 1.130151135234588e-08
8142.497739146175 8.116245573134962e-09
8147.497712851908 2.5987343845927874e-09
8152.497686557643 0.0
8157.497660263375 0.0
8162.49763396911 4.140974988468278e-10
8167.497607674843 1.2195817019816445e-09
8172.497581380577 2.995284096689909e-09
8177.49755508631 5.663045602496199e-09
8182.497528792043 5.165120829766108e-09
8187.497502497778 1.6960871261241753e-09
8192.49747620351 3.202382182398043e-09
8197.497449909246 9.51125696837447e-09
8202.49742361498 9.39332647761881e-09
8207.49739732071 3.0804674181977226e-09
8212.497371026446 0.0
8217.497344732179 0.0
8222.497318437914 0.0
8227.497292143646 0.0
8232.49726584938 1.6121995180209876e-10
8237.497239555114 4.850180720894004e-10
8242.497213260847 1.337391753653908e-09
8247.49718696658 2.7242635110369114e-09
8252.497160672314 2.5673193236019766e-09
8257.497134378049 8.64072620110857e-10
8262.497108083782 0.0
8267.497081789514 0.0
8272.497055495249 0.0
8277.497029200982 0.0
8282.497002906717 6.819087411175104e-10
8287.49697661245 2.0694549199051428e-09
8292.496950318184 2.097720542548816e-09
8297.496924023917 7.080342612328476e-10
8302.49689772965 5.346102465076534e-10
8307.496871435385 1.6507487423881712e-09
8312.496845141117 1.679127837027609e-09
8317.496818846852 5.614209753730962e-10
8322.496792552585 0.0
8327.496766258319 0.0
8332.496739964052 2.1913719898707497e-09
8337.496713669785 6.56098389645471e-09
8342.49668737552 6.614245187259097e-09
8347.496661081253 2.2502580535869585e-09
8352.496634786989 0.0
8357.49660849272 0.0
8362.496582198453 2.9486289010815044e-09
8367.496555904188 9.243407567959342e-09
8372.49652960992 9.752336993103097e-09
8377.496503315655 4.0026361116426525e-09
8382.496477021388 8.042198058681154e-10
8387.496450727122 2.680358047466995e-10
8392.496424432857 0.0
8397.496398138588 0.0
8402.496371844323 0.0
8407.496345550057 0.0
8412.496319255792 0.0
8417.496292961523 0.0
8422.496266667256 0.0
8427.496240372991 0.0
8432.496214078725 2.775835641717013e-09
8437.49618778446 8.310001156407378e-09
8442.496161490191 9.39192761131335e-09
8447.496135195926 5.934144463012837e-09
8452.49610890166 3.0860974170250516e-09
8457.496082607391 9.806302305290039e-10
8462.496056313126 4.597340395530522e-10
8467.49603001886 1.387923405024405e-09
8472.496003724595 1.3832328909316252e-09
8477.495977430328 4.541433121115501e-10
8482.49595113606 0.0
8487.495924841794 0.0
8492.495898547528 0.0
8497.495872253263 0.0
8502.495845958994 6.130473312662862e-10
8507.49581966473 1.8268831501933495e-09
8512.495793370463 3.1033639623832436e-09
8517.495767076196 4.462520133183517e-09
8522.49574078193 3.805933453950484e-09
8527.495714487663 1.2329639063369623e-09
8532.495688193398 4.904997427510404e-16
8537.495661899131 0.0
8542.495635604864 0.0
8547.495609310598 0.0
8552.49558301633 0.0
8557.495556722066 0.0
8562.4955304278 0.0
8567.495504133532 0.0
8572.495477839266 1.7262670370792918e-09
8577.495451544999 5.281885444518906e-09
8582.495425250734 9.611659948717513e-09
8587.495398956466 1.447343321683495e-08
8592.4953726622 1.2453423270277184e-08
8597.495346367934 4.035754519204801e-09
8602.495320073669 4.300258256575157e-15
8607.4952937794 0.0
8612.495267485134 5.449335209821314e-09
8617.495241190869 1.5844316619105835e-08
8622.495214896602 1.5564484485067574e-08
8627.495188602337 5.198223055613725e-09
8632.495162308069 1.4441734688457207e-09
8637.495136013802 4.449994535452074e-09
8642.495109719537 4.548530695600939e-09
8647.49508342527 1.5241531028224564e-09
8652.495057131004 1.710991775549143e-15
8657.495030836737 0.0
8662.495004542472 8.661918777965684e-09
8667.494978248205 2.5197520191248096e-08
8672.494951953937 2.5086890701598088e-08
8677.494925659672 8.566686327601638e-09
8682.494899365405 4.692876575293604e-10
8687.49487307114 1.389713382685016e-09
8692.494846776872 2.5597507673187427e-09
8697.494820482607 3.996173884182407e-09
8702.49479418834 1.1168602452247554e-08
8707.494767894073 2.3975675187971836e-08
8712.494741599809 3.296169533241867e-08
8717.49471530554 3.931259040260902e-08
8722.494689011275 3.161168634875744e-08
8727.494662717008 1.0190546925914607e-08
8732.49463642274 1.3393784896332944e-14
8737.494610128475 0.0
8742.494583834208 6.352616300440689e-09
8747.494557539943 1.8043828029881252e-08
8752.494531245677 1.7994474340175424e-08
8757.49450495141 5.894730045087785e-09
8762.494478657143 1.920333683303228e-08
8767.494452362876 6.175443653093953e-08
8772.494426068612 6.392675955161741e-08
8777.494399774343 2.1422229687620074e-08
8782.494373480078 3.215914334383556e-14
8787.494347185811 0.0
8792.494320891545 0.0
8797.49429459728 0.0
8802.494268303011 0.0
8807.494242008746 0.0
8812.49421571448 0.0
8817.494189420215 0.0
8822.494163125946 4.597654280173495e-09
8827.49413683168 1.3353384191710805e-08
8832.494110537415 3.648694066935514e-08
8837.494084243148 7.480906391239799e-08
8842.494057948881 7.107371697255462e-08
8847.494031654614 2.400143977603895e-08
8852.49400536035 1.3586227036044399e-14
8857.493979066083 0.0
8862.493952771814 9.465032778797653e-09
8867.49392647755 2.683685334773148e-08
8872.493900183283 3.0312045253542675e-08
8877.493873889018 1.871753598267515e-08
8882.49384759475 8.407079405230635e-09
8887.493821300483 2.653972417184303e-09
8892.493795006218 2.775054660463663e-15
8897.49376871195 0.0
8902.493742417686 3.711454670966387e-09
8907.493716123417 1.1922110971543144e-08
8912.493689829153 1.2857910874172696e-08
8917.493663534886 4.726941008719179e-09
8922.49363724062 1.2224802267844733e-10
8927.493610946352 4.0611746935971325e-11
8932.493584652086 7.760997276702494e-09
8937.49355835782 2.192583149277481e-08
8942.493532063554 2.121365772356328e-08
8947.493505769286 7.425281154731312e-09
8952.49347947502 6.628157227131393e-09
8957.493453180754 2.0371333945021773e-08
8962.493426886489 3.529999961285959e-08
8967.49340059222 4.9136221000658964e-08
8972.493374297956 6.04842316801414e-08
8977.493348003689 6.489128072559306e-08
8982.493321709422 5.5651482908418445e-08
8987.493295415157 3.7085849387362944e-08
8992.493269120889 1.9490849248894418e-08
8997.493242826624 8.620460367601837e-09
9002.493216532357 2.365732008128196e-08
9007.493190238092 6.723016992732182e-08
9012.493163943824 6.676836568990833e-08
9017.493137649557 2.37945463248213e-08
9022.493111355292 6.747597374696504e-14
9027.493085061025 0.0
9032.49305876676 1.7905125264055736e-08
9037.493032472492 5.493054628363283e-08
9042.493006178225 5.437485732865385e-08
9047.49297988396 1.8154352532391195e-08
9052.492953589692 2.401507855298359e-09
9057.492927295427 7.598298924221874e-09
9062.49290100116 2.7772133995914395e-08
9067.492874706895 6.822000952781949e-08
9072.492848412629 6.0920941021932e-08
9077.49282211836 2.224877996814794e-08
9082.492795824095 4.711161006895886e-14
9087.492769529828 0.0
9092.492743235563 2.5303949442237398e-09
9097.492716941295 7.900593416745926e-09
9102.492690647028 1.5317872229494674e-08
9107.492664352763 2.6158035942923916e-08
9112.492638058497 2.7523441891514505e-08
9117.49261176423 1.545893755151992e-08
9122.492585469963 2.7744832570187227e-08
9127.492559175698 6.333144940481466e-08
9132.492532881432 6.732405109448355e-08
9137.492506587163 5.6619621051702774e-08
9142.492480292898 6.183897348890853e-08
9147.492453998631 7.271441756958444e-08
9152.492427704366 8.483171947794178e-08
9157.4924014101 8.961071222000431e-08
9162.492375115833 9.710575133369426e-08
9167.492348821566 6.945529650300296e-08
9172.4923225273 5.1936705073391175e-08
9177.492296233035 4.3251217720807344e-08
9182.492269938766 4.913139890579515e-08
9187.492243644501 5.5375037059405114e-08
9192.492217350235 5.413224554276453e-08
9197.492191055968 3.747959094603463e-08
9202.492164761701 5.222426984832124e-08
9207.492138467434 9.231988730661692e-08
9212.49211217317 1.2511984832694276e-07
9217.492085878903 1.4432822692296576e-07
9222.492059584638 1.4560503088956873e-07
9227.49203329037 1.0717218041801675e-07
9232.492006996103 6.668169625785807e-08
9237.491980701838 2.269405735940548e-08
9242.49195440757 4.568655179397702e-14
9247.491928113304 0.0
9252.491901819038 1.1857305845149008e-08
9257.49187552477 3.7347943749106776e-08
9262.491849230506 3.765085515671173e-08
9267.491822936237 1.3168947128961176e-08
9272.491796641973 1.8877234914773e-08
9277.491770347706 5.8260404901701635e-08
9282.491744053441 1.1339940201093713e-07
9287.491717759172 1.9128747200321372e-07
9292.491691464906 2.6480886071234147e-07
9297.49166517064 3.103530054804738e-07
9302.491638876374 2.413816010192466e-07
9307.49161258211 8.782672877097032e-08
9312.49158628784 2.4701416487668166e-08
9317.491559993576 6.054455033294748e-08
9322.491533699309 1.4575291351926224e-07
9327.49150740504 1.856815475671626e-07
9332.491481110776 2.582019616006181e-07
9337.491454816509 1.8298505183573297e-07
9342.491428522244 1.6736992855607512e-07
9347.491402227977 6.841417437550944e-08
9352.491375933709 1.9109894798910722e-07
9357.491349639444 2.4982103353144164e-07
9362.491323345177 3.1385118400899224e-07
9367.491297050912 3.302270482919936e-07
9372.491270756644 2.112826324064783e-07
9377.491244462379 1.1632231633251715e-07
9382.491218168112 3.222744104652099e-08
9387.491191873845 9.739047331259711e-08
9392.49116557958 1.6854104849752152e-07
9397.491139285312 2.110355518863827e-07
9402.491112991047 2.621019158677141e-07
9407.49108669678 4.198243448183729e-07
9412.491060402514 4.2360773666110134e-07
9417.491034108247 4.373994061668474e-07
9422.49100781398 3.1693804387750557e-07
9427.490981519715 2.362500891802431e-07
9432.490955225448 3.2460842377008693e-07
9437.490928931182 8.640101545470523e-07
9442.490902636915 4.600389263874079e-07
9447.490876342648 2.264316707665313e-07
9452.490850048383 4.4037786493438334e-07
9457.490823754115 1.0610641841009138e-06
9462.49079745985 1.125138819476169e-06
9467.490771165583 5.079227134188556e-07
9472.490744871318 1.44304140613909e-12
9477.49071857705 0.0
9482.490692282783 0.0
9487.490665988518 0.0
9492.490639694252 0.0
9497.490613399987 0.0
9502.490587105718 1.385501775690939e-07
9507.490560811451 7.131966922846324e-07
9512.490534517186 8.688786318135119e-07
9517.49050822292 4.926961768667644e-07
9522.490481928653 3.5619902588330743e-07
9527.490455634386 5.048473934993363e-07
9532.490429340121 4.102810233233775e-07
9537.490403045855 1.5526239989715453e-07
9542.490376751586 7.030884907997985e-13
9547.490350457321 0.0
9552.490324163055 0.0
9557.49029786879 0.0
9562.490271574521 7.674757462175446e-07
9567.490245280256 1.6908414801106118e-06
9572.49021898599 2.7129403376468752e-06
9577.490192691723 2.6490833439953815e-06
9582.490166397458 1.921469214320111e-06
9587.49014010319 2.0236774396303626e-06
9592.490113808924 1.0978419631168964e-06
9597.490087514658 4.2343807356318134e-07
9602.49006122039 7.772953723575865e-07
9607.490034926124 2.162439173198005e-06
9612.490008631858 2.581230760698669e-06
9617.489982337593 1.492355682897365e-06
9622.489956043326 6.730919342030308e-07
9627.489929749061 2.2192044064155832e-07
9632.489903454793 8.505453328708558e-08
9637.489877160526 2.196415100055856e-07
9642.48985086626 1.088707618375901e-06
9647.489824571992 2.378900310275265e-06
9652.489798277727 2.9230836914871577e-06
9657.48977198346 1.6697710597048047e-06
9662.489745689194 1.0092881767105235e-06
9667.48971939493 9.249336247116465e-07
9672.48969310066 9.303749140465692e-07
9677.489666806396 1.040407925730974e-06
9682.489640512129 8.810629950226519e-07
9687.489614217864 6.985757356723583e-07
9692.489587923596 4.3334731102731706e-07
9697.489561629329 1.4123585447256107e-07
9702.489535335064 1.521531138100559e-07
9707.489509040797 4.795618788494889e-07
9712.48948274653 4.591636116966434e-07
9717.489456452264 1.459942437344797e-07
9722.489430157997 1.3893652259215645e-07
9727.489403863732 3.8875170357709236e-07
9732.489377569464 5.363163754166826e-07
9737.489351275199 5.350524154437562e-07
9742.489324980932 5.757636781414312e-07
9747.489298686667 5.30409457768999e-07
9752.4892723924 6.571173146033097e-07
9757.489246098132 9.119100890683839e-07
9762.489219803867 1.0194844027310742e-06
9767.4891935096 1.0352963250031145e-06
9772.489167215335 8.084784162837023e-07
9777.489140921067 2.584467836439997e-07
9782.489114626802 1.0921579480855219e-12
9787.489088332535 0.0
9792.489062038268 1.2813960190700512e-07
9797.489035744002 3.8287050182477663e-07
9802.489009449735 3.745107810553534e-07
9807.48898315547 1.2562985043145413e-07
9812.488956861203 3.1273220937227033e-07
9817.488930566935 9.091913058436551e-07
9822.48890427267 9.8164135425636e-07
9827.488877978403 5.47526483897113e-07
9832.488851684138 4.5999469447444927e-07
9837.48882538987 6.961034808547894e-07
9842.488799095605 1.0151609569251123e-06
9847.488772801338 1.4089199270990634e-06
9852.488746507071 1.1929793883373072e-06
9857.488720212807 3.9882654716965683e-07
9862.488693918538 1.49091628283891e-12
9867.488667624273 0.0
9872.488641330006 0.0
9877.48861503574 0.0
9882.488588741473 1.0361724584879391e-07
9887.488562447206 3.1054814666830644e-07
9892.488536152941 3.5960978655035494e-07
9897.488509858675 2.521524956618664e-07
9902.48848356441 3.211966462173255e-07
9907.488457270141 5.673726414429234e-07
9912.488430975875 6.620645856162482e-07
9917.48840468161 6.095403731009564e-07
9922.488378387341 5.813215013868879e-07
9927.488352093076 5.765940020644556e-07
9932.48832579881 7.39485548540981e-07
9937.488299504545 1.0655411362394038e-06
9942.488273210278 1.009739373553301e-06
9947.48824691601 5.755108435427378e-07
9952.488220621744 3.257841826942864e-07
9957.488194327478 2.599232441236202e-07
9962.488168033213 3.204201579356054e-07
9967.488141738944 5.109817962455579e-07
9972.488115444678 4.5432938475370597e-07
9977.488089150413 1.5008845653166882e-07
9982.488062856146 1.1504678306677313e-07
9987.488036561881 3.4387822021780974e-07
9992.488010267612 3.4631369970211075e-07
9997.487983973348 1.1727486664286178e-07
10002.48795767908 1.5858986906792788e-07
10007.487931384812 4.719731773104679e-07
10012.487905090547 5.146354942363217e-07
10017.487878796283 2.8790688973080524e-07
10022.487852502016 1.2989039734721722e-07
10027.48782620775 4.3206537816137764e-08
10032.48779991348 9.712795450297967e-08
10037.487773619216 2.9016241105288584e-07
10042.48774732495 3.8708406346751196e-07
10047.487721030684 3.8907225631433393e-07
10052.487694736416 4.279579744178613e-07
10057.487668442149 5.036262161221633e-07
10062.487642147884 4.070486593471351e-07
10067.487615853619 1.3621335973036203e-07
10072.48758955935 2.071688467927569e-07
10077.487563265084 6.230126058084182e-07
10082.487536970817 6.271739093937495e-07
10087.487510676552 2.1277041972395327e-07
10092.487484382287 2.0041237261648652e-07
10097.487458088019 5.995339789145847e-07
10102.487431793752 6.528470465990589e-07
10107.487405499487 3.6086185802821973e-07
10112.48737920522 1.6130012736485894e-07
10117.487352910954 5.427940049425947e-08
10122.487326616687 3.68273898321898e-13
10127.48730032242 0.0
10132.487274028155 2.9173145934146363e-07
10137.48724773389 8.88103342288259e-07
10142.487221439622 8.955704150530848e-07
10147.487195145355 2.9948957756941064e-07
10152.487168851088 1.6271362002408545e-12
10157.487142556822 0.0
10162.487116262557 0.0
10167.48708996829 0.0
10172.487063674023 1.4553432615929757e-07
10177.487037379755 4.378762337974325e-07
10182.48701108549 6.31317365012239e-07
10187.486984791225 7.261456467403564e-07
10192.486958496958 6.631050967243399e-07
10197.48693220269 4.3746955534523166e-07
10202.486905908423 4.899606531824824e-07
10207.486879614158 8.355745021580221e-07
10212.486853319893 1.1623000349035353e-06
10217.486827025627 1.4681074246048785e-06
10222.486800731358 1.2207591657993099e-06
10227.486774437093 4.07870619055549e-07
10232.486748142828 2.3283800464051112e-07
10237.486721848562 7.030261731216375e-07
10242.486695554293 7.114499802459474e-07
10247.486669260026 2.40435248954904e-07
10252.486642965761 1.638577086410259e-12
10257.486616671496 0.0
10262.48659037723 0.0
10267.486564082961 0.0
10272.486537788694 0.0
10277.48651149443 0.0
10282.486485200165 1.1460572860406669e-07
10287.486458905896 3.4816093226739555e-07
10292.48643261163 4.5297795225391407e-07
10297.486406317363 4.238417221575588e-07
10302.486380023098 6.344783285968606e-07
10307.486353728831 1.100502103727234e-06
10312.486327434564 1.3033660124990896e-06
10317.486301140298 1.2279139051480741e-06
10322.486274846033 1.2001751917678323e-06
10327.486248551768 1.2221845921558836e-06
10332.4862222575 9.714728793517604e-07
10337.486195963233 4.420775637957519e-07
10342.486169668966 1.322669187325043e-07
10347.4861433747 4.514982665130695e-08
10352.486117080434 3.181684244234303e-13
10357.486090786168 0.0
10362.4860644919 5.3004256042756605e-09
10367.486038197632 1.6279823044570067e-08
10372.486011903367 2.912151425192496e-07
10377.485985609102 8.39198534996477e-07
10382.485959314836 8.48146326583468e-07
10387.485933020569 2.892425247003546e-07
10392.4859067263 1.3659396455498707e-07
10397.485880432036 4.1446164982277966e-07
10402.48585413777 8.153968688212723e-07
10407.485827843504 1.3542972487439171e-06
10412.485801549235 1.5708030802638986e-06
10417.48577525497 1.4408675327114946e-06
10422.485748960704 1.124428909363345e-06
10427.485722666439 6.100086208169514e-07
10432.48569637217 2.6128172804331286e-07
10437.485670077904 8.910735935862386e-08
10442.485643783639 3.082328310282861e-08
10447.485617489374 9.40529284790693e-08
10452.485591195107 1.7529567641751445e-07
10457.485564900839 2.7580257086292786e-07
10462.485538606572 4.5176810639945495e-07
10467.485512312307 7.090285689134754e-07
10472.485486018042 1.0824185665583324e-06
10477.485459723774 1.5783706565732324e-06
10482.485433429507 1.3903801212197248e-06
10487.48540713524 4.735679783689417e-07
10492.485380840975 4.735764173771551e-12
10497.48535454671 0.0
10502.485328252442 1.4606861908104462e-07
10507.485301958175 4.469431424583825e-07
10512.485275663908 4.557114039500178e-07
10517.485249369645 1.548768418016877e-07
10522.485223075377 7.592848188979463e-07
10527.48519678111 2.3462075904756085e-06
10532.485170486843 2.7924258831409155e-06
10537.485144192578 1.9994059249413693e-06
10542.485117898312 1.6756595859692381e-06
10547.485091604045 1.8547103938955172e-06
10552.485065309778 2.1490480688427215e-06
10557.48503901551 2.5677849707688553e-06
10562.485012721245 2.2172760422536364e-06
10567.48498642698 1.039313461834941e-06
10572.484960132713 9.078530040527601e-07
10577.484933838447 1.9047272277282024e-06
10582.484907544178 1.9180558732465038e-06
10587.484881249913 8.669177822056334e-07
10592.484854955648 7.150757389137883e-07
10597.484828661381 1.5324711780434183e-06
10602.484802367113 1.849877060537855e-06
10607.484776072846 1.6246368429496547e-06
10612.484749778581 1.3151031895447823e-06
10617.484723484316 9.177033693448722e-07
10622.48469719005 1.0095384422147164e-06
10627.484670895781 1.6326588453910384e-06
10632.484644601514 2.486225453282078e-06
10637.484618307251 3.5883706917737416e-06
10642.484592012985 4.489347442648498e-06
10647.484565718716 5.169965665974433e-06
10652.48453942445 4.2047950793487036e-06
10657.484513130184 1.4433300553410998e-06
10662.48448683592 7.394187127480566e-07
10667.484460541651 2.2841647032428563e-06
10672.484434247384 3.4582270040979516e-06
10677.484407953118 4.221670699994583e-06
10682.484381658853 3.5171977905105917e-06
10687.484355364588 1.2065904589476265e-06
10692.48432907032 1.8116282918041502e-06
10697.484302776053 5.606719142237277e-06
10702.484276481786 6.767444109319692e-06
10707.48425018752 5.06768517490022e-06
10712.484223893254 4.312750854856299e-06
10717.484197598988 4.5940987130075205e-06
10722.48417130472 5.408633733758178e-06
10727.484145010452 6.803141431588287e-06
10732.484118716191 5.739749657197571e-06
10737.484092421922 1.9690637526277778e-06
10742.484066127656 5.372164067783252e-07
10747.484039833389 1.6455202472488757e-06
10752.484013539122 4.036940256232495e-06
10757.483987244857 7.792079493134486e-06
10762.48396095059 7.549211278366154e-06
10767.483934656324 2.949185342968408e-06
10772.483908362055 4.0852235042109995e-07
10777.48388206779 1.4012802395923503e-07
10782.483855773526 2.645394434611622e-06
10787.483829479259 8.20473366072919e-06
10792.48380318499 8.92512609320162e-06
10797.483776890724 4.3554287726082125e-06
10802.483750596459 3.370726996853021e-06
10807.483724302194 6.358091832195982e-06
10812.483698007927 8.418111915930582e-06
10817.483671713659 9.5809303175844e-06
10822.483645419392 1.368252272000126e-05
10827.483619125129 2.0988499522025465e-05
10832.483592830862 2.300508110423951e-05
10837.483566536594 1.9107730045266605e-05
10842.483540242327 1.5306569083614212e-05
10847.483513948062 1.0899558342924714e-05
10852.483487653797 8.701646963002799e-06
10857.48346135953 8.953101147934536e-06
10862.483435065262 8.202965896439154e-06
10867.483408770995 7.279986939495482e-06
10872.48338247673 9.680088783509835e-06
10877.483356182465 1.6185332984570335e-05
10882.483329888197 2.141367788288015e-05
10887.48330359393 2.510298777263125e-05
10892.483277299663 2.0576684509756793e-05
10897.483251005398 7.311045602891369e-06
10902.483224711132 3.5709347006246416e-06
10907.483198416865 1.0591190755249933e-05
10912.483172122598 1.0901381156483011e-05
10917.48314582833 3.7658909382077104e-06
10922.483119534065 2.6499512019500596e-06
10927.4830932398 7.81653705837816e-06
10932.483066945533 9.260813968654014e-06
10937.483040651266 5.51149843064744e-06
10942.483014357 4.101957950045327e-06
10947.482988062735 5.112321100923623e-06
10952.482961768468 5.69850995381062e-06
10957.482935474201 5.29217834119271e-06
10962.482909179933 1.0774000108760695e-05
10967.482882885668 2.2870887036659043e-05
10972.482856591403 2.2200429144811142e-05
10977.482830297136 7.4880492087518535e-06
10982.48280400287 2.5458030663522253e-06
10987.482777708601 7.738440078434241e-06
10992.482751414336 8.035903129450558e-06
10997.482725120071 2.637660632075871e-06
11002.482698825805 1.3091492263720159e-05
11007.482672531536 3.958738203623239e-05
11012.48264623727 4.677735917787496e-05
11017.482619943004 3.2378213670831456e-05
11022.48259364874 1.9849267753332217e-05
11027.482567354471 1.0187015021697864e-05
11032.482541060204 1.405788536866886e-05
11037.482514765938 3.3147535061484e-05
11042.482488471675 3.7426300775336654e-05
11047.482462177408 3.27210894495939e-05
11052.48243588314 3.061711775798138e-05
11057.482409588873 3.134022578753612e-05
11062.482383294608 2.961034576209081e-05
11067.482357000343 2.625936380581638e-05
11072.482330706074 2.9029807927166418e-05
11077.482304411807 3.735306195591161e-05
11082.48227811754 3.238667053092829e-05
11087.482251823276 1.8115592573556496e-05
11092.482225529011 1.5179277401545982e-05
11097.482199234742 2.396961510775182e-05
11102.482172940476 3.536566721956764e-05
11107.482146646209 4.224458140841461e-05
11112.482120351942 3.8976632663590456e-05
11117.482094057677 1.2394020407437454e-05
11122.48206776341 2.128207781674963e-05
11127.482041469144 6.43399669586043e-05
11132.482015174875 6.607553142483904e-05
11137.481988880612 5.4672151225356755e-05
11142.481962586346 4.379915072967446e-05
11147.481936292079 1.4811514655457583e-05
11152.48190999781 2.9982477437623292e-06
11157.481883703545 1.1512748879460845e-05
11162.48185740928 1.562567179861526e-05
11167.481831115014 1.731338985896188e-05
11172.481804820747 2.4790064021398258e-05
11177.481778526479 1.9694934510870764e-05
11182.481752232214 1.2422049141431413e-05
11187.481725937949 1.2910511538975446e-05
11192.481699643682 6.60978344767229e-06
11197.481673349414 3.3369335920521608e-06
11202.481647055147 1.4840561920947525e-12
11207.481620760882 0.0
11212.481594466617 1.7862531377249074e-06
11217.48156817235 6.446956544355965e-06
11222.481541878082 4.2620989293766e-06
11227.481515583815 1.5039286055765461e-06
11232.48148928955 3.1249401442959605e-11
11237.481462995285 0.0
11242.481436701017 0.0
11247.48141040675 0.0
11252.481384112485 0.0
11257.48135781822 0.0
11262.481331523952 1.6554507442666175e-05
11267.481305229685 7.683237109828907e-05
11272.481278935418 7.02932341930786e-05
11277.481252641153 2.0865659532417464e-05
11282.481226346888 2.5470327259211867e-10
11287.48120005262 0.0
11292.481173758353 1.0530258015849138e-05
11297.481147464086 2.284291340245367e-05
11302.48112116982 2.890978430485001e-05
11307.481094875555 1.3504658697802383e-05
11312.481068581288 1.5663876780009829e-10
11317.481042287021 0.0
11322.481015992753 1.0107387854986094e-05
11327.480989698488 3.855731709092513e-05
11332.480963404223 3.7792697483349824e-05
11337.480937109956 2.287966160686514e-05
11342.48091081569 3.2913972856936606e-05
11347.480884521421 6.760192367671891e-06
11352.480858227158 5.5004143088860704e-05
11357.480831932891 5.912923252767105e-05
11362.480805638625 2.870193371098901e-05
11367.480779344356 5.27970500129438e-05
11372.480753050091 5.917270736761341e-05
11377.480726755826 4.9882164928139486e-05
11382.48070046156 4.536577502458685e-05
11387.480674167291 9.978715537707385e-06
11392.480647873024 9.437208689552948e-06
11397.48062157876 2.197943102130679e-05
11402.480595284494 4.670641456047871e-05
11407.480568990228 5.3534749562708085e-05
11412.48054269596 6.292573054418812e-05
11417.480516401693 1.563020288240818e-05
11422.480490107428 4.751211513768458e-06
11427.480463813163 1.541037877268586e-05
11432.480437518894 3.458173927078513e-05
11437.480411224627 4.6085376482963115e-05
11442.48038493036 3.3870405867808274e-05
11447.480358636098 1.6493022207201565e-05
11452.480332341831 1.1734899368908688e-11
11457.480306047562 0.0
11462.480279753296 0.0
11467.48025345903 0.0
11472.480227164766 0.0
11477.480200870497 0.0
11482.48017457623 0.0
11487.480148281964 0.0
11492.480121987699 1.622264814737451e-05
11497.480095693432 2.7252531645602538e-05
11502.480069399166 4.090073644326263e-05
11507.480043104899 1.5191917150694225e-05
11512.48001681063 1.74117754323258e-05
11517.479990516365 6.39168528460324e-05
11522.4799642221 5.088818219835489e-05
11527.479937927834 1.0879273112199452e-05
11532.479911633567 3.4102672990099193e-10
11537.479885339299 0.0
11542.479859045035 0.0
11547.479832750769 0.0
11552.479806456502 9.559423714207474e-07
11557.479780162234 2.469893038721024e-06
11562.479753867969 1.2443062196442935e-05
11567.479727573704 2.8731047859442747e-05
11572.479701279437 3.486704816430288e-05
11577.47967498517 2.862364822432802e-05
11582.479648690902 3.6716451653440605e-05
11587.479622396637 3.98033982061902e-05
11592.479596102372 4.3625407758947657e-05
11597.479569808105 3.681466893355836e-05
11602.479543513837 2.3399246857544474e-05
11607.47951721957 8.791100741314446e-06
11612.479490925305 1.170023061627615e-05
11617.47946463104 3.8320915760775044e-05
11622.479438336772 3.551830146333304e-05
11627.479412042505 1.2746187728779997e-05
11632.479385748238 2.219971211579847e-05
11637.479359453973 6.291756214280893e-05
11642.479333159708 6.689164919778123e-05
11647.47930686544 2.2401110264851816e-05
11652.479280571173 2.08975380857327e-05
11657.479254276906 6.116516811972062e-05
11662.479227982643 7.367768319570951e-05
11667.479201688375 4.470128304174136e-05
11672.479175394108 2.74750020630708e-05
11677.479149099841 1.843872622426731e-05
11682.479122805576 1.0462350057389179e-05
11687.47909651131 3.5648313387991003e-06
11692.479070217043 1.7096389790235303e-05
11697.479043922776 5.321766352981867e-05
11702.47901762851 5.260407651149779e-05
11707.478991334243 1.75185875214688e-05
11712.478965039978 3.509750004664499e-06
11717.478938745711 1.0510171333607886e-05
11722.478912451445 1.0438716628413294e-05
11727.478886157176 3.6435713720965085e-06
11732.478859862911 2.114010609122749e-06
11737.478833568646 5.689172238610859e-06
11742.47880727438 2.2262101152365416e-05
11747.478780980111 5.5148707161353524e-05
11752.478754685844 8.345733503824447e-05
11757.478728391581 0.00011895364918374085
11762.478702097314 0.00011609197050814047
11767.478675803048 7.288631980761728e-05
11772.47864950878 7.541274547057164e-05
11777.478623214514 0.00011453506282060993
11782.47859692025 0.00011526440393661198
11787.478570625983 4.593511223638893e-05
11792.478544331714 7.169932969542585e-06
11797.478518037447 2.1545033581725114e-06
11802.478491743183 3.630407265131999e-11
11807.478465448918 0.0
11812.478439154651 1.4164383045127174e-05
11817.478412860382 3.8046727037286373e-05
11822.478386566116 4.062168848727925e-05
11827.47836027185 1.4432902091266156e-05
11832.478333977586 2.3633596262040186e-10
11837.478307683317 0.0
11842.47828138905 3.799979044070699e-06
11847.478255094784 1.1989113905897528e-05
11852.47822880052 1.1912232305359784e-05
11857.478202506252 4.227259496304207e-06
11862.478176211986 1.0029777935051196e-10
11867.478149917719 0.0
11872.478123623454 1.3209671396122505e-05
11877.478097329189 3.701991792125378e-05
11882.47807103492 3.6997209526505804e-05
11887.478044740654 1.2948726583254775e-05
11892.478018446387 1.0266229970322316e-05
11897.47799215212 3.203455674290126e-05
11902.477965857855 3.280157624584919e-05
11907.477939563589 1.4350450208838539e-05
11912.477913269322 3.717680790462153e-06
11917.477886975053 1.2596681965651315e-06
11922.477860680789 1.493895124992555e-05
11927.477834386524 4.4757683188259714e-05
11932.477808092257 5.456640605811959e-05
11937.47778179799 4.808341261100976e-05
11942.477755503722 3.388328630345364e-05
11947.477729209457 1.131867088017677e-05
11952.477702915192 2.5573125068440034e-10
11957.477676620925 0.0
11962.477650326657 0.0
11967.47762403239 0.0
11972.477597738127 0.0
11977.47757144386 0.0
11982.477545149592 5.349791661856179e-06
11987.477518855325 1.5261089770572196e-05
11992.47749256106 2.803964684752279e-05
11997.477466266795 4.350007680194908e-05
12002.477439972528 5.7641336881265416e-05
12007.47741367826 7.197455581919946e-05
12012.477387383993 6.008810648669097e-05
12017.477361089728 1.9949796071333038e-05
12022.477334795463 1.2435633009562799e-05
12027.477308501195 3.7180686960310326e-05
12032.477282206928 6.13227622344452e-05
12037.477255912661 7.724004127972396e-05
12042.477229618396 8.026816383228682e-05
12047.47720332413 4.6405191601759266e-05
12052.477177029863 2.0123855408087774e-05
12057.477150735596 7.180921971947155e-06
12062.47712444133 1.0475273888076978e-10
12067.477098147066 0.0
12072.477071852798 2.4214769570439318e-05
12077.477045558531 7.593281931749367e-05
12082.477019264265 8.826596547171186e-05
12087.47699297 6.949314246123672e-05
12092.476966675733 4.2439151387487525e-05
12097.476940381466 1.4836148722454011e-05
12102.4769140872 2.2882356085270462e-10
12107.476887792931 0.0
12112.476861498666 0.0
12117.476835204401 0.0
12122.476808910134 0.0
12127.476782615868 0.0
12132.4767563216 1.6112116331539448e-05
12137.476730027334 4.818487845450389e-05
12142.47670373307 4.790337158262317e-05
12147.476677438803 1.622520209263911e-05
12152.476651144534 2.9061888033789646e-10
12157.476624850267 0.0
12162.476598556004 2.5782481550604068e-05
12167.476572261738 7.700671898165577e-05
12172.47654596747 8.197567304548912e-05
12177.476519673202 3.5357874828934426e-05
12182.476493378937 8.835564459169275e-06
12187.476467084673 2.975359285770547e-06
12192.476440790406 6.810623272037192e-11
12197.476414496137 0.0
12202.47638820187 9.39325747906515e-06
12207.476361907606 2.8782655054512735e-05
12212.47633561334 4.669904703415631e-05
12217.476309319072 6.29134544131551e-05
12222.476283024806 8.115149944210128e-05
12227.476256730539 9.660917780806245e-05
12232.476230436274 7.964762777403564e-05
12237.476204142009 2.6387946416375502e-05
12242.47617784774 6.044803555020867e-10
12247.476151553474 0.0
12252.476125259207 1.4182504276731779e-05
12257.47609896494 4.348346815129789e-05
12262.476072670675 6.006558076046834e-05
12267.476046376409 6.441411216940126e-05
12272.476020082142 6.179828648668185e-05
12277.475993787873 5.475377880272371e-05
12282.47596749361 6.150252138082693e-05
12287.475941199344 8.266104350694417e-05
12292.475914905077 9.717410016202803e-05
12297.47588861081 0.00010332213124838794
12302.475862316543 9.710346217651957e-05
12307.475836022279 7.735777274999008e-05
12312.475809728012 5.0516365516534644e-05
12317.475783433745 1.6927150720323076e-05
12322.475757139477 3.355432464236951e-10
12327.475730845212 0.0
12332.475704550947 1.1193560233018614e-05
12337.47567825668 3.407664486237501e-05
12342.475651962412 3.994361613897564e-05
12347.475625668145 2.853917108577923e-05
12352.47559937388 2.872259295837265e-05
12357.475573079615 4.072207729173154e-05
12362.475546785348 6.33840815372755e-05
12367.47552049108 9.660688179048707e-05
12372.475494196813 8.717822340515028e-05
12377.47546790255 3.36573455470675e-05
12382.475441608283 3.4721127478689404e-05
12387.475415314015 9.128810239934552e-05
12392.475389019748 0.00011158941467574519
12397.475362725483 9.485267830916103e-05
12402.475336431218 7.500840947384014e-05
12407.47531013695 5.199796569542352e-05
12412.475283842683 3.0430945776951928e-05
12417.475257548416 1.0221361376641647e-05
12422.475231254151 2.6244066509828073e-05
12427.475204959886 7.909453563198083e-05
12432.475178665618 9.442092530429143e-05
12437.475152371351 7.158257764728105e-05
12442.475126077084 4.515218321712043e-05
12447.47509978282 1.5143772492780728e-05
12452.475073488553 4.303624780908345e-10
12457.475047194286 0.0
12462.47502090002 5.685556702203854e-05
12467.47499460575 0.00017156671495259567
12472.47496831149 0.00021313904455045685
12477.474942017221 0.0001799107426593813
12482.474915722954 0.00014820376595519374
12487.474889428688 0.00011901070244239117
12492.474863134421 8.587749860890868e-05
12497.474836840156 4.88795194803471e-05
12502.47481054589 2.2962151364608555e-05
12507.474784251623 7.704452212273693e-06
12512.474757957354 1.3410716788999148e-05
12517.47473166309 4.0589022058809756e-05
12522.474705368824 7.915578136319405e-05
12527.474679074558 0.00012799825858302995
12532.474652780289 0.00014165093169545335
12537.474626486022 0.0001158082888328032
12542.474600191757 8.675267207476219e-05
12547.474573897493 5.895862254977762e-05
12552.474547603226 6.16956206162415e-05
12557.474521308957 9.485059468090194e-05
12562.47449501469 9.557336522452945e-05
12567.474468720426 5.657563600084672e-05
12572.47444242616 3.555255581202792e-05
12577.474416131892 3.580858809574784e-05
12582.474389837625 4.026847145002603e-05
12587.474363543359 5.000010574672391e-05
12592.474337249096 8.404513298527108e-05
12597.474310954829 0.00014912938679941884
12602.47428466056 0.00016721547312399744
12607.474258366294 0.00013782798375001882
12612.474232072029 0.00013623220488960392
12617.474205777764 0.00015574479882084362
12622.474179483495 0.00012988827624969176
12627.474153189229 5.608193514677082e-05
12632.474126894962 2.5338547085775296e-05
12637.474100600697 2.186259061594135e-05
12642.47407430643 2.545040726978657e-05
12647.474048012164 4.338465683809811e-05
12652.474021717897 7.208385778050966e-05
12657.473995423628 0.00011318616440256401
12662.473969129363 0.00012408817852206528
12667.473942835099 0.00011200449845396198
12672.473916540832 0.00011548262338383579
12677.473890246565 0.00011500920924272454
12682.473863952297 8.547893693187982e-05
12687.473837658034 2.0397864397357238e-05
12692.473811363767 2.06236403116818e-05
12697.4737850695 6.768122848212065e-05
12702.473758775232 8.595122541496217e-05
12707.473732480967 6.771161417144153e-05
12712.473706186702 6.833433650399664e-05
12717.473679892435 8.478488055942784e-05
12722.473653598168 7.041177786515778e-05
12727.4736273039 2.3281446685870505e-05
12732.473601009635 1.6360821785017666e-05
12737.47357471537 4.79541684138183e-05
12742.473548421103 5.5845604409555945e-05
12747.473522126835 4.062266638972635e-05
12752.473495832568 5.6602215810398805e-05
12757.473469538303 0.00010514360000230361
12762.473443244038 9.627721667936167e-05
12767.47341694977 3.344864238245003e-05
12772.473390655503 3.171286512414348e-05
12777.473364361236 9.874583342830722e-05
12782.473338066973 0.00011876830893624563
12787.473311772706 9.971543348084757e-05
12792.473285478438 7.75438615436249e-05
12797.473259184171 5.36123397429806e-05
12802.473232889906 3.119977881685927e-05
12807.473206595641 1.0515972207014499e-05
12812.473180301373 5.3146821318438e-05
12817.473154007106 0.00016013185832672945
12822.47312771284 0.0001744244993996242
12827.473101418575 9.783308273290527e-05
12832.47307512431 6.454224050312981e-05
12837.473048830041 7.704543562791316e-05
12842.473022535774 6.265797132965994e-05
12847.472996241508 2.074946224551311e-05
12852.472969947241 6.631548064266617e-06
12857.472943652976 2.0023128475652823e-05
12862.47291735871 2.0175412870424985e-05
12867.472891064443 6.718747671743381e-06
12872.472864770174 3.523334582066291e-05
12877.47283847591 0.00010676885994499648
12882.472812181644 0.00010706257100409852
12887.472785887378 3.587555324827966e-05
12892.472759593109 1.3174815779958955e-05
12897.472733298844 3.993529499267506e-05
12902.47270700458 4.010576562191124e-05
12907.472680710312 1.3492936780010972e-05
12912.472654416046 3.0786878063938744e-05
12917.472628121777 9.191919324611518e-05
12922.472601827512 9.363705628369605e-05
12927.472575533247 3.137914809903752e-05
12932.47254923898 2.2044463810286436e-05
12937.472522944712 6.628883352681715e-05
12942.472496650445 7.629815756122792e-05
12947.47247035618 5.0418633461728145e-05
12952.472444061916 5.909142672723209e-05
12957.472417767649 0.00010139162886481004
12962.47239147338 9.451769186037275e-05
12967.472365179114 3.325951367914628e-05
12972.472338884849 4.1615758855886766e-05
12977.472312590584 0.00012486938315005793
12982.472286296315 0.00012573236836838485
12987.472260002049 4.237393948116012e-05
12992.472233707782 1.8699678920192745e-05
12997.472207413519 5.726848162249018e-05
13002.47218111925 6.759307026671705e-05
13007.472154824984 5.091792879827293e-05
13012.472128530717 4.239119951730956e-05
13017.472102236448 4.494800177423435e-05
13022.472075942187 4.51719583086059e-05
13027.472049647919 4.41576332532878e-05
13032.472023353652 4.735749220766391e-05
13037.471997059385 5.545835806111291e-05
13042.47197076512 6.366788624570433e-05
13047.471944470853 8.697488269061347e-05
13052.471918176587 8.48625976250116e-05
13057.47189188232 5.909871175121393e-05
13062.471865588052 5.23065076631205e-05
13067.47183929379 5.742588349209811e-05
13072.471812999522 6.269295089300727e-05
13077.471786705255 5.880309878802068e-05
13082.471760410988 5.014431794041221e-05
13087.47173411672 4.912196132567599e-05
13092.471707822457 3.5237796386312834e-05
13097.47168152819 1.0782391302007945e-05
13102.471655233923 3.6807897562529283e-10
13107.471628939655 0.0
13112.471602645388 0.0
13117.471576351125 0.0
13122.471550056858 2.975443830954094e-05
13127.47152376259 9.177192863859549e-05
13132.471497468323 9.88333398958437e-05
13137.471471174058 3.7145821490733854e-05
13142.471444879793 1.1277505453511332e-05
13147.471418585526 5.950135853587391e-06
13152.471392291258 2.6832357676963414e-06
13157.471365996991 8.6933042144079e-07
13162.471339702728 6.434927438952032e-06
13167.471313408461 1.7767686484681784e-05
13172.471287114193 4.4732028333028934e-05
13177.471260819926 8.586229112016447e-05
13182.47123452566 7.545022680229589e-05
13187.471208231396 2.514994723666038e-05
13192.47118193713 8.330241282666668e-10
13197.471155642861 0.0
13202.471129348594 3.0170459470758757e-05
13207.471103054328 0.00010782588324013165
13212.471076760065 0.00010030057865763625
13217.471050465796 3.5843133699026645e-05
13222.47102417153 3.0493079865461996e-05
13227.470997877263 8.483190637142515e-05
13232.470971582994 8.588052172083125e-05
13237.470945288731 3.203925532607992e-05
13242.470918994464 6.9117283929635575e-06
13247.470892700198 2.2895923140725104e-05
13252.470866405929 5.0539845442916527e-05
13257.470840111664 9.117431121155245e-05
13262.4708138174 8.939169595696666e-05
13267.470787523132 3.0441076557976818e-05
13272.470761228866 1.1171720058598928e-09
13277.470734934597 0.0
13282.470708640334 1.3743885073725495e-05
13287.470682346067 4.515934235021851e-05
13292.4706560518 6.557136629389876e-05
13297.470629757532 8.381454496838277e-05
13302.470603463265 5.8639749957316726e-05
13307.470577169002 2.1112758605723734e-05
13312.470550874736 7.235862598556709e-10
13317.470524580469 0.0
13322.4704982862 0.0
13327.470471991934 0.0
13332.47044569767 0.0
13337.470419403404 0.0
13342.470393109135 0.0
13347.470366814869 0.0
13352.470340520604 1.4267161694056994e-05
13357.470314226339 3.600019026860522e-05
13362.47028793207 3.6239372576542036e-05
13367.470261637804 1.4714476010754725e-05
13372.470235343537 4.1342173496593673e-10
13377.470209049274 0.0
13382.470182755007 0.0
13387.470156460739 0.0
13392.470130166472 0.0
13397.470103872205 0.0
13402.470077577942 1.5997943541159408e-05
13407.470051283673 6.042814776885902e-05
13412.470024989407 8.875953779682306e-05
13417.46999869514 9.86265081540973e-05
13422.469972400871 0.00010381014942327978
13427.46994610661 6.1012550776241385e-05
13432.469919812342 3.6489917971728304e-05
13437.469893518075 1.2272603813324566e-05
13442.469867223808 2.8426000580769137e-06
13447.469840929542 9.301071125431268e-06
13452.469814635277 1.3519803959023204e-05
13457.46978834101 3.346744930928227e-06
13462.469762046743 1.2423639516301147e-10
13467.469735752475 0.0
13472.469709458212 1.3363938342905686e-06
13477.469683163945 1.4437952868409168e-06
13482.469656869678 5.287167535466053e-06
13487.46963057541 1.467922740322305e-05
13492.469604281143 2.3689427158859367e-05
13497.46957798688 9.263144025849167e-06
13502.469551692613 3.5217075437549224e-06
13507.469525398346 3.09447844408883e-05
13512.469499104078 4.4809108689415084e-05
13517.469472809811 7.770439492239903e-06
13522.469446515548 6.911249938013652e-13
13527.469420221281 0.0
13532.469393927013 3.3061889711034955e-07
13537.469367632746 1.993910466262266e-06
13542.46934133848 2.1446213515147278e-06
13547.469315044216 8.43682997968088e-07
13552.46928874995 4.3348045679256754e-06
13557.469262455681 1.2374965212794427e-06
13562.469236161414 3.721714103032291e-06
13567.46920986715 1.3008281417635343e-05
13572.469183572885 4.350391449700434e-06
13577.469157278616 1.2296045663579965e-05
13582.46913098435 2.2116334895609196e-05
13587.469104690083 3.359930787648119e-05
13592.46907839582 3.2068689333578105e-05
13597.469052101551 8.635297057805126e-07
13602.469025807284 5.106560731314644e-10
13607.468999513017 0.0
13612.468973218749 0.0
13617.468946924488 0.0
13622.46892063022 5.962814423578462e-09
13627.468894335952 1.1286591145701523e-06
13632.468868041686 2.0781600754691097e-05
13637.468841747417 1.4314471382171387e-05
13642.468815453154 1.6896101938583024e-06
13647.468789158887 1.50799693968327e-07
13652.46876286462 2.2266353019090646e-06
13657.468736570352 1.525773766202904e-06
13662.468710276087 3.370663712155926e-10
13667.468683981822 0.0
13672.468657687556 0.0
13677.468631393289 0.0
13682.46860509902 2.558576679881646e-07
13687.468578804757 1.0903503965005057e-06
13692.46855251049 8.657225969104462e-06
13697.468526216224 3.275344517066923e-06
13702.468499921955 0.0
13707.468473627689 0.0
13712.468447333426 0.0
13717.468421039159 0.0
13722.46839474489 0.0
13727.468368450624 0.0
13732.468342156357 0.0
13737.468315862094 0.0
13742.468289567827 0.0
13747.468263273558 0.0
13752.468236979292 0.0
13757.468210685027 0.0
13762.468184390762 0.0
13767.468158096493 0.0
13772.468131802227 5.1099473344517175e-06
13777.46810550796 3.3492725852513976e-05
13782.468079213697 1.6420931477686083e-05
13787.46805291943 1.7207960184989064e-09
13792.468026625162 2.977733603022196e-11
13797.468000330895 0.0
13802.467974036628 1.9171162306627225e-07
13807.467947742365 1.2736813576550739e-08
13812.467921448097 9.590399506514546e-06
13817.46789515383 2.1573477741234256e-05
13822.467868859563 6.5955338715325876e-06
13827.467842565295 0.0
13832.467816271032 1.6340279684048438e-06
13837.467789976765 3.4506957373365234e-07
13842.467763682498 2.581218710610833e-12
13847.46773738823 0.0
13852.467711093963 0.0
13857.4676847997 0.0
13862.467658505433 1.1830088299134919e-06
13867.467632211166 1.8387423628148577e-05
13872.467605916898 1.6760701652955944e-05
13877.467579622635 1.8961661348146571e-06
13882.467553328368 1.357225814766531e-12
13887.467527034101 0.0
13892.467500739833 7.353385476487612e-06
13897.467474445566 8.169377794726434e-06
13902.467448151303 2.8864377310196077e-05
13907.467421857036 1.7467235040731704e-05
13912.46739556277 3.502747120279258e-05
13917.467369268501 6.93575363459156e-06
13922.467342974234 7.824596261552882e-11
13927.467316679971 0.0
13932.467290385704 0.0
13937.467264091436 0.0
13942.46723779717 0.0
13947.467211502903 0.0
13952.46718520864 0.0
13957.46715891437 0.0
13962.467132620104 0.0
13967.467106325837 0.0
13972.467080031573 2.801280065222912e-06
13977.467053737308 2.379551456051883e-05
13982.46702744304 1.2224349445988192e-05
13987.467001148772 6.5347014315277135e-06
13992.466974854506 5.451919519709232e-06
13997.466948560243 6.666030194152335e-06
14002.466922265974 4.110716257540472e-06
14007.466895971707 1.2324820599393522e-06
14012.46686967744 4.078453829542921e-06
14017.466843383172 1.496909907038425e-06
14022.46681708891 1.3064843219228087e-05
14027.466790794642 3.0086344952282534e-05
14032.466764500376 1.836678460310577e-05
14037.466738206109 1.0740723401377048e-05
14042.46671191184 7.543374484774476e-07
14047.466685617577 1.4486454776374557e-06
14052.46665932331 8.059433191170179e-07
14057.466633029044 1.9102499966027357e-05
14062.466606734775 1.886504795523103e-05
14067.46658044051 3.97721070199768e-06
14072.466554146245 7.455146951731637e-08
14077.466527851979 6.093429802504073e-07
14082.46650155771 8.589237197924883e-06
14087.466475263443 2.2582901727920284e-05
14092.46644896918 2.237180509586286e-06
14097.466422674914 5.851110263415779e-06
14102.466396380647 1.9436056725897774e-05
14107.466370086378 6.878725984107133e-06
14112.466343792112 3.7982779999801667e-07
14117.466317497849 2.107625287001323e-07
14122.466291203582 2.773000643712122e-06
14127.466264909313 5.640358599466321e-05
14132.466238615047 7.871383380695797e-05
14137.46621232078 2.9725787074676824e-05
14142.466186026517 1.1244967216314335e-05
14147.46615973225 8.343719390989593e-06
14152.466133437982 2.938942376384072e-05
14157.466107143715 1.7415503347464365e-05
14162.466080849448 1.1614577733117434e-05
14167.466054555185 1.9209948261988156e-05
14172.466028260917 4.032556788213534e-05
14177.46600196665 3.217457548814918e-05
14182.465975672383 4.5993804983643584e-05
14187.46594937812 1.6830432523659642e-05
14192.465923083852 2.7252242249958015e-06
14197.465896789585 3.552152068705819e-06
14202.465870495318 2.05700739776929e-05
14207.46584420105 5.163472233838602e-05
14212.465817906788 7.69516629447224e-05
14217.46579161252 4.6558699427062387e-05
14222.465765318253 6.228744156830179e-05
14227.465739023986 5.238370895454571e-05
14232.465712729718 3.282620387262932e-05
14237.465686435455 3.347973350847243e-05
14242.465660141188 6.806275591637901e-05
14247.465633846921 0.00011131647755924755
14252.465607552653 9.22631918655061e-05
14257.465581258386 1.784771520561347e-05
14262.465554964123 6.295979298846876e-05
14267.465528669856 0.0001788911980165375
14272.46550237559 0.00013730328211404021
14277.465476081321 0.00010376104917813189
14282.465449787056 7.259051160101299e-05
14287.465423492791 8.701987164887046e-05
14292.465397198524 0.0001682221404329104
14297.465370904256 0.00013519112240317668
14302.46534460999 0.00023981500224764117
14307.465318315726 0.00025015485545345676
14312.46529202146 0.00011598959043254283
14317.46526572719 8.090170829075515e-05
14322.465239432924 0.00011687246616273056
14327.465213138657 8.690737793812777e-05
14332.465186844394 0.00022415772099083578
14337.465160550128 0.00021501977992231095
14342.465134255859 0.00010685586336483295
14347.465107961592 0.00024632614274062927
14352.465081667326 0.00027070459669273247
14357.465055373063 0.0003199024048169859
14362.465029078794 0.0001994608263621403
14367.465002784527 0.000397972400189926
14372.46497649026 0.00023820446791138905
14377.464950195996 4.3385964575879475e-05
14382.46492390173 0.00036958116821275645
14387.464897607462 0.0004820176040704453
14392.464871313196 0.0003785783262461914
14397.464845018929 0.0003602112925938656
14402.464818724666 0.0005178952159084773
14407.464792430397 0.0004826512011113564
14412.46476613613 0.00041209239936572254
14417.464739841864 0.0005335756562981286
14422.464713547595 0.000664581012531102
14427.464687253332 0.0004604461327103518
14432.464660959065 0.0007331493887747589
14437.464634664799 0.000979704094860235
14442.46460837053 0.0007037099073275175
14447.464582076263 0.0011094677583854899
14452.464555782 0.0007919169878187353
14457.464529487734 8.120587500287942e-05
14462.464503193467 0.001005693534744116
14467.464476899198 0.0010819521624028294
14472.464450604932 0.0009951395463741392
14477.464424310669 0.0017245939877661956
14482.464398016402 0.0015000699521902903
14487.464371722133 0.0016783941893857759
14492.464345427867 0.0020793115886558206
14497.464319133604 0.001679582109409861
14502.464292839337 0.0011633228681505639
14507.46426654507 0.0005907710057862759
14512.464240250802 0.0014352112219549991
14517.464213956535 0.002736973480391296
14522.464187662272 0.002040016984914373
14527.464161368005 0.002813226029291355
14532.464135073737 0.0032168302356124596
14537.46410877947 0.00415626950741461
14542.464082485203 0.003771264512314008
14547.46405619094 0.004545930681201565
14552.464029896671 0.0023132992621331385
14557.464003602405 0.004852821839200532
14562.463977308138 0.00543391371591403
14567.46395101387 0.006004773736422306
14572.463924719608 0.00645192088547476
14577.46389842534 0.005642923721628276
14582.463872131073 0.008333135997339411
14587.463845836806 0.00879664945403402
14592.46381954254 0.009481110617509909
14597.463793248275 0.009987184828622564
14602.463766954008 0.006556370433650068
14607.463740659741 0.011678880404114592
14612.463714365473 0.009810867474488276
14617.463688071211 0.013066324702196966
14622.463661776943 0.01595319488591233
14627.463635482676 0.014570163917202944
14632.46360918841 0.00820577802385676
14637.463582894141 0.018965356606651614
14642.463556599878 0.022599557984083963
14647.463530305611 0.024147414376783964
14652.463504011344 0.010425615150611012
14657.463477717076 0.026428742919126887
14662.46345142281 0.01780784922186338
14667.463425128546 0.0230900113765572
14672.46339883428 0.024649388849990714
14677.46337254001 0.025902949350634693
14682.463346245744 0.041711267769059576
14687.46331995148 0.045045204310168056
14692.463293657214 0.04030896339363143
14697.463267362948 0.02665438448081181
14702.463241068679 0.05192584902241668
14707.463214774412 0.022699049409670317
14712.46318848015 0.040400796168464065
14717.463162185883 0.06581913075618248
14722.463135891614 0.042928360299353395
14727.463109597347 0.07000643081338662
14732.46308330308 0.08054813642255013
14737.463057008817 0.07235073189425469
14742.46303071455 0.12287115977097011
14747.463004420282 0.13365322739441124
14752.462978126016 0.14756004857505375
14757.462951831749 0.09413993262577548
14762.462925537486 0.15971273520472704
14767.462899243217 0.1608257686066942
14772.46287294895 0.15348045572624142
14777.462846654684 0.13476850639482774
14782.462820360419 0.19771626579648188
14787.462794066152 0.25234052897021103
14792.462767771885 0.24680955968626977
14797.462741477619 0.24894112188889722
14802.46271518335 0.17811075151251593
14807.462688889089 0.25930278111211646
14812.46266259482 0.3819831557104585
14817.462636300554 0.22934143874594712
14822.462610006287 0.324567967372777
14827.462583712018 0.445086267144199
14832.462557417755 0.4256368017378598
14837.462531123489 0.49001165774527666
14842.462504829222 0.39558597324810235
14847.462478534953 0.45795218258802073
14852.462452240687 0.49485279828645307
14857.462425946424 0.5059695074942312
14862.462399652157 0.47970242021942605
14867.46237335789 0.4076147434714036
14872.462347063622 0.49213228382349333
14877.462320769355 0.4708034425760245
14882.462294475092 0.514088760368267
14887.462268180825 0.6090429604813058
14892.462241886557 0.5988312078623884
14897.46221559229 0.4878823120774889
14902.462189298025 0.6356747738075104
14907.46216300376 0.6306177704230995
14912.462136709491 0.512341063671089
14917.462110415225 0.5702247070198887
14922.462084120958 0.5951191327813288
14927.462057826695 0.5757920110946015
14932.462031532428 0.6186460264120122
14937.46200523816 0.6374867968104075
14942.461978943893 0.5872921297469152
14947.461952649626 0.594173996960105
14952.461926355363 0.5807693210936858
14957.461900061095 0.5709017257597258
14962.461873766828 0.6175692626621113
14967.461847472561 0.5542842746975257
14972.461821178293 0.6467057755660766
14977.461794884031 0.6197256575591464
14982.461768589763 0.5792828204793998
14987.461742295496 0.6287840286445797
14992.46171600123 0.6154876612058149
14997.461689706963 0.6134885748826462
15002.461663412698 0.6495945873664302
15007.461637118431 0.6355798426690886
15012.461610824164 0.6498768694188024
15017.461584529896 0.6020190208704392
15022.461558235633 0.6486291890420819
15027.461531941366 0.6075961891884346
15032.4615056471 0.6225249284454691
15037.46147935283 0.5673069778126201
15042.461453058564 0.581483150151928
15047.461426764301 0.584528287995631
15052.461400470034 0.6358213911032852
15057.461374175768 0.6335339321963729
15062.461347881499 0.6452758022931953
15067.461321587232 0.6466379734813528
15072.46129529297 0.6239834251243198
15077.461268998703 0.6432197720936181
15082.461242704434 0.6144905501125418
15087.461216410167 0.571945413029136
15092.461190115902 0.6104739803928405
15097.461163821637 0.6441220897674028
15102.46113752737 0.6310371292825054
15107.461111233102 0.6350279232054571
15112.461084938835 0.635331956521397
15117.461058644572 0.6388775497885524
15122.461032350306 0.6240491659035579
15127.461006056037 0.626608209700844
15132.46097976177 0.6333923768653817
15137.460953467504 0.6133074437217617
15142.46092717324 0.6249730756429119
15147.460900878972 0.6265462971198296
15152.460874584705 0.640133744341277
15157.460848290439 0.6372732399498233
15162.46082199617 0.6200571508880751
15167.460795701909 0.6243930929768868
15172.46076940764 0.6348694509452616
15177.460743113374 0.6211715526057776
15182.460716819107 0.6320050269526949
15187.460690524838 0.6311713199375238
15192.460664230575 0.623992290849807
15197.460637936309 0.6383990087551303
15202.460611642042 0.6305963378616247
15207.460585347773 0.6400093821024329
15212.460559053508 0.6407358735354141
15217.460532759244 0.6318422158797856
15222.460506464977 0.6409172416571169
15227.46048017071 0.6417265710118796
15232.460453876442 0.6382325817893426
15237.460427582178 0.6407974869496855
15242.460401287912 0.6389905367078144
15247.460374993645 0.6338979588293938
15252.460348699376 0.6389295362388058
15257.46032240511 0.6352889914146713
15262.460296110847 0.6397963758948286
15267.46026981658 0.6346776343534871
15272.460243522311 0.6349172857867539
15277.460217228045 0.6417284149986593
15282.460190933778 0.6419964952377553
15287.460164639515 0.637185590408168
15292.460138345248 0.6424760406773228
15297.46011205098 0.638186144527436
15302.460085756713 0.6392410250134336
15307.460059462448 0.6415289797568698
15312.460033168183 0.6345251201351086
15317.460006873915 0.6411984902660073
15322.459980579648 0.6421012414895615
15327.459954285381 0.6412286613685773
15332.459927991118 0.6400128103514052
15337.459901696851 0.6387071261943663
15342.459875402583 0.6365496866601338
15347.459849108316 0.6388758339607561
15352.45982281405 0.6352744094521781
15357.459796519786 0.6393876330674599
15362.459770225518 0.6379320190473303
15367.459743931251 0.6408140195667088
15372.459717636984 0.6390732458211545
15377.459691342716 0.6413619849799275
15382.459665048453 0.6399762974110111
15387.459638754186 0.6397431100511263
15392.45961245992 0.637887757851898
15397.45958616565 0.6394588387523277
15402.459559871386 0.636865507824824
15407.459533577121 0.6385418217835547
15412.459507282854 0.6395459690720474
15417.459480988588 0.6397904892167724
15422.459454694319 0.6386599313360694
15427.459428400056 0.6414636300598272
15432.45940210579 0.6421575695726093
15437.459375811522 0.6417268646979962
15442.459349517254 0.6391900082290798
15447.459323222987 0.6416799018502899
15452.459296928724 0.6421524157906164
15457.459270634457 0.6424324564381887
15462.45924434019 0.6428754716486409
15467.459218045922 0.6427528996186065
15472.459191751655 0.6427502017678185
15477.459165457392 0.6422299745713715
15482.459139163126 0.6425920022114167
15487.459112868857 0.6429247542310527
15492.45908657459 0.6429361841403155
15497.459060280324 0.6424152215929931
15502.45903398606 0.642608013681412
15507.459007691792 0.6428772748849587
15512.458981397525 0.642578388392905
15517.458955103259 0.6424562648220742
15522.458928808994 0.6413612237816139
15527.458902514729 0.6428011933355183
15532.45887622046 0.6429105602663514
15537.458849926194 0.6425912926250886
15542.458823631927 0.6421868416585758
15547.458797337664 0.6428094128272647
15552.458771043395 0.6429441642073921
15557.458744749129 0.6426063065526606
15562.458718454862 0.6422280975769206
15567.458692160593 0.6428873162105957
15572.45866586633 0.6432654049769457
15577.458639572063 0.6436065177386728
15582.458613277797 0.6432435664605516
15587.45858698353 0.6424841880309994
15592.458560689262 0.6427533211108952
15597.458534394998 0.6432126801446814
15602.458508100732 0.6436457754760622
15607.458481806465 0.6435352175252729
15612.458455512196 0.6435762771732979
15617.458429217932 0.6432693177849733
15622.458402923667 0.6422938654167342
15627.4583766294 0.6438952656290146
15632.458350335131 0.6444149274055865
15637.458324040865 0.6441709398436365
15642.458297746602 0.6438507416400187
15647.458271452335 0.6448876462239475
15652.458245158068 0.645384428420365
15657.4582188638 0.6457182090573396
15662.458192569533 0.6460124591902456
15667.45816627527 0.6454627724226712
15672.458139981003 0.6456276386843182
15677.458113686735 0.6457245870494955
15682.458087392468 0.6450695454889641
15687.458061098201 0.6415118649127575
15692.458034803938 0.6348157964668139
15697.458008509671 0.6322545767727329
15702.457982215403 0.6248923477719343
15707.457955921136 0.6151085575654897
15712.457929626871 0.6065839053356675
15717.457903332606 0.6194207871516743
15722.457877038338 0.6000252577289241
15727.457850744071 0.6060182566589529
15732.457824449804 0.6143362569507376
15737.457798155541 0.6246648969317252
15742.457771861273 0.6163850393923214
15747.457745567006 0.6392981190247694
15752.45771927274 0.6454438192363268
15757.45769297847 0.6421399042307093
15762.45766668421 0.635154274090157
15767.457640389941 0.6145521250433873
15772.457614095674 0.6262828071022282
15777.457587801407 0.6260223249800719
15782.457561507139 0.6264603740706891
15787.457535212876 0.6266328437566109
15792.45750891861 0.6282102892087112
15797.457482624342 0.6296220814021141
15802.457456330074 0.6306031527468285
15807.457430035807 0.627717071331844
15812.457403741544 0.634948431091618
15817.457377447277 0.6400311375778641
15822.45735115301 0.6430854660901578
15827.457324858742 0.6461032328127521
15832.457298564479 0.6489055852676835
15837.457272270212 0.6480861881022306
15842.457245975946 0.6489297108333687
15847.457219681677 0.6501723106014498
15852.45719338741 0.6513501496078309
15857.457167093147 0.6518734800879347
15862.45714079888 0.6519756425611405
15867.457114504612 0.6536311014006821
15872.457088210345 0.6535158392049025
15877.457061916079 0.6546222423012975
15882.457035621816 0.654615962121117
15887.457009327549 0.6544474262903409
15892.45698303328 0.6545545084243038
15897.456956739014 0.6552953121184094
15902.456930444747 0.6550137409790586
15907.456904150484 0.6550843110841178
15912.456877856215 0.6556815988370837
15917.456851561948 0.656289178945578
15922.456825267682 0.6571886528436286
15927.456798973417 0.6575434281955337
15932.45677267915 0.6571471266190789
15937.456746384883 0.6562042997991923
15942.456720090617 0.6551970653499131
15947.45669379635 0.6562404527061079
15952.456667502087 0.6572672353723272
15957.456641207818 0.6579222456449126
15962.456614913552 0.6573144695651223
15967.456588619285 0.6571952852139493
15972.456562325016 0.656017483954819
15977.456536030753 0.6559893957745605
15982.456509736487 0.6550587395295611
15987.45648344222 0.6533963267574749
15992.456457147951 0.6500713305185569
15997.456430853685 0.6450380921781255
16002.456404559422 0.6367208797805857
16007.456378265155 0.6274912429500277
16012.456351970888 0.6370087855795784
16017.45632567662 0.6135656034038218
16022.456299382355 0.6303154582642398
16027.45627308809 0.6068629988890972
16032.456246793823 0.6311577880825608
16037.456220499555 0.6127179241543115
16042.456194205288 0.6383320918949811
16047.456167911025 0.6440416421728024
16052.456141616758 0.6471294140388473
16057.45611532249 0.6587100913461722
16062.456089028223 0.6442046029335585
16067.456062733956 0.6383165353492396
16072.456036439693 0.6380589544165729
16077.456010145426 0.635704907129337
16082.455983851158 0.6337141126481856
16087.455957556891 0.6345200464236543
16092.455931262624 0.6348197535026179
16097.455904968361 0.6350279054224701
16102.455878674093 0.6366864422830332
16107.455852379826 0.6378154783928974
16112.45582608556 0.6408762582665842
16117.45579979129 0.6439535542229122
16122.45577349703 0.6471481730532789
16127.45574720276 0.6488811628464517
16132.455720908494 0.6502139759600766
16137.455694614227 0.6529309128898042
16142.455668319964 0.6546706986280495
16147.455642025696 0.6554785834650624
16152.45561573143 0.6565724891510227
16157.455589437162 0.6571523734979564
16162.455563142894 0.6570760473464111
16167.45553684863 0.6563746578335229
16172.455510554364 0.6573993053300692
16177.455484260097 0.6576661571471877
16182.455457965829 0.657393045210566
16187.455431671562 0.6564004473103991
16192.455405377299 0.6574770617975846
16197.455379083032 0.6581455161676562
16202.455352788766 0.6582880570337643
16207.455326494497 0.6577239641629524
16212.45530020023 0.6576508626789112
16217.455273905967 0.6581956916786939
16222.4552476117 0.6577202088130261
16227.455221317432 0.6565721194321357
16232.455195023165 0.6560286660987462
16237.4551687289 0.6550284575116044
16242.455142434635 0.6558449425131564
16247.455116140369 0.6565601040038958
16252.4550898461 0.6562963833522322
16257.455063551834 0.6551806314743857
16262.45503725757 0.6555420217510708
16267.455010963304 0.6558440915216953
16272.454984669035 0.6542314766876708
16277.454958374768 0.6543170894160836
16282.454932080502 0.6523696932985387
16287.454905786239 0.6532201115508135
16292.45487949197 0.6537178969164609
16297.454853197703 0.6536249007950432
16302.454826903437 0.6511658253643803
16307.45480060917 0.6492289566472419
16312.454774314907 0.6518775797482979
16317.454748020638 0.6523351760775628
16322.454721726372 0.6508094294032637
16327.454695432105 0.6484317835521504
16332.45466913784 0.6488017300476092
16337.454642843573 0.6495753811110424
16342.454616549307 0.6504841988036076
16347.45459025504 0.6502750923131295
16352.454563960771 0.6414452010499234
16357.45453766651 0.6504517751502973
16362.454511372242 0.6503405254773307
16367.454485077975 0.6489351046352109
16372.454458783708 0.6500013671670891
16377.45443248944 0.6337184068185415
16382.454406195176 0.6495978959765619
16387.45437990091 0.6473745023179573
16392.45435360664 0.6464357491045457
16397.454327312375 0.6445054493937427
16402.454301018108 0.6235727197329543
16407.454274723845 0.6451741755705152
16412.454248429578 0.6450239855761037
16417.45422213531 0.640639749301548
16422.454195841045 0.64337766450775
16427.454169546774 0.6190642530755781
16432.45414325251 0.6423750708484306
16437.454116958244 0.6403752093764012
16442.454090663978 0.6441078293158
16447.45406436971 0.6452844082782229
16452.454038075448 0.642874485781438
16457.45401178118 0.6122868501288448
16462.453985486914 0.6441414448694274
16467.453959192648 0.6437575225928894
16472.453932898377 0.6423142368390508
16477.453906604114 0.6376036778108108
16482.453880309848 0.6152366828432132
16487.45385401558 0.638295948341177
16492.453827721314 0.6384732781574112
16497.453801427047 0.6390818934120521
16502.453775132784 0.6393546878278525
16507.453748838518 0.6125359108938694
16512.45372254425 0.6371014324994804
16517.45369624998 0.6388121210671541
16522.453669955714 0.6378627478458475
16527.45364366145 0.6396279697169965
16532.453617367184 0.6389638876792995
16537.453591072917 0.6154960865384818
16542.45356477865 0.6406778268772811
16547.453538484384 0.6391725295072301
16552.45351219012 0.6369784418983953
16557.45348589585 0.6367909259504756
16562.453459601584 0.6369034650537547
16567.453433307317 0.6266534530316547
16572.453407013054 0.6353901124418858
16577.453380718787 0.6359548459609365
16582.45335442452 0.6364083559030774
16587.453328130254 0.6355640188893039
16592.453301835987 0.6309089105069511
16597.453275541724 0.6354813415519925
16602.453249247454 0.6358830899841855
16607.453222953187 0.6350611004454839
16612.45319665892 0.6320464691677468
16617.453170364653 0.6336676115383026
16622.45314407039 0.6268960540521948
16627.453117776124 0.632321307778242
16632.453091481857 0.630452243410371
16637.45306518759 0.6302004420091301
16642.453038893324 0.630644270554505
16647.453012599057 0.6310031823440475
16652.45298630479 0.6038439247119946
16657.452960010523 0.5698524179579583
16662.452933716257 0.5999203875327079
16667.452907421994 0.6177290817696964
16672.452881127727 0.62052296654523
16677.45285483346 0.6277519235272317
16682.45282853919 0.6254951392674551
16687.452802244923 0.6262869710303887
16692.45277595066 0.6272221574966558
16697.452749656393 0.6272946510272314
16702.452723362127 0.6270719501593
16707.45269706786 0.6257637725269299
16712.452670773593 0.6221360069840695
16717.45264447933 0.6255379551831712
16722.452618185063 0.6252226754720771
16727.452591890793 0.6248497371848748
16732.452565596526 0.6239637283001565
16737.452539302263 0.623341576608538
16742.452513007996 0.6119051589941064
16747.45248671373 0.6228071437430408
16752.452460419463 0.6213041493122142
16757.452434125196 0.6221810284033876
16762.452407830933 0.6221677571906243
16767.452381536667 0.6211732441712762
16772.452355242396 0.6208187427224565
16777.45232894813 0.6061954065201123
16782.452302653863 0.6202058328166007
16787.4522763596 0.6213399087697177
16792.452250065333 0.6209804110493736
16797.452223771066 0.6201189799910787
16802.4521974768 0.620526818320635
16807.45217118253 0.6081942641154262
16812.45214488827 0.6191069716507315
16817.452118594 0.6180937595321209
16822.452092299733 0.6187455425275097
16827.452066005466 0.618769455311014
16832.4520397112 0.6182521719328193
16837.452013416936 0.6161028118642475
16842.45198712267 0.5978602571071683
16847.451960828403 0.618093294733301
16852.451934534132 0.6175127247579943
16857.45190823987 0.6180003268927603
16862.451881945603 0.6176674590404017
16867.451855651336 0.6167712476447755
16872.45182935707 0.6026129775235343
16877.451803062802 0.6152381449873146
16882.45177676854 0.615671657511998
16887.451750474273 0.6150873023198111
16892.451724180006 0.6145704806919887
16897.451697885735 0.6152067069455107
16902.45167159147 0.6156225467600075
16907.451645297206 0.5958292942404854
16912.45161900294 0.6144057417192572
16917.451592708672 0.6105721738657892
16922.451566414406 0.6113438858322469
16927.45154012014 0.614391267312936
16932.451513825876 0.6145654960353975
16937.45148753161 0.6105468232113157
16942.45146123734 0.6098638281247699
16947.451434943072 0.6126737864457382
16952.45140864881 0.6147836415146007
16957.451382354542 0.6158631795320492
16962.451356060275 0.6159600748171215
16967.45132976601 0.6068242609828303
16972.451303471742 0.5959924338322404
16977.45127717748 0.6154250072266829
16982.451250883212 0.614816293180047
16987.451224588942 0.6155589643062218
16992.451198294675 0.616540844740209
16997.45117200041 0.6108267571298293
17002.451145706145 0.6146442623050088
17007.45111941188 0.6050038450563406
17012.451093117612 0.6136888718664443
17017.451066823345 0.615536955428903
17022.451040529075 0.615585183792731
17027.45101423481 0.6110719506088469
17032.450987940545 0.6148870223095546
17037.45096164628 0.611335959572692
17042.45093535201 0.6146188919238518
17047.450909057745 0.6155420246981942
17052.45088276348 0.609763406266746
17057.450856469215 0.6144324316279227
17062.45083017495 0.6100545471453255
17067.450803880678 0.6067560147744064
17072.450777586415 0.6131016033768403
17077.45075129215 0.605155207067782
17082.45072499788 0.6103401561887205
17087.450698703615 0.578932951286694
17092.450672409348 0.6140786469554067
17097.450646115085 0.6144347722822038
17102.45061982082 0.6127777267668306
17107.45059352655 0.6093720845652816
17112.45056723228 0.6145172450375512
17117.450540938014 0.6151400987430445
17122.45051464375 0.6129821810206167
17127.450488349485 0.6146025502349961
17132.450462055218 0.6131341942935622
17137.45043576095 0.6093852709896141
17142.450409466685 0.5873469494288153
17147.45038317242 0.6057341005989907
17152.45035687815 0.6128475935736478
17157.450330583884 0.6148192351367493
17162.450304289618 0.5932231649062274
17167.450277995355 0.6150660594644299
17172.450251701088 0.6142692727288469
17177.45022540682 0.6154226880528293
17182.450199112554 0.6150323196689956
17187.450172818288 0.616064924228231
17192.450146524025 0.6167429561461083
17197.450120229754 0.6149271586803322
17202.450093935488 0.6126625001674435
17207.45006764122 0.6128521572842239
17212.450041346954 0.555707756453281
17217.45001505269 0.6139836474943206
17222.449988758424 0.6141455981379242
17227.449962464158 0.6144124984851367
17232.44993616989 0.6145936373943242
17237.44990987562 0.5840746393372175
17242.449883581357 0.5995976953676486
17247.44985728709 0.5886787479484243
17252.449830992824 0.6175304190559258
17257.449804698557 0.6190591544816235
17262.44977840429 0.6065421727112623
17267.449752110027 0.6205729179213888
17272.44972581576 0.6165326251474247
17277.44969952149 0.6222177499052983
17282.449673227224 0.6204118101255914
17287.44964693296 0.5985097982197196
17292.449620638694 0.6239226260347855
17297.449594344427 0.626777151928846
17302.44956805016 0.6261762721174767
17307.449541755894 0.6233030215653619
17312.44951546163 0.6291661368150273
17317.449489167364 0.6166598188761928
17322.449462873094 0.5276365088955616
17327.449436578827 0.6291123309191377
17332.44941028456 0.6325805271584692
17337.449383990297 0.6328162981370595
17342.44935769603 0.6326050205352342
17347.449331401764 0.6334195802434502
17352.449305107497 0.6326257214744013
17357.44927881323 0.6062926390931905
17362.449252518967 0.605832757396902
17367.449226224697 0.5909271103348512
17372.44919993043 0.6369608107239504
17377.449173636163 0.6358882945038427
17382.4491473419 0.6344524970743678
17387.449121047634 0.6377682946029468
17392.449094753367 0.6391578088548896
17397.4490684591 0.6031520872884297
17402.44904216483 0.6341650256863133
17407.44901587057 0.6395478685179816
17412.4489895763 0.5562604619687925
17417.448963282033 0.6154721766447198
17422.448936987767 0.6389023675701637
17427.4489106935 0.6404409162646436
17432.448884399237 0.6402666669051741
17437.44885810497 0.6413705247261516
17442.448831810703 0.5807111098452159
17447.448805516433 0.6317870432002873
17452.448779222166 0.639955873051371
17457.448752927903 0.6397856679860536
17462.448726633636 0.6348840924925335
17467.44870033937 0.5271797387943722
17472.448674045103 0.5310637764488789
17477.448647750836 0.6192103498859463
17482.448621456573 0.6402155507834467
17487.448595162306 0.6407209030257623
17492.448568868036 0.6389358832846773
17497.44854257377 0.6397362634255906
17502.448516279506 0.6412027406272248
17507.44848998524 0.6377741301629332
17512.448463690973 0.6264185723832508
17517.448437396706 0.5514968915256138
17522.44841110244 0.6422372532740054
17527.448384808176 0.6363773029404951
17532.44835851391 0.6429597300981146
17537.44833221964 0.6433940547185355
17542.448305925373 0.6426857470575967
17547.448279631106 0.6383862766646728
17552.448253336843 0.5344425466883655
17557.448227042576 0.6376711194721533
17562.44820074831 0.6397000565939379
17567.448174454043 0.5645328745054587
17572.448148159776 0.559094579674338
17577.44812186551 0.6196341836765507
17582.448095571242 0.6434210449905381
17587.448069276976 0.6444055147252751
17592.44804298271 0.6451764144660344
17597.448016688446 0.6449454206529709
17602.44799039418 0.6422422990907529
17607.447964099912 0.6312040640998338
17612.447937805646 0.5768718878537799
17617.447911511375 0.6424883501582666
17622.447885217112 0.6061533579583217
17627.447858922846 0.6160600920153515
17632.44783262858 0.5782810936665576
17637.447806334312 0.6418072720879462
17642.447780040045 0.6414097423319388
17647.447753745782 0.6381532364473248
17652.447727451516 0.6282494480541786
17657.44770115725 0.34188255536915874
17662.44767486298 0.552305914276084
17667.447648568716 0.6293900792251639
17672.44762227445 0.6279050242672021
17677.447595980182 0.6274813663116687
17682.447569685915 0.6120472729796195
17687.44754339165 0.6215208753984531
17692.447517097386 0.6021888373320611
17697.44749080312 0.5655192450540116
17702.44746450885 0.5977318221385736
17707.44743821458 0.5077693659945918
17712.447411920315 0.5807385575123286
17717.447385626052 0.577779720933137
17722.447359331785 0.5584321319819454
17727.44733303752 0.5372040905186044
17732.447306743252 0.5233227015813595
17737.447280448985 0.47025568610158536
17742.447254154722 0.3782744609184907
17747.44722786045 0.4490349198751081
17752.447201566185 0.42486759544749836
17757.44717527192 0.38011562448518155
17762.44714897765 0.28872263280594546
17767.44712268339 0.34039079973986586
17772.44709638912 0.3206330940505988
17777.447070094855 0.28877627251185456
17782.44704380059 0.24399571388074648
17787.447017506325 0.16811912401072635
17792.446991212055 0.20013373199530912
17797.446964917788 0.1947966825502852
17802.44693862352 0.17559734753466802
17807.446912329255 0.15380629775969584
17812.44688603499 0.08345667884387119
17817.446859740725 0.11360134891496607
17822.44683344646 0.11102701510936985
17827.44680715219 0.09648230381939056
17832.44678085792 0.08413359219636736
17837.446754563658 0.07411056016658797
17842.44672826939 0.0553411196609224
17847.446701975125 0.02780394288162703
17852.446675680858 0.04676196960782501
17857.44664938659 0.034481593260360766
17862.446623092328 0.036231967309012895
17867.44659679806 0.03432625681527527
17872.44657050379 0.022395705010090777
17877.446544209524 0.02738551810021108
17882.44651791526 0.02541341596393236
17887.446491620994 0.019405448281826533
17892.446465326728 0.02015335225061992
17897.44643903246 0.01786984602774653
17902.446412738194 0.013637205512503815
17907.44638644393 0.010698026735465238
17912.446360149665 0.010356625344800351
17917.446333855394 0.010703758278125875
17922.446307561127 0.007993268389065295
17927.44628126686 0.007127705920409852
17932.446254972598 0.006450977841213476
17937.44622867833 0.004062397223012631
17942.446202384064 0.005900439911936194
17947.446176089798 0.005751692990016405
17952.44614979553 0.003811913104603037
17957.446123501268 0.00489695624133305
17962.446097206997 0.0032079811934865882
17967.44607091273 0.00305361727535907
17972.446044618464 0.003078812164339894
17977.4460183242 0.0033667118574990935
17982.445992029934 0.002147963182006655
17987.445965735667 0.002892925285420894
17992.4459394414 0.0025661715473467156
17997.44591314713 0.0011500692644169602
