6501.127088802607 7.386842318321336e-12
6503.377081306332 2.301330657450275e-11
6505.627073810057 3.810710472673444e-11
6507.877066313781 5.285540096986788e-11
6510.127058817507 6.465263233016348e-11
6512.377051321231 5.740562634774587e-11
6514.627043824956 4.428431464148183e-11
6516.877036328679 2.680761691272921e-11
6519.127028832404 7.170612319267214e-12
6521.377021336129 0.0
6523.627013839853 0.0
6525.877006343579 0.0
6528.126998847303 0.0
6530.376991351028 8.080310546023396e-09
6532.626983854752 4.15697457096213e-08
6534.876976358477 7.53983973707639e-08
6537.1269688622015 1.108404680333579e-07
6539.376961365926 1.489392536040341e-07
6541.626953869651 1.4666741045111215e-07
6543.876946373375 1.2654834554243393e-07
6546.126938877101 1.0531052915971125e-07
6548.376931380825 8.095962278860725e-08
6550.62692388455 5.8031981656850225e-08
6552.8769163882735 4.485299130997658e-08
6555.126908891998 3.1419477034253365e-08
6557.376901395723 1.7365713386485235e-08
6559.626893899447 4.356015455059505e-09
6561.876886403173 1.4802615084073119e-08
6564.126878906897 3.2120031566226516e-08
6566.376871410622 4.8503287500995394e-08
6568.626863914346 6.456648342257614e-08
6570.876856418071 9.121282920598601e-08
6573.1268489217955 1.2979292928579975e-07
6575.37684142552 1.725322748115848e-07
6577.626833929245 2.1091407784555648e-07
6579.876826432969 2.415597753140838e-07
6582.126818936695 2.1951004594737225e-07
6584.376811440419 1.881136689053189e-07
6586.626803944143 1.546905793472428e-07
6588.8767964478675 1.1884952379630082e-07
6591.126788951592 9.165896669272019e-08
6593.376781455317 7.191134799495541e-08
6595.626773959042 4.9758014364754416e-08
6597.876766462767 2.5219167013699288e-08
6600.126758966491 8.209035921817634e-09
6602.376751470216 3.841481211436162e-08
6604.62674397394 7.605594200102614e-08
6606.876736477665 1.148945249251815e-07
6609.1267289813895 1.5600109499995627e-07
6611.376721485114 1.65431074882308e-07
6613.626713988839 1.4954539300262125e-07
6615.876706492564 1.3131866258167166e-07
6618.126698996289 1.1062617619889542e-07
6620.376691500013 1.3696515169452043e-07
6622.626684003737 3.248770205235435e-07
6624.8766765074615 5.34848195474188e-07
6627.126669011186 7.553382863441049e-07
6629.376661514911 9.891269627015681e-07
6631.626654018636 1.133612064946781e-06
6633.876646522361 1.2345160658430093e-06
6636.126639026085 1.3429719116356488e-06
6638.37663152981 1.4593403925993922e-06
6640.626624033534 1.507882784054851e-06
6642.876616537259 1.385613010111161e-06
6645.126609040984 1.2418110902701846e-06
6647.376601544708 1.0863570333674458e-06
6649.626594048433 9.41492122739124e-07
6651.876586552158 9.70644603094607e-07
6654.126579055883 1.0564804654429029e-06
6656.376571559606 1.1442420776037046e-06
6658.626564063331 1.2347179713595842e-06
6660.876556567056 1.3330238482121954e-06
6663.12654907078 1.4398787316696456e-06
6665.376541574505 1.5502794333141618e-06
6667.62653407823 1.6652791504959104e-06
6669.876526581955 1.802932153342626e-06
6672.126519085679 2.059067703045821e-06
6674.376511589404 2.3529422429009865e-06
6676.6265040931285 2.669759155004137e-06
6678.876496596853 3.0052005686938305e-06
6681.126489100578 3.1591966835154286e-06
6683.376481604302 3.1144326024287796e-06
6685.626474108026 3.060286293556896e-06
6687.876466611752 2.996378470397328e-06
6690.126459115476 3.0999366793011913e-06
6692.3764516192 4.088874914541662e-06
6694.626444122925 5.255819725545646e-06
6696.87643662665 6.5243997189949094e-06
6699.126429130374 7.865762823067678e-06
6701.3764216341 8.516132253189085e-06
6703.626414137824 8.628742252054055e-06
6705.876406641549 8.734094899321079e-06
6708.126399145273 8.851811975538668e-06
6710.376391648998 9.261519017765237e-06
6712.6263841527225 1.0526381766727594e-05
6714.876376656447 1.1900710043744029e-05
6717.126369160172 1.3310209389111752e-05
6719.376361663895 1.4748963389108687e-05
6721.626354167622 1.562613490532272e-05
6723.876346671346 1.6241731772502554e-05
6726.12633917507 1.6870071702978156e-05
6728.3763316787945 1.7511361359540807e-05
6730.626324182519 1.819621791404567e-05
6732.876316686244 1.8964006494996815e-05
6735.126309189968 1.972125435475354e-05
6737.376301693694 2.0464653102963498e-05
6739.626294197418 2.1311568652791064e-05
6741.876286701143 2.3381054594093015e-05
6744.126279204867 2.5901967092205937e-05
6746.376271708592 2.8493619791619638e-05
6748.6262642123165 3.106878189167764e-05
6750.876256716041 3.359726233679108e-05
6753.126249219766 3.6102990140814615e-05
6755.376241723489 3.8748194497654265e-05
6757.626234227216 4.149858810208103e-05
6759.876226730939 4.431706916480747e-05
6762.126219234664 4.711334366779641e-05
6764.3762117383885 4.990497465825506e-05
6766.626204242113 5.2759951777751726e-05
6768.876196745838 5.589318088193157e-05
6771.126189249562 6.1010487038813414e-05
6773.376181753288 6.806461281370948e-05
6775.626174257012 7.490364159055064e-05
6777.876166760737 8.174545526432159e-05
6780.126159264461 8.836814061574427e-05
6782.376151768186 9.366249606233526e-05
6784.626144271911 9.886097704381936e-05
6786.876136775635 0.00010414476959848196
6789.126129279359 0.0001095760764983445
6791.376121783083 0.00011865187946962485
6793.626114286809 0.0001301867449354374
6795.876106790533 0.00014168776087078745
6798.126099294258 0.00015331093635565846
6800.376091797983 0.00016530552643660777
6802.626084301707 0.0001782097546401919
6804.876076805432 0.00019127532862937637
6807.126069309157 0.00020452268186600033
6809.376061812882 0.00021825239784555855
6811.626054316606 0.00023633427408800196
6813.876046820331 0.0002568186953861036
6816.1260393240555 0.0002782598796825274
6818.37603182778 0.00030006991777713275
6820.626024331505 0.0003235682093625796
6822.876016835228 0.00035065956904887244
6825.126009338953 0.00037813598408689404
6827.376001842679 0.00040679968241502245
6829.625994346403 0.0004377191581897687
6831.875986850127 0.0004775879225433921
6834.125979353852 0.0005191292720331368
6836.375971857577 0.0005594856873412307
6838.625964361301 0.0006000821151580792
6840.875956865026 0.0006481098378658831
6843.125949368751 0.000706654621886316
6845.375941872476 0.0007659712378120928
6847.6259343762 0.0008276027867098628
6849.875926879925 0.0008937486774281951
6852.1259193836495 0.0009805766487448256
6854.375911887374 0.0010707751092219077
6856.625904391099 0.001160937060620119
6858.875896894822 0.0012519087770392452
6861.125889398547 0.0013646482106813935
6863.375881902272 0.001499350548556175
6865.625874405997 0.0016360077106709284
6867.8758669097215 0.0017819169347154259
6870.125859413446 0.0019430732895429326
6872.375851917171 0.002157431185196401
6874.625844420895 0.0023878829509119026
6876.875836924621 0.002625015459809751
6879.125829428345 0.002868270033694108
6881.37582193207 0.0031721676851134938
6883.625814435794 0.0035203534780816775
6885.875806939519 0.003878111880112093
6888.1257994432435 0.004252082990530395
6890.375791946968 0.004673834992921758
6892.625784450692 0.005234959988938163
6894.875776954416 0.0058538881150623
6897.125769458141 0.006498227953810799
6899.375761961866 0.007175913827109295
6901.625754465591 0.008087762948816492
6903.8757469693155 0.009125223965878152
6906.12573947304 0.010232790520123661
6908.375731976765 0.011470145515034629
6910.625724480489 0.012896715489880549
6912.875716984215 0.014701525665359745
6915.125709487939 0.01664861961204762
6917.375701991664 0.018690992008273767
6919.625694495388 0.02094309044823881
6921.875686999113 0.023956607360998583
6924.125679502838 0.027307060349395902
6926.375672006562 0.030952296408493216
6928.625664510286 0.0349504087445483
6930.87565701401 0.03959085888377531
6933.125649517736 0.04540432414921183
6935.37564202146 0.051862490286258014
6937.625634525185 0.05872747210206791
6939.87562702891 0.06639251150974375
6942.125619532634 0.07564879660144201
6944.375612036359 0.08568263377213486
6946.625604540083 0.09675350736182652
6948.875597043809 0.10877391492322593
6951.125589547533 0.12186489860664598
6953.375582051258 0.13680511271406146
6955.625574554982 0.15299297202971132
6957.875567058707 0.17011696703532564
6960.125559562432 0.18846984921065443
6962.375552066155 0.20739767910145854
6964.62554456988 0.22722120014599617
6966.875537073604 0.2485907398806117
6969.12552957733 0.2711204982469562
6971.375522081054 0.2929631165001559
6973.625514584779 0.3146746617959035
6975.875507088504 0.33718934686711083
6978.125499592228 0.3603977564848025
6980.375492095953 0.38315810216003604
6982.625484599678 0.4035934486233729
6984.875477103403 0.4242480411999696
6987.125469607127 0.4452036899208541
6989.375462110852 0.46649284191411455
6991.6254546145765 0.48497633884803676
6993.875447118301 0.5007569124006501
6996.125439622025 0.516531944511641
6998.375432125749 0.5323281521334842
7000.625424629474 0.5469976824163442
7002.875417133198 0.5599668615054484
7005.125409636924 0.5722336730950013
7007.3754021406485 0.5827588675803554
7009.625394644373 0.5931456372771741
7011.875387148098 0.6018282266908492
7014.125379651822 0.6089330837191179
7016.375372155547 0.6159922340907121
7018.625364659272 0.622346729777797
7020.875357162997 0.6273041479801881
7023.125349666721 0.6318536178279308
7025.375342170446 0.6353782536606806
7027.6253346741705 0.6375921993817059
7029.875327177895 0.6398341467944288
7032.125319681619 0.6418297056604017
7034.375312185343 0.6433141310700201
7036.625304689068 0.6447910054984907
7038.875297192793 0.6458771499839856
7041.125289696518 0.6466396852019414
7043.3752822002425 0.6473694189033634
7045.625274703967 0.6475339749894646
7047.875267207692 0.6473543889072594
7050.125259711416 0.6472529984965211
7052.375252215142 0.6470208755872463
7054.625244718866 0.6465591313796164
7056.875237222591 0.6460973688629333
7059.125229726315 0.6456373568351572
7061.37522223004 0.6453520093871997
7063.625214733765 0.6451949829740394
7065.875207237488 0.6452026455189341
7068.125199741213 0.6452605428539934
7070.375192244937 0.6452448672741617
7072.625184748662 0.6445524171414858
7074.875177252387 0.6436948105870585
7077.125169756112 0.6428859421091659
7079.3751622598365 0.6424226627406178
7081.625154763561 0.6421309416970619
7083.875147267286 0.6419840275033728
7086.12513977101 0.6423513090090072
7088.375132274736 0.642793553927204
7090.62512477846 0.6431076843221556
7092.875117282185 0.6429013212423279
7095.125109785909 0.6426386685473947
7097.375102289634 0.6424775261565111
7099.625094793358 0.6426294113778017
7101.875087297082 0.6425674702845691
7104.125079800807 0.6425559332539237
7106.375072304531 0.6428646398393901
7108.625064808257 0.6431897157201821
7110.875057311981 0.6433503200178547
7113.125049815706 0.6431805592774075
7115.375042319431 0.6430011816566386
7117.625034823155 0.6430806879484522
7119.87502732688 0.6435869187314324
7122.125019830604 0.6440994061300617
7124.37501233433 0.6445105677529037
7126.625004838054 0.6447923676576527
7128.874997341779 0.6450736513068972
7131.1249898455035 0.6455713412323392
7133.374982349228 0.6462846439164005
7135.624974852952 0.646995831829772
7137.874967356676 0.6473181805208608
7140.124959860401 0.647305746803395
7142.374952364125 0.6471344612563414
7144.624944867851 0.6472241182962112
7146.8749373715755 0.6474860800646195
7149.1249298753 0.6477427737188908
7151.374922379025 0.6478294725680973
7153.624914882749 0.6478305527241656
7155.874907386474 0.6478311223882153
7158.124899890199 0.6478311818538729
7160.374892393924 0.6477950942114482
7162.624884897648 0.6476681597236502
7164.874877401373 0.6478614248192491
7167.1248699050975 0.6481547169232548
7169.374862408821 0.6484356826960812
7171.624854912546 0.648419576850397
7173.87484741627 0.6482682077577145
7176.124839919995 0.6480899639193078
7178.374832423719 0.6477393963679036
7180.624824927445 0.6475107969703514
7182.8748174311695 0.6475947008600829
7185.124809934894 0.6475212600810101
7187.374802438619 0.6474227954462172
7189.624794942343 0.6474099331353704
7191.874787446068 0.6477935381866986
7194.124779949793 0.6482316590278896
7196.374772453518 0.6484190879661789
7198.624764957242 0.6477942214696872
7200.874757460967 0.6469447510256845
7203.124749964692 0.6460897541878121
7205.374742468415 0.6458560976615207
7207.62473497214 0.645653377189537
7209.874727475864 0.645412737214083
7212.124719979589 0.6452879655508117
7214.3747124833135 0.645212985149739
7216.624704987039 0.6451375108335516
7218.8746974907635 0.6450615430542964
7221.124689994488 0.6450956445947331
7223.374682498213 0.6452397946648218
7225.624675001937 0.6453835645009168
7227.874667505663 0.6455269541873537
7230.124660009387 0.6455273384758495
7232.374652513112 0.6452621040911207
7234.624645016836 0.6449757980974093
7236.874637520561 0.6445651108956388
7239.124630024285 0.6440589636996625
7241.374622528009 0.6437255858651012
7243.624615031734 0.6432364159956211
7245.874607535458 0.6425815979975382
7248.124600039183 0.64194907901178
7250.374592542908 0.642150280314389
7252.624585046633 0.6430441733521418
7254.874577550358 0.6439330043357578
7257.124570054082 0.6442068025690769
7259.374562557807 0.6442428069038046
7261.624555061531 0.6442737722361171
7263.874547565257 0.6439934693920122
7266.124540068981 0.6436136223362693
7268.374532572706 0.6433213015017888
7270.6245250764305 0.6437961899168904
7272.874517580154 0.644352080940327
7275.124510083879 0.6447826012404284
7277.374502587603 0.644382310888903
7279.624495091328 0.6438396737536575
7281.874487595052 0.6436241047841202
7284.124480098777 0.6441351469486505
7286.3744726025025 0.6447430328761194
7288.624465106227 0.6451912903684686
7290.874457609952 0.645194696085563
7293.124450113676 0.645450767277655
7295.374442617401 0.6459062705053082
7297.624435121125 0.6470085123026914
7299.874427624851 0.6481527414169056
7302.124420128575 0.6490477218875709
7304.3744126323 0.6494609513779617
7306.6244051360245 0.6498493140057761
7308.874397639748 0.650380690077997
7311.124390143473 0.6512260217555182
7313.374382647197 0.6520979244328869
7315.624375150922 0.6528006374340062
7317.874367654646 0.6532246070797474
7320.124360158372 0.653627562848203
7322.3743526620965 0.6542470144487714
7324.624345165821 0.6552394935103675
7326.874337669546 0.6562356492899167
7329.12433017327 0.6568912885942009
7331.374322676995 0.6572945627280924
7333.62431518072 0.6577578457456964
7335.874307684445 0.6586060872693913
7338.124300188169 0.6597532991570824
7340.374292691894 0.660850558963812
7342.624285195618 0.6616482082303142
7344.874277699342 0.6623477351742357
7347.124270203067 0.6630474944360802
7349.374262706791 0.6637176406964841
7351.624255210516 0.6641481351385353
7353.8742477142405 0.6644650832990805
7356.124240217966 0.6644614538683791
7358.3742327216905 0.6643329299684523
7360.624225225415 0.6642729750901785
7362.87421772914 0.6647801411919045
7365.124210232864 0.6654435847045197
7367.374202736589 0.6661258467654846
7369.624195240314 0.6669754519757729
7371.874187744039 0.6678125303455401
7374.124180247763 0.668683554389538
7376.374172751487 0.6699021621940471
7378.624165255212 0.6711877564439547
7380.874157758936 0.6720446761413544
7383.124150262661 0.671258164566923
7385.374142766385 0.6702645100682153
7387.62413527011 0.6695639067396519
7389.8741277738345 0.6700692236327214
7392.12412027756 0.6707333508718223
7394.374112781285 0.6713004037639407
7396.624105285009 0.6715325878397912
7398.874097788734 0.6717390005574968
7401.124090292458 0.6717913830024492
7403.374082796183 0.671689404315252
7405.624075299908 0.671587161613778
7407.874067803633 0.6714108054661805
7410.1240603073575 0.6710993354813263
7412.374052811081 0.670870042377204
7414.624045314806 0.6706519952950662
7416.87403781853 0.6704339493946809
7419.124030322255 0.6702152010833289
7421.374022825979 0.6702015119704958
7423.624015329704 0.6705125762836404
7425.8740078334295 0.6708243993160562
7428.124000337154 0.6705594663446075
7430.373992840879 0.6697150381537426
7432.623985344603 0.6688632555132109
7434.873977848328 0.6687863620327819
7437.123970352052 0.6693110609792238
7439.373962855778 0.6698207608425146
7441.623955359502 0.6695146811039946
7443.873947863227 0.6687268152317473
7446.123940366951 0.667942920128431
7448.373932870675 0.6673107769482576
7450.6239253744 0.6668330302482526
7452.873917878124 0.66652488053183
7455.123910381849 0.6660642311685542
7457.373902885573 0.6655423528598894
7459.623895389298 0.6650775383837061
7461.8738878930235 0.66535292932431
7464.123880396748 0.6658555401935846
7466.373872900473 0.6662482648571822
7468.623865404197 0.665628427449267
7470.873857907922 0.664674465077658
7473.123850411646 0.6637110382489328
7475.373842915372 0.66359815915222
7477.623835419096 0.6636471220296879
7479.873827922821 0.663552253302821
7482.123820426545 0.6628239773825206
7484.373812930269 0.6620276638150805
7486.623805433994 0.6613539341196476
7488.873797937718 0.6611837391177922
7491.123790441443 0.6608989576445758
7493.3737829451675 0.6604448024676565
7495.623775448892 0.6599907791544455
7497.8737679526175 0.6595368877001331
7500.123760456342 0.6592538974600298
7502.373752960067 0.659527695151178
7504.623745463791 0.659850034284623
7506.873737967516 0.6597370545934829
7509.123730471241 0.6587278174532509
7511.373722974966 0.6574987750248941
7513.62371547869 0.6567363836138127
7515.873707982414 0.6569458156974033
7518.123700486139 0.6571684772845263
7520.373692989863 0.6571748785237648
7522.623685493588 0.6570558939102823
7524.873677997312 0.6569550516290417
7527.123670501037 0.6567419817225574
7529.3736630047615 0.6564161716355263
7531.623655508487 0.6560923111280498
7533.873648012212 0.6562736135353929
7536.123640515936 0.6568481761108667
7538.373633019661 0.6574116850885936
7540.623625523385 0.6573227992525399
7542.87361802711 0.6569007364322962
7545.123610530835 0.6564907844787602
7547.37360303456 0.6563774276109136
7549.623595538284 0.6563966512189976
7551.873588042008 0.656267375380255
7554.123580545733 0.6560923126400631
7556.373573049457 0.655917268298893
7558.623565553182 0.6557534372608114
7560.873558056906 0.6556956690305835
7563.123550560631 0.6556616580884167
7565.3735430643555 0.6556276146567711
7567.623535568081 0.6555934923633976
7569.873528071806 0.6555669746104344
7572.12352057553 0.6555499791675404
7574.373513079255 0.6552093600055879
7576.623505582979 0.6548050875787826
7578.873498086703 0.6544009397693007
7581.123490590429 0.6540181096249248
7583.373483094154 0.6536566019927877
7585.623475597878 0.6534154123699164
7587.873468101602 0.6536710968543792
7590.123460605327 0.653956004659538
7592.373453109051 0.6540216434614956
7594.623445612776 0.653747804734627
7596.8734381165 0.6534493853333497
7599.123430620225 0.6530914347329737
7601.37342312395 0.652622167687734
7603.623415627675 0.6521740612567889
7605.8734081314 0.6517974262546288
7608.123400635124 0.6515681549394112
7610.373393138849 0.6512367064466309
7612.623385642573 0.6507244063722275
7614.873378146299 0.6504595339116778
7617.123370650023 0.6501982444866315
7619.373363153747 0.6495644787612358
7621.623355657472 0.6487911223906158
7623.873348161196 0.6481793655829092
7626.123340664921 0.6475686355798779
7628.373333168645 0.6469580768011621
7630.62332567237 0.646261542964052
7632.8733181760945 0.6456205182351239
7635.123310679819 0.6451656914380358
7637.3733031835445 0.6447149714558054
7639.623295687269 0.6445583602842674
7641.873288190994 0.6448582338016524
7644.123280694718 0.645230077539989
7646.373273198443 0.6450194104566306
7648.6232657021665 0.6445248444772199
7650.873258205893 0.6437895941516745
7653.1232507096165 0.6432529110767958
7655.373243213341 0.6429502063466553
7657.623235717066 0.6425619785227494
7659.87322822079 0.6411294050172952
7662.123220724515 0.63985974267889
7664.373213228239 0.6387467858988429
7666.623205731964 0.6381212631290624
7668.8731982356885 0.6376144350086927
7671.123190739413 0.6369247867418691
7673.373183243139 0.6361925036716373
7675.623175746863 0.6354921311532595
7677.873168250588 0.6347613810988046
7680.123160754312 0.6339304130773858
7682.373153258036 0.6333829192202421
7684.6231457617605 0.6329552258274529
7686.873138265487 0.6328518289593078
7689.123130769211 0.6327785488711041
7691.373123272935 0.6321111594852049
7693.62311577666 0.6306755190915089
7695.873108280384 0.6292057864794166
7698.123100784109 0.6277384742539189
7700.373093287833 0.6264657833256302
7702.623085791558 0.6258213841937599
7704.8730782952825 0.6253637153591621
7707.123070799008 0.6251930808969669
7709.373063302733 0.6250278081734963
7711.623055806457 0.6247783226488476
7713.873048310182 0.6244908564823731
7716.123040813906 0.6242036150490567
7718.37303331763 0.6238214925459553
7720.623025821356 0.6232882655043164
7722.87301832508 0.6226907133642686
7725.123010828805 0.6220909852468661
7727.373003332529 0.6214914338093209
7729.622995836254 0.6209011823119086
7731.872988339978 0.6204304423108038
7734.122980843703 0.6199964423544401
7736.372973347427 0.6195584908574533
7738.622965851152 0.6188535745870661
7740.872958354877 0.6179352887459334
7743.122950858602 0.6169569572872099
7745.372943362327 0.6164094202782299
7747.622935866051 0.6160702667184728
7749.872928369776 0.615768338260368
7752.122920873499 0.615562565984191
7754.372913377226 0.6153212236534398
7756.62290588095 0.6151026701791074
7758.872898384674 0.6151970603900468
7761.122890888399 0.6153276411570522
7763.372883392123 0.6154318391674388
7765.622875895848 0.6158579762405305
7767.872868399572 0.6163629231980515
7770.122860903297 0.6167959738717471
7772.3728534070215 0.6167801507652547
7774.622845910746 0.6166855902748143
7776.872838414471 0.6164667045580421
7779.122830918196 0.6155928275097098
7781.372823421921 0.6145432249682692
7783.622815925645 0.6135972869913133
7785.87280842937 0.6132975594611876
7788.1228009330935 0.6130678942725415
7790.37279343682 0.6129704379361333
7792.6227859405435 0.613305020805025
7794.872778444268 0.6136730589663153
7797.122770947993 0.6138658271178816
7799.372763451717 0.6135994128753788
7801.622755955442 0.6132522305137483
7803.872748459166 0.6131595045181643
7806.122740962891 0.6136435604260413
7808.3727334666155 0.6141449989320864
7810.62272597034 0.6142193571768254
7812.872718474065 0.6135689195644806
7815.12271097779 0.6128471294627574
7817.372703481515 0.612402897505207
7819.622695985239 0.6123032215066353
7821.872688488963 0.6118825453911801
7824.1226809926875 0.6109276388668134
7826.372673496413 0.6095360708646741
7828.6226660001375 0.6081491846352794
7830.872658503862 0.6078976185814884
7833.122651007587 0.6084568087609223
7835.372643511311 0.6089966739606552
7837.622636015036 0.6084669244859474
7839.87262851876 0.6072871503688386
7842.122621022485 0.6061298607413494
7844.3726135262095 0.6054027753316583
7846.622606029934 0.6048835367161219
7848.87259853366 0.6043791113525182
7851.122591037384 0.6039460862805599
7853.372583541109 0.6033993970963655
7855.622576044832 0.6027927558594961
7857.872568548557 0.6014113879077105
7860.122561052283 0.5997959472212441
7862.372553556007 0.5982670452452593
7864.622546059732 0.5973715238649863
7866.872538563456 0.5966287429867353
7869.122531067181 0.5958599874840516
7871.372523570905 0.5947122138547688
7873.62251607463 0.593389451341033
7875.872508578354 0.5920975068280818
7878.122501082079 0.5909635383392494
7880.372493585804 0.5898925626494906
7882.622486089528 0.5889148625687217
7884.872478593254 0.5877932588028015
7887.122471096978 0.5866556644847885
7889.372463600703 0.585571527365436
7891.622456104426 0.5848628011867107
7893.872448608151 0.5842678606885088
7896.1224411118765 0.5835618644842963
7898.372433615601 0.5825695078963063
7900.622426119326 0.5817105063803919
7902.87241862305 0.5812455604843132
7905.122411126775 0.5809282275883716
7907.372403630499 0.5806147812340501
7909.622396134224 0.5806026041897158
7911.8723886379485 0.5810319187053324
7914.122381141673 0.5814475089591877
7916.372373645398 0.5813306098917521
7918.622366149122 0.5805214782138635
7920.872358652848 0.5798750537825003
7923.122351156572 0.5798871670557768
7925.372343660296 0.5803088957704056
7927.62233616402 0.5807287483406808
7929.872328667745 0.5808763926094189
7932.1223211714705 0.5812969827578248
7934.372313675195 0.581829040544882
7936.62230617892 0.5823606751267003
7938.872298682644 0.5828918862516984
7941.122291186369 0.5832809458875358
7943.372283690093 0.5839184119562336
7945.622276193818 0.5847527242432112
7947.8722686975425 0.5856024257579555
7950.122261201267 0.5867579450350808
7952.372253704992 0.5881256570264515
7954.622246208717 0.5894165247791993
7956.872238712442 0.5895233714886786
7959.122231216165 0.5892654243412447
7961.37222371989 0.5892354452600037
7963.6222162236145 0.5899210132669325
7965.87220872734 0.5907551312431643
7968.1222012310645 0.591767537876214
7970.372193734789 0.593874767972551
7972.622186238514 0.5957588131803415
7974.872178742238 0.5971127868755456
7977.122171245963 0.5958390607431598
7979.372163749687 0.5941804938385747
7981.622156253412 0.5929258637261839
7983.8721487571365 0.5932105556428785
7986.122141260861 0.5936601695813974
7988.372133764586 0.5940181772674288
7990.622126268311 0.5939974152298477
7992.872118772036 0.5937735148815925
7995.122111275759 0.593653150677863
7997.372103779484 0.5938193690866485
7999.6220962832085 0.5939958876910122
8001.872088786934 0.5940502969237421
8004.122081290659 0.5938551917080135
8006.372073794383 0.5936043056733055
8008.622066298108 0.593044631080591
8010.872058801832 0.5920579977518114
8013.122051305557 0.5911826561410936
8015.372043809281 0.5905763569717339
8017.622036313006 0.5903161560758037
8019.872028816731 0.590041851571897
8022.122021320455 0.589650844749419
8024.372013824179 0.5892356811515225
8026.622006327905 0.5888210032786212
8028.871998831629 0.5885208485616975
8031.121991335353 0.5880502534436185
8033.371983839078 0.5873057399318796
8035.6219763428035 0.5856852177508577
8037.871968846528 0.5835307651946643
8040.121961350253 0.5814736848414588
8042.371953853977 0.5803103664498945
8044.621946357702 0.5794547433869607
8046.871938861426 0.5786069998795546
8049.121931365151 0.5779016449560309
8051.3719238688755 0.5773706772975775
8053.6219163726 0.5769300017045603
8055.871908876325 0.576634833621724
8058.121901380048 0.576384482250514
8060.371893883775 0.5760310887666752
8062.621886387499 0.5754379106914844
8064.871878891223 0.574850372550375
8067.121871394947 0.5741756749118881
8069.371863898672 0.5729207061652204
8071.6218564023975 0.5720725980193873
8073.871848906122 0.5713726840265593
8076.121841409847 0.5702217759393564
8078.371833913571 0.5690044556193788
8080.621826417296 0.5676508468681104
8082.87181892102 0.56626763889419
8085.121811424745 0.5649282543825658
8087.3718039284695 0.5639432502892723
8089.621796432194 0.5641365004638184
8091.871788935919 0.5647629889520912
8094.121781439642 0.5646968340328354
8096.371773943369 0.5625550257626899
8098.621766447092 0.5603113335927234
8100.871758950817 0.5585692524195829
8103.1217514545415 0.5580358060800108
8105.371743958266 0.5575474206208517
8107.6217364619915 0.5565420789121965
8109.871728965716 0.5546398404168394
8112.121721469441 0.5523435766838852
8114.371713973165 0.5499737912980811
8116.62170647689 0.5476110034210314
8118.871698980614 0.5452552002949049
8121.121691484339 0.542344771445346
8123.3716839880635 0.5388753206179874
8125.621676491788 0.5354079331960981
8127.871668995512 0.5315245372910983
8130.121661499236 0.5271239089992331
8132.371654002962 0.5217409780819989
8134.621646506686 0.5167034328858928
8136.871639010411 0.5119596427171693
8139.1216315141355 0.507211965670909
8141.371624017861 0.5010283119064356
8143.621616521586 0.4939262802278589
8145.87160902531 0.4868555776533982
8148.121601529035 0.47992889576641934
8150.371594032759 0.4726161300739895
8152.621586536484 0.46378932616255847
8154.871579040208 0.4541665556913033
8157.121571543933 0.44439237123948433
8159.371564047658 0.434734885164335
8161.621556551381 0.42441196424585925
8163.871549055106 0.41363351596424786
8166.121541558832 0.4029209144462874
8168.371534062556 0.39245182931953415
8170.62152656628 0.38156223740834344
8172.871519070005 0.3695816396200734
8175.12151157373 0.35739976601912876
8177.371504077455 0.34523427758328534
8179.62149658118 0.3329355916576489
8181.871489084904 0.3194893404368343
8184.121481588629 0.30586019810728143
8186.371474092353 0.2925503280540685
8188.621466596078 0.28000714424050266
8190.871459099802 0.26761724398597286
8193.121451603527 0.2552224747867243
8195.371444107252 0.2425121427274388
8197.621436610976 0.22986880920073136
8199.8714291147 0.21752803785597133
8202.121421618425 0.20621381366820432
8204.37141412215 0.1950967823621864
8206.621406625874 0.18399701806635424
8208.871399129599 0.17290345886341493
8211.121391633324 0.16241602436211372
8213.37138413705 0.15243565303799644
8215.621376640775 0.14238727297757803
8217.8713691445 0.13243275339706542
8220.121361648222 0.12295868775537643
8222.371354151946 0.114958336665313
8224.621346655671 0.10717062628799456
8226.871339159396 0.09915150905461527
8229.12133166312 0.09102673921187888
8231.371324166845 0.08399309814684726
8233.62131667057 0.07797430169097531
8235.871309174296 0.07216507746301283
8238.12130167802 0.06638109536429167
8240.371294181745 0.06093770874701199
8242.62128668547 0.05650506474986749
8244.871279189194 0.05215893530377176
8247.121271692919 0.0476747657139691
8249.371264196643 0.04321074176797218
8251.621256700368 0.03962152521464294
8253.871249204092 0.036565970227217526
8256.121241707817 0.03357186115490982
8258.371234211541 0.03059573628352231
8260.621226715266 0.027867363739707534
8262.87121921899 0.025698002920787996
8265.121211722715 0.023561144192052186
8267.37120422644 0.021404128784104446
8269.621196730164 0.01929726602408692
8271.871189233889 0.017617334492900344
8274.121181737613 0.01612125662116644
8276.371174241338 0.014647749848552934
8278.621166745063 0.01318035971189729
8280.871159248787 0.011895846356363857
8283.121151752513 0.010927687121339335
8285.371144256238 0.009986080215015796
8287.621136759963 0.009080618518952173
8289.871129263685 0.008211225162187516
8292.12112176741 0.007531437723294451
8294.371114271135 0.006896480294521663
8296.621106774859 0.006270680054283638
8298.871099278584 0.005652929734551486
8301.121091782308 0.005135263962836679
8303.371084286033 0.004720390973797235
8305.621076789757 0.004313447642145308
8307.871069293484 0.003913844771734087
8310.121061797208 0.003536335001774628
8312.371054300933 0.0032358916288213048
8314.621046804657 0.0029495309371304246
8316.871039308382 0.0026697623121965655
8319.121031812107 0.002398604861320732
8321.371024315831 0.002174360359740425
8323.621016819556 0.0019811240982519286
8325.87100932328 0.0017908185231955904
8328.121001827005 0.0016042789222094744
8330.37099433073 0.0014347967599611599
8332.620986834454 0.0013104710368493687
8334.870979338179 0.0011936457460343117
8337.120971841903 0.001080090748134763
8339.370964345628 0.0009700938409435007
8341.620956849352 0.0008825320878140472
8343.870949353077 0.000806307655288603
8346.120941856801 0.0007325189723486488
8348.370934360526 0.0006611626910754017
8350.62092686425 0.0005978947675412558
8352.870919367977 0.0005492424239868857
8355.120911871702 0.0005027525289899198
8357.370904375424 0.0004580362466932209
8359.620896879149 0.00041529266881927356
8361.870889382873 0.00037210283408464355
8364.120881886598 0.00032992272968606175
8366.370874390323 0.00028884359021541983
8368.620866894047 0.00024970782934903254
8370.870859397772 0.00021938514217136935
8373.120851901496 0.00020112723688639345
8375.37084440522 0.0001837985828311472
8377.620836908947 0.00016711437171429438
8379.870829412672 0.00015125400504959534
8382.120821916396 0.0001386156312926315
8384.370814420121 0.00012703044685673397
8386.620806923844 0.00011594838812342044
8388.87079942757 0.00010536872733388284
8391.120791931295 9.498045507912113e-05
8393.37078443502 8.482602465681273e-05
8395.620776938744 7.523455585650474e-05
8397.870769442468 6.617404784158091e-05
8400.120761946193 5.781578871973266e-05
8402.370754449918 5.083651029497009e-05
8404.620746953642 4.4432840947875705e-05
8406.870739457367 3.8490194047302924e-05
8409.120731961091 3.294866958943506e-05
8411.370724464816 2.9189658712553962e-05
8413.62071696854 2.6528410732886996e-05
8415.870709472265 2.399911096056073e-05
8418.12070197599 2.162661190641684e-05
8420.370694479714 1.9473934589362282e-05
8422.62068698344 1.7665755000429788e-05
8424.870679487165 1.5954443206945408e-05
8427.120671990888 1.4322278139061432e-05
8429.370664494612 1.27631748543207e-05
8431.620656998337 1.092789977878927e-05
8433.870649502061 9.06709432588885e-06
8436.120642005786 7.3573626584376026e-06
8438.37063450951 5.805936752210687e-06
8440.620627013235 4.661420385642838e-06
8442.87061951696 4.17370344929564e-06
8445.120612020684 3.714874306568453e-06
8447.37060452441 3.2776764024007306e-06
8449.620597028135 2.8741631660787338e-06
8451.87058953186 2.5611080171237766e-06
8454.120582035584 2.2841773663728346e-06
8456.370574539307 2.0208385305385253e-06
8458.620567043034 1.7662117673809371e-06
8460.870559546758 1.6278657717865054e-06
8463.120552050483 1.6481503263815028e-06
8465.370544554207 1.6660235430236582e-06
8467.620537057932 1.6795037117335392e-06
8469.870529561656 1.6907589455951705e-06
8472.120522065381 1.712976703785506e-06
8474.370514569106 1.736933436226465e-06
8476.62050707283 1.7594333059162278e-06
8478.870499576555 1.777727976337325e-06
8481.12049208028 1.7339873867218985e-06
8483.370484584004 1.6284099400450452e-06
8485.620477087728 1.5214143542009367e-06
8487.870469591453 1.4146139352198908e-06
8490.120462095178 1.3063693711278485e-06
8492.370454598902 1.1927440223813641e-06
8494.620447102629 1.0822590340074954e-06
8496.870439606351 9.766808128589634e-07
8499.120432110076 8.708066117231465e-07
8501.3704246138 7.763428859083841e-07
8503.620417117525 6.714383130730671e-07
8505.87040962125 5.59657437829734e-07
8508.120402124974 4.414933818923093e-07
8510.370394628699 3.2923550657251455e-07
8512.620387132423 2.517235358012569e-07
8514.870379636148 1.7538171756517636e-07
8517.120372139872 9.970404145292643e-08
8519.370364643599 2.4515664223429413e-08
8521.620357147323 1.9393147025953666e-08
8523.870349651048 4.6870173764705243e-08
8526.12034215477 7.484576998879072e-08
8528.370334658497 1.0331645362863416e-07
8530.620327162222 1.4294186342856166e-07
8532.870319665946 2.0607782402538764e-07
8535.12031216967 2.684895155310142e-07
8537.370304673395 3.297156935112782e-07
8539.62029717712 3.83756403944478e-07
8541.870289680845 3.510888555094792e-07
8544.120282184569 2.939957934606628e-07
8546.370274688294 2.399670941746431e-07
8548.620267192018 1.87521160866947e-07
8550.870259695743 2.473528223598133e-07
8553.120252199467 4.772172350771332e-07
8555.370244703192 7.096061188563266e-07
8557.620237206916 9.456787160208319e-07
8559.870229710641 1.1362871394821388e-06
8562.120222214366 9.531707480661835e-07
8564.370214718092 6.854221342982739e-07
8566.620207221815 4.139224503613253e-07
8568.87019972554 1.3910593253856143e-07
8571.120192229264 2.4439262994812468e-08
8573.370184732988 7.36421171188284e-08
8575.620177236713 1.2297312694383746e-07
8577.870169740438 1.7233539070498118e-07
8580.120162244162 2.1097556131302253e-07
8582.370154747887 1.9783006716497552e-07
8584.620147251611 1.7818518469035095e-07
8586.870139755336 1.595637849885176e-07
8589.120132259062 1.4235085682349097e-07
8591.370124762787 1.5046787370893384e-07
8593.620117266511 1.7567897190075823e-07
8595.870109770234 2.0210907920075673e-07
8598.120102273959 2.302663265827008e-07
8600.370094777685 2.7986573856589734e-07
8602.62008728141 3.9166050209175974e-07
8604.870079785134 4.984635709398443e-07
8607.120072288859 5.962926176531861e-07
8609.370064792583 6.806328978735834e-07
8611.620057296308 5.938970310118436e-07
8613.870049800033 4.320730560950944e-07
8616.120042303757 2.7159625122008005e-07
8618.370034807482 1.1309811029681015e-07
8620.620027311206 3.896436121052169e-09
8622.87001981493 0.0
8625.120012318655 0.0
8627.37000482238 0.0
8629.619997326105 4.5070205770575545e-09
8631.86998982983 6.57398542277738e-08
8634.119982333554 1.3761053532384318e-07
8636.369974837278 2.0296166860889331e-07
8638.619967341003 2.6216915427825506e-07
8640.869959844727 3.676629427648267e-07
8643.119952348452 5.545272861497937e-07
8645.369944852177 7.479143802741489e-07
8647.619937355901 9.473403154585797e-07
8649.869929859626 1.106677770551939e-06
8652.11992236335 9.134521047505141e-07
8654.369914867075 6.488862753206168e-07
8656.6199073708 3.8644505614833964e-07
8658.869899874526 1.280794708417302e-07
8661.11989237825 7.361343478170573e-08
8663.369884881973 2.108303244721113e-07
8665.619877385698 3.322706385363967e-07
8667.869869889422 4.3851203565791717e-07
8670.119862393149 5.049391209309839e-07
8672.369854896873 4.265483609820742e-07
8674.619847400598 3.173426597434329e-07
8676.869839904322 1.9528027203894665e-07
8679.119832408047 5.867441447528381e-08
8681.369824911772 1.797427552398159e-08
8683.619817415496 4.8783576031300156e-08
8685.86980991922 8.124449062590641e-08
8688.119802422945 1.1553458700125867e-07
8690.36979492667 1.3627199293905417e-07
8692.619787430393 1.0650797833644424e-07
8694.869779934119 7.353804172112868e-08
8697.119772437843 4.124267390031788e-08
8699.369764941568 2.6603432575018665e-08
8701.619757445293 4.892130746777271e-07
8703.869749949017 1.1327503976432512e-06
8706.119742452742 1.7309329640086236e-06
8708.369734956466 2.271822893639981e-06
8710.619727460191 2.502001287136567e-06
8712.869719963915 2.1705981985050663e-06
8715.11971246764 1.8514876325827396e-06
8717.369704971365 1.5604039132469976e-06
8719.61969747509 1.306449655018756e-06
8721.869689978814 1.3417604821677204e-06
8724.119682482538 1.4517312624075047e-06
8726.369674986263 1.5524139905957143e-06
8728.61966748999 1.660118824511657e-06
8730.869659993714 1.5423811062503898e-06
8733.119652497437 1.098698382574024e-06
8735.369645001161 6.963619412397223e-07
8737.619637504886 3.3663379376971283e-07
8739.869630008612 1.1111706769539534e-07
8742.119622512337 6.356906916383261e-07
8744.369615016061 1.35759161287548e-06
8746.619607519786 2.132121650106875e-06
8748.86960002351 3.004197900723047e-06
8751.119592527235 3.106400695041033e-06
8753.36958503096 2.3457530538696025e-06
8755.619577534684 1.5271619443146263e-06
8757.869570038409 7.281296785447733e-07
8760.119562542133 7.872508982892359e-08
8762.369555045856 3.0425719249947573e-09
8764.619547549582 2.2393780656986766e-09
8766.869540053307 1.3567774591070635e-09
8769.119532557032 3.047933720273273e-09
8771.369525060756 2.5576804157309646e-07
8773.61951756448 6.185581705632094e-07
8775.869510068205 9.034901637224351e-07
8778.11950257193 1.109231729637439e-06
8780.369495075654 1.2052170821215122e-06
8782.619487579379 1.1091873886714582e-06
8784.869480083104 8.951568766323753e-07
8787.119472586828 5.70403192730773e-07
8789.369465090553 1.6940184594103083e-07
8791.619457594277 6.322840970553319e-07
8793.869450098002 1.607268328506569e-06
8796.119442601726 2.701124749047941e-06
8798.369435105451 3.913408897519436e-06
8800.619427609177 4.505566330736788e-06
8802.8694201129 3.5404194148424386e-06
8805.119412616625 2.5964458799221613e-06
8807.36940512035 1.7374669979129015e-06
8809.619397624076 9.90018051290685e-07
8811.8693901278 6.877435884321022e-07
8814.119382631525 5.057770661491152e-07
8816.36937513525 3.177193866576999e-07
8818.619367638974 1.2275695553398692e-07
8820.869360142698 5.862459147465415e-08
8823.119352646423 1.9361334138938011e-07
8825.369345150148 3.164411222012026e-07
8827.619337653872 4.247840285856039e-07
8829.869330157597 4.969433097070769e-07
8832.11932266132 3.981571618252559e-07
8834.369315165046 2.7289305222915996e-07
8836.61930766877 1.5724832460826433e-07
8838.869300172495 5.046615156215362e-08
8841.11929267622 2.1937560645779173e-13
8843.369285179944 0.0
8845.619277683669 0.0
8847.869270187393 0.0
8850.119262691118 9.036484927103017e-08
8852.369255194842 6.177654011604337e-07
8854.619247698567 1.1923803554725696e-06
8856.869240202292 1.7579135674718176e-06
8859.119232706016 2.30081617829832e-06
8861.36922520974 2.3607372421968592e-06
8863.619217713465 2.1106013512260025e-06
8865.86921021719 1.8665161426502896e-06
8868.119202720914 1.6308486481949537e-06
8870.36919522464 1.3833211772567704e-06
8872.619187728364 1.053759740199305e-06
8874.869180232088 7.2445897635992e-07
8877.119172735813 4.025392288327954e-07
8879.369165239537 9.737038749998438e-08
8881.619157743264 7.267359258189174e-08
8883.869150246988 1.7257788464389174e-07
8886.119142750713 2.702162497639089e-07
8888.369135254437 3.654766140262204e-07
8890.619127758162 4.002088065504119e-07
8892.869120261887 3.042992411815624e-07
8895.119112765611 2.0576746937043909e-07
8897.369105269336 1.0957186712833648e-07
8899.61909777306 3.9494656999157054e-08
8901.869090276783 2.8196821629906157e-07
8904.11908278051 6.139383148579936e-07
8906.369075284234 9.389722417465088e-07
8908.619067787959 1.2539384424227898e-06
8910.869060291683 1.358719081118969e-06
8913.119052795408 1.1536413087065915e-06
8915.369045299132 9.503451987475366e-07
8917.619037802857 7.507288033533317e-07
8919.869030306581 5.630803305793868e-07
8922.119022810306 4.4838803367155707e-07
8924.36901531403 3.4757957554681084e-07
8926.619007817755 2.4584668900736543e-07
8928.86900032148 1.4418944304522414e-07
8931.118992825204 8.208856646281977e-08
8933.368985328929 6.117106516821644e-08
8935.618977832653 4.038100435119959e-08
8937.868970336378 1.9801663418942452e-08
8940.118962840103 2.090805730231307e-09
8942.368955343827 0.0
8944.618947847552 0.0
8946.868940351276 0.0
8949.118932855 3.7407985895622484e-09
8951.368925358727 3.9136681185515077e-07
8953.618917862452 1.022547518548834e-06
8955.868910366176 1.6804556581359741e-06
8958.118902869901 2.3282189748340077e-06
8960.368895373625 2.8366218095705393e-06
8962.61888787735 2.570696787217692e-06
8964.868880381075 2.0055972985461237e-06
8967.1188728848 1.708414193961134e-06
8969.368865388522 1.3962653211051693e-06
8971.618857892247 1.1996840065668058e-06
8973.868850395971 9.229178175951847e-07
8976.118842899697 7.87291129468337e-07
8978.368835403422 6.308273158646599e-07
8980.618827907147 6.58192298581628e-07
8982.868820410871 9.909712332795457e-07
8985.118812914596 1.586401550093206e-06
8987.36880541832 2.0364153444411863e-06
8989.618797922045 1.94393505807966e-06
8991.86879042577 1.982075915525344e-06
8994.118782929494 1.2228782574848425e-06
8996.368775433219 9.78251422606457e-07
8998.618767936943 3.844143634523789e-07
9000.868760440668 1.1678713462970336e-07
9003.118752944392 3.4686685997561045e-07
9005.368745448117 6.242869341396272e-07
9007.618737951841 9.942542387578137e-07
9009.868730455566 1.1573714186526067e-06
9012.11872295929 1.0556725846839382e-06
9014.368715463015 7.100051970470673e-07
9016.61870796674 4.7541619977590387e-07
9018.868700470466 1.4085188702820173e-07
9021.11869297419 1.7335597567104233e-08
9023.368685477915 5.216474955077454e-08
9025.61867798164 7.962027085574432e-08
9027.868670485364 1.0592137196427943e-07
9030.118662989089 1.463198127727931e-07
9032.368655492814 1.1885733181107154e-07
9034.618647996538 8.265894082732508e-08
9036.868640500263 5.117555291286799e-08
9039.118633003985 1.4901543635772187e-08
9041.36862550771 0.0
9043.618618011435 0.0
9045.86861051516 0.0
9048.118603018886 0.0
9050.36859552261 4.104023039537041e-10
9052.618588026335 2.177591541136599e-09
9054.86858053006 3.863888184082288e-09
9057.118573033784 6.059932001524833e-09
9059.368565537508 1.371160443450112e-08
9061.618558041233 1.7856672477552883e-07
9063.868550544958 4.0306806693954445e-07
9066.118543048682 6.285728425368214e-07
9068.368535552407 9.084228646729595e-07
9070.618528056131 8.889821529034106e-07
9072.868520559856 7.548707919750388e-07
9075.11851306358 4.773750208581861e-07
9077.368505567305 2.817985322634807e-07
9079.61849807103 5.834394779105652e-08
9081.868490574754 0.0
9084.118483078479 0.0
9086.368475582203 0.0
9088.618468085928 0.0
9090.868460589654 2.7711380299076856e-07
9093.118453093379 9.640704407269988e-07
9095.368445597103 1.5870706928135987e-06
9097.618438100828 2.3698317199113203e-06
9099.868430604552 2.993777711031106e-06
9102.118423108277 2.209390026080694e-06
9104.368415612002 1.820304566839089e-06
9106.618408115726 1.1019290156089533e-06
9108.868400619449 3.198603252371716e-07
9111.118393123174 3.43566236551851e-07
9113.368385626898 1.0629561883602566e-06
9115.618378130623 1.7685586824709765e-06
9117.868370634349 2.450709579665622e-06
9120.118363138074 2.737694709948469e-06
9122.368355641798 2.131112069645809e-06
9124.618348145523 1.696250924372418e-06
9126.868340649247 9.61214156542098e-07
9129.118333152972 2.81332820827446e-07
9131.368325656696 8.757976548566455e-08
9133.618318160421 2.3463461298405644e-07
9135.868310664146 3.990724644731061e-07
9138.11830316787 4.7653840445357083e-07
9140.368295671595 7.021755605350219e-07
9142.61828817532 8.826364369300387e-07
9144.868280679044 1.046316776742598e-06
9147.118273182768 1.1798341978236192e-06
9149.368265686493 1.3569272964663833e-06
9151.618258190218 1.2518896529837078e-06
9153.868250693942 1.0551768276624562e-06
9156.118243197667 8.193410370082185e-07
9158.368235701391 5.905021092166617e-07
9160.618228205118 5.800782114824636e-07
9162.868220708842 4.1929118721098633e-07
9165.118213212567 2.9515708572333037e-07
9167.368205716291 1.567083952092641e-07
9169.618198220016 5.1869534906251606e-08
9171.86819072374 3.4816861177853865e-07
9174.118183227465 7.500598085981265e-07
9176.36817573119 1.0217881443163224e-06
9178.618168234912 1.4321893163426138e-06
9180.868160738637 1.656707174486675e-06
9183.118153242362 1.2698265055679087e-06
9185.368145746086 9.027220982631095e-07
9187.61813824981 4.860334362403104e-07
9189.868130753537 1.9273240626637783e-07
9192.118123257262 1.0863974187497854e-07
9194.368115760986 7.547319198594145e-08
9196.61810826471 4.5851799729027094e-08
9198.868100768435 1.3189974754136436e-08
9201.11809327216 2.566241733666484e-07
9203.368085775885 7.716325928180476e-07
9205.61807827961 1.27731867175752e-06
9207.868070783334 1.7428701614203773e-06
9210.118063287058 2.0919672944024713e-06
9212.368055790783 1.995025530119527e-06
9214.618048294507 1.762683695820027e-06
9216.868040798232 1.5298750530164993e-06
9219.118033301957 1.3013874403903353e-06
9221.368025805681 1.1235065382900215e-06
9223.618018309406 8.226264764716601e-07
9225.86801081313 5.369909536399243e-07
9228.118003316855 2.3524224039590146e-07
9230.367995820581 1.656516273314618e-08
9232.617988324306 0.0
9234.86798082803 0.0
9237.117973331755 0.0
9239.36796583548 1.1592087609276932e-08
9241.617958339204 3.4056336936863283e-07
9243.867950842929 8.222876688010674e-07
9246.117943346651 1.263168327328698e-06
9248.367935850376 1.666210627021906e-06
9250.6179283541 1.9200741125403953e-06
9252.867920857825 1.4069638536228418e-06
9255.11791336155 9.824372993168977e-07
9257.367905865274 5.216916529820929e-07
9259.617898369 1.0015868781308948e-07
9261.867890872725 0.0
9264.11788337645 0.0
9266.367875880174 0.0
9268.617868383899 0.0
9270.867860887623 0.0
9273.117853391348 0.0
9275.367845895073 0.0
9277.617838398797 0.0
9279.867830902522 0.0
9282.117823406246 0.0
9284.36781590997 0.0
9286.617808413695 0.0
9288.86780091742 0.0
9291.117793421145 1.8806544057611536e-08
9293.36778592487 5.521879858052772e-08
9295.617778428594 9.242788413151478e-08
9297.867770932318 1.1620193415890551e-07
9300.117763436045 1.7499704184645324e-07
9302.36775593977 3.701176216517561e-07
9304.617748443494 6.122367183894168e-07
9306.867740947218 8.083868597979167e-07
9309.117733450943 1.1164294623881371e-06
9311.367725954668 6.624170237552883e-07
9313.617718458392 7.597571177176892e-07
9315.867710962115 5.063177148111404e-07
9318.11770346584 1.6066487495380882e-07
9320.367695969564 2.7604739301364516e-08
9322.617688473289 1.2349364979910619e-07
9324.867680977013 2.1295555642565022e-07
9327.117673480738 2.0990241432754977e-07
9329.367665984464 4.1615896877813174e-07
9331.617658488189 4.481172415099161e-07
9333.867650991913 2.920673940009868e-07
9336.117643495638 1.3261967428623378e-07
9338.367635999362 7.41935622790857e-08
9340.617628503087 4.888819863221475e-08
9342.867621006812 2.306918794848286e-07
9345.117613510536 2.1401366835010102e-07
9347.36760601426 2.700344543626762e-07
9349.617598517985 8.458491005042694e-07
9351.86759102171 9.41284516965119e-07
9354.117583525434 9.158388456086066e-07
9356.367576029159 3.5229016065272686e-07
9358.617568532884 8.086415787742234e-07
9360.867561036608 3.1160831805580937e-07
9363.117553540333 1.0353694868580096e-06
9365.367546044057 1.2252666916973679e-06
9367.617538547782 1.0662772416889836e-06
9369.867531051506 1.1682587260989884e-06
9372.117523555233 8.385523063220126e-07
9374.367516058957 4.689737183954777e-07
9376.617508562682 5.413415849321958e-07
9378.867501066406 1.712782239960309e-07
9381.117493570131 6.3806134664692e-13
9383.367486073856 0.0
9385.617478577578 0.0
9387.867471081303 0.0
9390.117463585028 0.0
9392.367456088752 0.0
9394.617448592477 0.0
9396.867441096201 0.0
9399.117433599928 0.0
9401.367426103652 0.0
9403.617418607377 0.0
9405.867411111101 0.0
9408.117403614826 0.0
9410.36739611855 0.0
9412.617388622275 0.0
9414.867381126 0.0
9417.117373629724 0.0
9419.367366133449 0.0
9421.617358637173 0.0
9423.867351140898 0.0
9426.117343644622 0.0
9428.367336148347 0.0
9430.617328652072 0.0
9432.867321155796 0.0
9435.11731365952 0.0
9437.367306163245 0.0
9439.61729866697 0.0
9441.867291170696 0.0
9444.11728367442 0.0
9446.367276178145 0.0
9448.61726868187 0.0
9450.867261185595 0.0
9453.11725368932 0.0
9455.367246193042 0.0
9457.617238696766 0.0
9459.867231200491 0.0
9462.117223704216 0.0
9464.36721620794 0.0
9466.617208711665 0.0
9468.86720121539 0.0
9471.117193719116 0.0
9473.36718622284 0.0
9475.617178726565 0.0
9477.86717123029 0.0
9480.117163734014 0.0
9482.367156237739 0.0
9484.617148741463 0.0
9486.867141245188 0.0
9489.117133748912 0.0
9491.367126252637 0.0
9493.617118756361 0.0
9495.867111260086 0.0
9498.11710376381 0.0
9500.367096267535 0.0
9502.61708877126 0.0
9504.867081274984 0.0
9507.117073778709 0.0
9509.367066282433 2.607859726616203e-09
9511.61705878616 7.991550160642324e-08
9513.867051289884 1.8397967387288592e-07
9516.117043793609 2.7168292285850084e-07
9518.367036297333 3.517437402129108e-07
9520.617028801058 3.461178756160377e-07
9522.86702130478 3.41773450947516e-07
9525.117013808505 2.2816081526594197e-07
9527.36700631223 2.740573878977856e-07
9529.616998815955 2.4597161792789713e-07
9531.866991319679 1.5978744324894935e-07
9534.116983823404 1.4360074249578872e-07
9536.366976327128 8.954463594004903e-08
9538.616968830853 2.7204252376455314e-08
9540.86696133458 3.69912667928119e-10
9543.116953838304 0.0
9545.366946342028 0.0
9547.616938845753 0.0
9549.866931349477 0.0
9552.116923853202 0.0
9554.366916356927 0.0
9556.616908860651 0.0
9558.866901364376 0.0
9561.1168938681 0.0
9563.366886371825 0.0
9565.61687887555 0.0
9567.866871379274 0.0
9570.116863882999 0.0
9572.366856386723 0.0
9574.616848890448 0.0
9576.866841394172 0.0
9579.116833897897 0.0
9581.366826401623 0.0
9583.616818905348 0.0
9585.866811409072 0.0
9588.116803912797 0.0
9590.366796416522 0.0
9592.616788920244 0.0
9594.866781423969 0.0
9597.116773927693 0.0
9599.366766431418 0.0
9601.616758935143 0.0
9603.866751438867 0.0
9606.116743942592 0.0
9608.366736446316 0.0
9610.616728950043 0.0
9612.866721453767 0.0
9615.116713957492 0.0
9617.366706461216 0.0
9619.616698964941 0.0
9621.866691468666 0.0
9624.11668397239 0.0
9626.366676476115 0.0
9628.61666897984 0.0
9630.866661483564 0.0
9633.116653987288 0.0
9635.366646491013 0.0
9637.616638994738 0.0
9639.866631498462 0.0
9642.116624002187 0.0
9644.366616505911 0.0
9646.616609009636 0.0
9648.86660151336 0.0
9651.116594017085 0.0
9653.366586520811 0.0
9655.616579024536 0.0
9657.86657152826 0.0
9660.116564031985 0.0
9662.366556535708 0.0
9664.616549039432 0.0
9666.866541543157 0.0
9669.116534046881 0.0
9671.366526550606 0.0
9673.61651905433 0.0
9675.866511558055 0.0
9678.11650406178 0.0
9680.366496565506 0.0
9682.61648906923 0.0
9684.866481572955 0.0
9687.11647407668 0.0
9689.366466580404 0.0
9691.616459084129 0.0
9693.866451587854 0.0
9696.116444091578 0.0
9698.366436595303 0.0
9700.616429099027 0.0
9702.866421602752 0.0
9705.116414106476 0.0
9707.366406610201 0.0
9709.616399113926 0.0
9711.86639161765 0.0
9714.116384121375 0.0
9716.3663766251 0.0
9718.616369128824 0.0
9720.866361632548 0.0
9723.116354136275 0.0
9725.36634664 0.0
9727.616339143724 0.0
9729.866331647449 0.0
9732.116324151171 0.0
9734.366316654896 0.0
9736.61630915862 0.0
9738.866301662345 0.0
9741.11629416607 0.0
9743.366286669794 0.0
9745.616279173519 0.0
9747.866271677243 0.0
9750.116264180968 0.0
9752.366256684694 0.0
9754.616249188419 0.0
9756.866241692143 0.0
9759.116234195868 0.0
9761.366226699593 0.0
9763.616219203317 0.0
9765.866211707042 0.0
9768.116204210766 0.0
9770.36619671449 0.0
9772.616189218215 0.0
9774.86618172194 0.0
9777.116174225665 0.0
9779.366166729389 0.0
9781.616159233114 0.0
9783.866151736838 0.0
9786.116144240563 0.0
9788.366136744287 0.0
9790.616129248012 0.0
9792.866121751738 0.0
9795.116114255463 0.0
9797.366106759187 0.0
9799.61609926291 0.0
9801.866091766635 0.0
9804.11608427036 0.0
9806.366076774084 0.0
9808.616069277808 0.0
9810.866061781533 1.9301809031723913e-08
9813.116054285258 6.960663114077536e-08
9815.366046788982 1.196121253093399e-07
9817.616039292707 1.737903924327309e-07
9819.866031796431 2.180047463192496e-07
9822.116024300158 1.8480878193364587e-07
9824.366016803882 1.2935147734983645e-07
9826.616009307607 7.801787122766407e-08
9828.866001811331 2.4835419297357155e-08
9831.115994315056 3.615382665432758e-13
9833.36598681878 0.0
9835.615979322505 0.0
9837.86597182623 0.0
9840.115964329954 0.0
9842.365956833679 0.0
9844.615949337403 0.0
9846.865941841128 0.0
9849.115934344853 0.0
9851.365926848577 0.0
9853.615919352302 0.0
9855.865911856026 0.0
9858.11590435975 0.0
9860.365896863475 0.0
9862.615889367202 0.0
9864.865881870926 0.0
9867.115874374651 0.0
9869.365866878374 0.0
9871.615859382098 0.0
9873.865851885823 0.0
9876.115844389547 0.0
9878.365836893272 0.0
9880.615829396997 0.0
9882.865821900721 0.0
9885.115814404446 0.0
9887.36580690817 0.0
9889.615799411895 0.0
9891.865791915621 0.0
9894.115784419346 0.0
9896.36577692307 0.0
9898.615769426795 0.0
9900.86576193052 0.0
9903.115754434244 0.0
9905.365746937969 0.0
9907.615739441693 0.0
9909.865731945418 0.0
9912.115724449142 0.0
9914.365716952867 0.0
9916.615709456592 0.0
9918.865701960316 0.0
9921.11569446404 0.0
9923.365686967765 0.0
9925.61567947149 0.0
9927.865671975214 0.0
9930.115664478939 0.0
9932.365656982663 0.0
9934.61564948639 0.0
9936.865641990114 0.0
9939.115634493837 0.0
9941.365626997562 0.0
9943.615619501286 0.0
9945.865612005011 0.0
9948.115604508735 0.0
9950.36559701246 0.0
9952.615589516185 0.0
9954.86558201991 0.0
9957.115574523634 0.0
9959.365567027358 0.0
9961.615559531085 0.0
9963.86555203481 0.0
9966.115544538534 0.0
9968.365537042258 0.0
9970.615529545983 0.0
9972.865522049708 0.0
9975.115514553432 0.0
9977.365507057157 0.0
9979.615499560881 0.0
9981.865492064606 0.0
9984.11548456833 0.0
9986.365477072055 0.0
9988.61546957578 0.0
9990.865462079504 0.0
9993.115454583229 0.0
9995.365447086953 0.0
9997.615439590678 0.0
9999.865432094404 0.0
10002.115424598129 0.0
10004.365417101853 0.0
10006.615409605578 0.0
10008.8654021093 0.0
10011.115394613025 0.0
10013.36538711675 0.0
10015.615379620474 0.0
10017.865372124199 0.0
10020.115364627924 0.0
10022.365357131648 0.0
10024.615349635373 0.0
10026.865342139097 0.0
10029.115334642822 0.0
10031.365327146546 0.0
10033.615319650271 0.0
10035.865312153996 0.0
10038.11530465772 0.0
10040.365297161445 0.0
10042.615289665171 0.0
10044.865282168896 0.0
10047.11527467262 0.0
10049.365267176345 0.0
10051.61525968007 0.0
10053.865252183794 0.0
10056.115244687518 0.0
10058.365237191243 0.0
10060.615229694968 0.0
10062.865222198692 0.0
10065.115214702419 0.0
10067.365207206143 0.0
10069.615199709868 0.0
10071.865192213592 0.0
10074.115184717317 0.0
10076.36517722104 0.0
10078.615169724764 0.0
10080.865162228489 0.0
10083.115154732213 0.0
10085.365147235938 0.0
10087.615139739662 0.0
10089.865132243387 0.0
10092.115124747112 0.0
10094.365117250836 0.0
10096.61510975456 0.0
10098.865102258285 0.0
10101.11509476201 0.0
10103.365087265734 0.0
10105.615079769459 0.0
10107.865072273184 0.0
10110.115064776908 0.0
10112.365057280635 0.0
10114.61504978436 0.0
10116.865042288084 0.0
10119.115034791808 0.0
10121.365027295533 0.0
10123.615019799257 0.0
10125.865012302982 0.0
10128.115004806707 0.0
10130.364997310431 0.0
10132.614989814156 0.0
10134.864982317878 0.0
10137.114974821607 0.0
10139.364967325331 0.0
10141.614959829056 0.0
10143.86495233278 0.0
10146.114944836503 0.0
10148.364937340228 0.0
10150.614929843952 0.0
10152.864922347677 0.0
10155.114914851401 0.0
10157.364907355126 0.0
10159.61489985885 0.0
10161.864892362575 0.0
10164.1148848663 0.0
10166.364877370024 0.0
10168.614869873749 0.0
10170.864862377473 0.0
10173.114854881198 0.0
10175.364847384923 0.0
10177.614839888647 0.0
10179.864832392372 0.0
10182.114824896098 0.0
10184.364817399823 0.0
10186.614809903547 0.0
10188.864802407272 0.0
10191.114794910996 4.863359390887026e-08
10193.364787414721 1.466637490883171e-07
10195.614779918445 2.471091334967686e-07
10197.86477242217 3.4760111237387095e-07
10200.114764925895 4.275774894310255e-07
10202.36475742962 4.03517479330837e-07
10204.614749933342 3.654175308116492e-07
10206.86474243707 3.2823207518739945e-07
10209.114734940795 2.9093414606001454e-07
10211.36472744452 2.369976832985354e-07
10213.614719948244 1.7292368039801316e-07
10215.864712451967 1.104939354574261e-07
10218.114704955691 4.9615560697966674e-08
10220.364697459416 3.349484030564292e-09
10222.61468996314 0.0
10224.864682466865 0.0
10227.11467497059 0.0
10229.364667474314 1.313910554617844e-09
10231.614659978039 3.9891177444022244e-08
10233.864652481763 9.513059799537464e-08
10236.114644985488 1.4973719884964452e-07
10238.364637489212 2.0344826549096866e-07
10240.614629992937 2.2524863035458857e-07
10242.864622496661 1.7447481332362502e-07
10245.114615000386 1.199830974754248e-07
10247.36460750411 6.49976876248648e-08
10249.614600007835 1.784396649659234e-08
10251.864592511562 8.11326055947968e-08
10254.114585015286 1.7842739907791838e-07
10256.36457751901 2.747802203678717e-07
10258.614570022735 3.7008816729507385e-07
10260.86456252646 3.897462886663438e-07
10263.114555030184 2.932937036925539e-07
10265.364547533909 1.9663833152635146e-07
10267.614540037634 1.0072544682770968e-07
10269.864532541358 1.4855852942534928e-08
10272.114525045083 0.0
10274.364517548805 0.0
10276.614510052534 0.0
10278.864502556258 0.0
10281.114495059983 0.0
10283.364487563707 0.0
10285.61448006743 0.0
10287.864472571155 0.0
10290.11446507488 1.7352490709638412e-08
10292.364457578604 1.2040941351691492e-07
10294.614450082328 2.3567414242818673e-07
10296.864442586053 3.5190160324387694e-07
10299.114435089778 4.6756575371930456e-07
10301.364427593502 4.455794207990144e-07
10303.614420097227 3.3074181464122477e-07
10305.864412600951 2.1492180520980125e-07
10308.114405104676 9.833895760532628e-08
10310.3643976084 6.73622062188214e-09
10312.614390112125 0.0
10314.86438261585 0.0
10317.114375119574 0.0
10319.364367623299 0.0
10321.614360127023 0.0
10323.86435263075 0.0
10326.114345134474 0.0
10328.364337638199 0.0
10330.614330141923 2.2980644116833115e-08
10332.864322645648 9.813746732961559e-08
10335.114315149372 1.757939251884179e-07
10337.364307653097 2.5373833953673837e-07
10339.614300156822 3.288614826078472e-07
10341.864292660546 3.61556535717932e-07
10344.114285164269 3.809187840510326e-07
10346.364277667997 4.0034294948334485e-07
10348.614270171722 4.1982563466583853e-07
10350.864262675446 4.2246967508407907e-07
10353.114255179169 3.9877258100675356e-07
10355.364247682894 3.742701915927745e-07
10357.614240186618 3.4921889040272896e-07
10359.864232690343 3.191798990544105e-07
10362.114225194067 2.54516083353745e-07
10364.364217697792 1.8224491905067147e-07
10366.614210201516 1.0969276424973482e-07
10368.864202705241 3.683217921791299e-08
10371.114195208966 2.525389217852154e-08
10373.36418771269 7.631339049804634e-08
10375.614180216415 1.2757608692796586e-07
10377.86417272014 1.7903883442778952e-07
10380.114165223864 2.150771560173185e-07
10382.364157727588 1.7436868991328329e-07
10384.614150231313 1.231686210508363e-07
10386.864142735038 7.183742430546165e-08
10389.114135238762 2.0620265638252376e-08
10391.364127742487 0.0
10393.614120246213 0.0
10395.864112749938 0.0
10398.114105253662 0.0
10400.364097757387 0.0
10402.614090261111 0.0
10404.864082764836 0.0
10407.11407526856 0.0
10409.364067772285 2.696609084048997e-09
10411.614060276008 8.220024522919637e-08
10413.864052779732 1.9795168028943214e-07
10416.114045283457 3.1509150301527237e-07
10418.364037787185 4.3358421867411016e-07
10420.61403029091 5.342568062411631e-07
10422.864022794633 5.917401474788395e-07
10425.114015298357 6.470607134902015e-07
10427.364007802082 7.018224115180621e-07
10429.614000305806 7.438316537878131e-07
10431.86399280953 6.229670576819736e-07
10434.113985313255 4.509800330286364e-07
10436.36397781698 2.787169354483355e-07
10438.613970320705 1.0636076392302527e-07
10440.86396282443 4.984504986071597e-08
10443.113955328154 1.7265796448526521e-07
10445.363947831878 2.9755595422006754e-07
10447.613940335603 4.22502246995767e-07
10449.863932839327 5.231858777399511e-07
10452.113925343052 4.3590964132658484e-07
10454.363917846777 3.100356892379809e-07
10456.613910350501 1.853280353539607e-07
10458.863902854226 6.189995320697485e-08
10461.11389535795 8.371852375959784e-09
10463.363887861677 2.528697581843696e-08
10465.613880365401 4.219171541093678e-08
10467.863872869126 5.9096019470762514e-08
10470.11386537285 9.215433289080492e-08
10472.363857876575 2.043029612482146e-07
10474.6138503803 3.2597534852085975e-07
10476.863842884024 4.464751132065841e-07
10479.113835387749 5.650186590518559e-07
10481.363827891471 6.013272760860464e-07
10483.613820395196 5.829642245434093e-07
10485.86381289892 5.645593169619175e-07
10488.113805402649 5.461155871330849e-07
10490.363797906373 5.173273858474155e-07
10492.613790410096 4.549573620665917e-07
10494.86378291382 3.9083842987573777e-07
10497.113775417545 3.272805062114401e-07
10499.36376792127 2.66328559080403e-07
10501.613760424994 2.586593643385679e-07
10503.863752928719 2.7510589248738546e-07
10506.113745432443 2.917114080504534e-07
10508.363737936168 3.0826271514916884e-07
10510.613730439893 3.060283280783341e-07
10512.863722943617 2.618700889936693e-07
10515.113715447342 2.164348482682004e-07
10517.363707951066 1.713636644462992e-07
10519.61370045479 1.4012163460214898e-07
10521.863692958515 2.888877800702253e-07
10524.11368546224 4.927416506481897e-07
10526.363677965965 6.949066606959504e-07
10528.61367046969 8.955461990578743e-07
10530.863662973414 9.91020445029605e-07
10533.113655477138 9.25830069642162e-07
10535.363647980865 8.58740921622874e-07
10537.61364048459 7.914041166908906e-07
10539.863632988314 7.350639547611489e-07
10542.113625492038 7.648960100985797e-07
10544.363617995763 8.125029848338719e-07
10546.613610499488 8.596001673583108e-07
10548.863603003212 9.063320421432154e-07
10551.113595506935 8.805123278372256e-07
10553.36358801066 7.818031060512722e-07
10555.613580514384 6.848070131154974e-07
10557.863573018112 5.894044112066962e-07
10560.113565521837 5.106122838416701e-07
10562.36355802556 5.063270977355499e-07
10564.613550529284 5.119812591785839e-07
10566.863543033009 5.175525026188585e-07
10569.113535536733 5.224618799081557e-07
10571.363528040458 4.65439403257408e-07
10573.613520544182 3.680321745343734e-07
10575.863513047907 2.723581470857314e-07
10578.113505551632 1.7841773487882113e-07
10580.363498055356 1.389269776501619e-07
10582.61349055908 2.7348565332054554e-07
10584.863483062805 4.190046482862116e-07
10587.11347556653 5.618950394786252e-07
10589.363468070254 6.984591825974282e-07
10591.613460573979 7.333017670085472e-07
10593.863453077704 7.225599859396482e-07
10596.113445581428 7.118004717147952e-07
10598.363438085153 7.011133245283247e-07
10600.613430588877 6.639727881383723e-07
10602.863423092602 5.681081363991817e-07
10605.113415596328 4.7164294021591466e-07
10607.363408100053 3.770484652616097e-07
10609.613400603777 2.9488077330795434e-07
10611.863393107502 3.5566744623213087e-07
10614.113385611226 4.5940712149883157e-07
10616.363378114951 5.609464373581273e-07
10618.613370618676 6.602855875457138e-07
10620.863363122398 6.815446542826111e-07
10623.113355626123 5.855561249663351e-07
10625.363348129848 4.911576425183409e-07
10627.613340633576 3.9818410930985753e-07
10629.863333137298 3.194816999167826e-07
10632.113325641023 3.3492145700041545e-07
10634.363318144748 3.6955243690672947e-07
10636.613310648472 4.0410652714358133e-07
10638.863303152197 4.3806593484160577e-07
10641.113295655921 4.3352000298273693e-07
10643.363288159646 3.9130717644023495e-07
10645.61328066337 3.5005562450187126e-07
10647.863273167095 3.0996311008115937e-07
10650.11326567082 2.75735494609454e-07
10652.363258174544 2.641895164337934e-07
10654.613250678269 2.5567221140869667e-07
10656.863243181993 2.4735419858029506e-07
10659.113235685718 2.389428470968192e-07
10661.363228189442 2.2616252060095867e-07
10663.613220693167 2.0993571903835812e-07
10665.863213196892 1.939539916786132e-07
10668.113205700616 1.7825119819669172e-07
10670.36319820434 1.9072558310380948e-07
10672.613190708065 2.9552963215830505e-07
10674.863183211792 4.0324438478660966e-07
10677.113175715516 5.06014734354798e-07
10679.36316821924 6.020537235572825e-07
10681.613160722965 5.901075574919718e-07
10683.86315322669 5.30194118405359e-07
10686.113145730415 4.707104814828399e-07
10688.363138234137 4.116532824284166e-07
10690.613130737862 3.7908365116249225e-07
10692.863123241586 4.034067494692007e-07
10695.113115745311 4.2887094262850414e-07
10697.363108249036 4.552647998720846e-07
10699.613100752762 4.807801119835965e-07
10701.863093256487 5.242105832402329e-07
10704.113085760211 5.741365696432182e-07
10706.363078263936 6.20021828883276e-07
10708.61307076766 6.640301013972549e-07
10710.863063271385 6.676515451551829e-07
10713.11305577511 6.121051574222111e-07
10715.363048278834 5.562106872104604e-07
10717.613040782559 5.015644934303825e-07
10719.863033286283 4.4229574419035684e-07
10722.113025790008 3.47820792326535e-07
10724.363018293732 2.46169477875057e-07
10726.613010797457 1.4673468102520252e-07
10728.863003301181 4.9051029943964545e-08
10731.112995804906 2.716552072795118e-08
10733.36298830863 8.051720215007663e-08
10735.612980812355 1.3148846510038885e-07
10737.86297331608 1.801213388657802e-07
10740.112965819804 2.285243546659196e-07
10742.362958323529 2.851662422998606e-07
10744.612950827255 3.4224992300036446e-07
10746.86294333098 3.922937224103228e-07
10749.112935834704 4.513656369761213e-07
10751.362928338429 4.078088500052275e-07
10753.612920842153 2.9887118399295553e-07
10755.862913345878 1.9184493097964826e-07
10758.1129058496 8.682003227414588e-08
10760.362898353325 3.08543338949297e-08
10762.61289085705 1.3076288697571673e-07
10764.862883360775 2.392396648211519e-07
10767.112875864499 3.4483448598790545e-07
10769.362868368225 4.4334796148720686e-07
10771.61286087195 4.521117470221979e-07
10773.862853375675 4.174011252454926e-07
10776.1128458794 3.8990680777833724e-07
10778.362838383124 3.6444806572154304e-07
10780.612830886848 3.360553059045837e-07
10782.862823390573 3.078223747923692e-07
10785.112815894297 2.8087089499719787e-07
10787.362808398022 2.557894237660402e-07
10789.612800901747 2.320081606849135e-07
10791.862793405471 2.2648949019401987e-07
10794.112785909196 2.2617883784940627e-07
10796.36277841292 2.2651110658045397e-07
10798.612770916645 2.2599299081844081e-07
10800.86276342037 2.200089892972442e-07
10803.112755924094 1.9988619965303683e-07
10805.362748427819 1.8867775758529191e-07
10807.612740931543 1.7302886419229322e-07
10809.862733435268 1.6276797696451812e-07
10812.112725938992 1.8328260319636561e-07
10814.362718442717 2.0625682230828736e-07
10816.612710946443 2.348413518052268e-07
10818.862703450168 2.583689808322857e-07
10821.112695953892 2.904092351191754e-07
10823.362688457617 3.2839986733327533e-07
10825.612680961342 3.6476017063634433e-07
10827.862673465064 4.0055579933813173e-07
10830.112665968789 4.2412836403357535e-07
10832.362658472513 3.9339208325265716e-07
10834.612650976238 3.4665429683507614e-07
10836.862643479963 3.1527007143628204e-07
10839.112635983689 2.813632303479848e-07
10841.362628487414 2.549324446095467e-07
10843.612620991138 2.3872791045646416e-07
10845.862613494863 2.214961046166366e-07
10848.112605998587 2.074115286847059e-07
10850.362598502312 1.9140991229726229e-07
10852.612591006036 1.7254657023155003e-07
10854.862583509761 1.5486520252042366e-07
10857.112576013486 1.379699879731616e-07
10859.36256851721 1.1910322900734263e-07
10861.612561020935 1.152336126048767e-07
10863.86255352466 1.116531730525238e-07
10866.112546028384 1.1736641512508636e-07
10868.362538532108 1.1821685997730358e-07
10870.612531035833 1.2021337170153856e-07
10872.862523539558 1.3068911841691617e-07
10875.112516043282 1.4115954206751012e-07
10877.362508547007 1.495390565001539e-07
10879.612501050731 1.5996649291210528e-07
10881.862493554456 1.8052731840206044e-07
10884.11248605818 2.0232828008188042e-07
10886.362478561907 2.2638713874455009e-07
10888.612471065631 2.4809638031168293e-07
10890.862463569356 2.410191588015074e-07
10893.11245607308 2.0205256684372823e-07
10895.362448576805 1.5936118954053248e-07
10897.612441080528 1.2270819203828583e-07
10899.862433584252 8.910984704661972e-08
10902.112426087977 8.663339437970297e-08
10904.362418591701 8.842322430493271e-08
10906.612411095426 9.517762235705927e-08
10908.86240359915 1.0056731230570413e-07
10911.112396102877 1.0348081163150289e-07
10913.362388606602 1.0540632404372724e-07
10915.612381110326 1.0704084980155259e-07
10917.86237361405 1.0827374827452147e-07
10920.112366117775 1.079073299339819e-07
10922.3623586215 1.006453109359176e-07
10924.612351125224 9.173348603230292e-08
10926.862343628949 7.731264976394898e-08
10929.112336132674 7.523032934932242e-08
10931.362328636398 6.977040048030825e-08
10933.612321140123 6.245872310291116e-08
10935.862313643847 5.6752889157416156e-08
10938.112306147572 5.0058140634344174e-08
10940.362298651296 4.632750530548107e-08
10942.612291155021 4.6553255882687296e-08
10944.862283658746 4.7014518380739324e-08
10947.11227616247 4.7115967250787294e-08
10949.362268666195 4.6367514752657025e-08
10951.61226116992 4.7356165947324395e-08
10953.862253673644 4.597219189015255e-08
10956.11224617737 4.478023229274741e-08
10958.362238681095 4.160766194045946e-08
10960.61223118482 3.9681892942737886e-08
10962.862223688544 3.5270808523513633e-08
10965.112216192267 3.160614064557755e-08
10967.362208695991 2.7599336595623304e-08
10969.612201199716 2.4303950178409915e-08
10971.86219370344 2.914346120458968e-08
10974.112186207165 3.543746695572207e-08
10976.36217871089 3.9316657291116403e-08
10978.612171214614 4.169126533065713e-08
10980.86216371834 4.232737579556225e-08
10983.112156222065 4.041267088758795e-08
10985.36214872579 3.627320588792412e-08
10987.612141229514 3.2135451261257364e-08
10989.862133733239 2.6777530206566298e-08
10992.112126236963 1.9886732119524365e-08
10994.362118740688 1.306815674184885e-08
10996.612111244413 6.787873920531589e-09
10998.862103748137 2.1424940199527926e-09
