8002.498475385633 4.292610360155128e-08
8007.4984490913685 5.1655962126589084e-08
8012.498422797101 5.9171811671040417e-08
8017.498396502835 6.586305143797059e-08
8022.498370208568 6.920472310177705e-08
8027.498343914301 6.891051537456786e-08
8032.498317620036 6.623374781947435e-08
8037.498291325769 6.083733333280607e-08
8042.498265031503 6.260637398474772e-08
8047.4982387372365 7.17740652755156e-08
8052.498212442969 7.593197277495496e-08
8057.498186148704 7.513042618102759e-08
8062.498159854436 7.114586868156913e-08
8067.4981335601715 6.396313900425423e-08
8072.498107265904 6.386016450728698e-08
8077.498080971638 7.022605627582294e-08
8082.498054677371 7.480100609893871e-08
8087.498028383105 7.782456541329511e-08
8092.49800208884 7.618990976332409e-08
8097.497975794572 6.949181817306151e-08
8102.497949500307 6.025669409192045e-08
8107.49792320604 4.9057901173283254e-08
8112.497896911772 4.2290164156032306e-08
8117.497870617507 3.958314230087463e-08
8122.497844323239 3.5439532715249425e-08
8127.4978180289745 3.0025451784919426e-08
8132.497791734708 2.9521152568792725e-08
8137.497765440441 3.350528861408079e-08
8142.497739146175 3.231225411745264e-08
8147.497712851908 2.6549319501494172e-08
8152.497686557643 2.401414846347647e-08
8157.497660263375 2.4290435301049543e-08
8162.49763396911 2.234440915173711e-08
8167.497607674843 1.836607013023939e-08
8172.497581380577 2.0438862211157e-08
8177.49755508631 2.814673235476754e-08
8182.497528792043 2.9460558081347806e-08
8187.497502497778 2.4870460913736658e-08
8192.49747620351 2.328160942703482e-08
8197.497449909246 2.4420059439547934e-08
8202.49742361498 2.3734266480568617e-08
8207.49739732071 2.1268988979190852e-08
8212.497371026446 2.0189312651106977e-08
8217.497344732179 2.0424336667190064e-08
8222.497318437914 2.19433142758814e-08
8227.497292143646 2.4624875043913858e-08
8232.49726584938 2.3547113286855607e-08
8237.497239555114 1.9081060613332176e-08
8242.497213260847 1.9231985967321772e-08
8247.49718696658 2.3963486536484404e-08
8252.497160672314 2.5944910066832236e-08
8257.497134378049 2.5406650346631973e-08
8262.497108083782 2.5035051834404164e-08
8267.497081789514 2.4785728345165043e-08
8272.497055495249 2.4277416813453216e-08
8277.497029200982 2.3630391749143046e-08
8282.497002906717 2.2170459754991856e-08
8287.49697661245 2.0049408592570043e-08
8292.496950318184 2.063615144831607e-08
8297.496924023917 2.3935404614353326e-08
8302.49689772965 2.4820236386366554e-08
8307.496871435385 2.319433141284734e-08
8312.496845141117 2.6898681497362536e-08
8317.496818846852 3.59893536889064e-08
8322.496792552585 3.5967099921043254e-08
8327.496766258319 2.587276340981224e-08
8332.496739964052 2.271538193063642e-08
8337.496713669785 2.739386347126817e-08
8342.49668737552 2.9749993838347438e-08
8347.496661081253 2.9864194140459607e-08
8352.496634786989 3.2790477671529224e-08
8357.49660849272 3.8672373921535795e-08
8362.496582198453 4.2883184556576046e-08
8367.496555904188 4.508923256136907e-08
8372.49652960992 4.6408910768172466e-08
8377.496503315655 4.698034920699619e-08
8382.496477021388 4.36322917501499e-08
8387.496450727122 3.6509786184894725e-08
8392.496424432857 3.716627606459843e-08
8397.496398138588 4.604564983118004e-08
8402.496371844323 4.845779977045204e-08
8407.496345550057 4.4208705005776835e-08
8412.496319255792 4.4399666593244975e-08
8417.496292961523 4.908959121063808e-08
8422.496266667256 4.78830896976655e-08
8427.496240372991 4.042375439832778e-08
8432.496214078725 3.75392109387438e-08
8437.49618778446 3.9258457913446435e-08
8442.496161490191 3.989824228637614e-08
8447.496135195926 3.895523944289985e-08
8452.49610890166 3.777842397568538e-08
8457.496082607391 3.633975713579855e-08
8462.496056313126 3.44373984852916e-08
8467.49603001886 3.238679059691674e-08
8472.496003724595 3.4571595621655625e-08
8477.495977430328 4.075326247691069e-08
8482.49595113606 3.953904134793026e-08
8487.495924841794 3.139167639318336e-08
8492.495898547528 3.001313765011326e-08
8497.495872253263 3.52801920102486e-08
8502.495845958994 3.781898047614908e-08
8507.49581966473 3.751646902234782e-08
8512.495793370463 3.6821692657445386e-08
8517.495767076196 3.599082548396919e-08
8522.49574078193 3.623752395634287e-08
8527.495714487663 3.7309317591539e-08
8532.495688193398 3.6845894257477274e-08
8537.495661899131 3.521409830899658e-08
8542.495635604864 3.4607233583304135e-08
8547.495609310598 3.4791428587044344e-08
8552.49558301633 3.695996633819598e-08
8557.495556722066 4.116481972293919e-08
8562.4955304278 4.09202501923125e-08
8567.495504133532 3.6221635882503396e-08
8572.495477839266 3.444758682415604e-08
8577.495451544999 3.519254457061823e-08
8582.495425250734 3.321072547885249e-08
8587.495398956466 2.8509901815171323e-08
8592.4953726622 3.078255417734505e-08
8597.495346367934 3.9619893841491786e-08
8602.495320073669 3.901575830920784e-08
8607.4952937794 2.8379887299685313e-08
8612.495267485134 2.7558698281585044e-08
8617.495241190869 3.629994727513583e-08
8622.495214896602 3.6877516199045754e-08
8627.495188602337 2.997158501905077e-08
8632.495162308069 3.004339665204962e-08
8637.495136013802 3.7934085516567183e-08
8642.495109719537 4.546327239905401e-08
8647.49508342527 5.173516336095015e-08
8652.495057131004 5.7616010886692646e-08
8657.495030836737 6.269562437735135e-08
8662.495004542472 5.8989671419870095e-08
8667.494978248205 4.705649590610226e-08
8672.494951953937 3.5334055166343525e-08
8677.494925659672 2.2965818697960347e-08
8682.494899365405 2.398441758965122e-08
8687.49487307114 3.8295019216456136e-08
8692.494846776872 4.146663792145141e-08
8697.494820482607 3.40861321854226e-08
8702.49479418834 2.862737094456396e-08
8707.494767894073 2.4635045325970488e-08
8712.494741599809 2.307465933633448e-08
8717.49471530554 2.4707366516737646e-08
8722.494689011275 2.306306728078574e-08
8727.494662717008 1.804230468621252e-08
8732.49463642274 1.7171030172544623e-08
8737.494610128475 2.0147661652994994e-08
8742.494583834208 1.5857499972326095e-08
8747.494557539943 4.970614944121263e-09
8752.494531245677 2.139998378208047e-09
8757.49450495141 6.212612925948822e-09
8762.494478657143 1.1501184570719501e-08
8767.494452362876 1.9011310423648978e-08
8772.494426068612 2.2663474233476835e-08
8777.494399774343 2.1835265943049242e-08
8782.494373480078 4.5619466745839644e-08
8787.494347185811 9.181114658820886e-08
8792.494320891545 8.47741370975877e-08
8797.49429459728 2.7865228298771885e-08
8802.494268303011 4.824985289537856e-14
8807.494242008746 0.0
8812.49421571448 2.393576505656502e-09
8817.494189420215 7.595226513755822e-09
8822.494163125946 1.4954471266601775e-08
8827.49413683168 2.3619838972392113e-08
8832.494110537415 2.0833893857303416e-08
8837.494084243148 6.983432118538496e-09
8842.494057948881 6.482194588789488e-15
8847.494031654614 0.0
8852.49400536035 0.0
8857.493979066083 0.0
8862.493952771814 0.0
8867.49392647755 0.0
8872.493900183283 0.0
8877.493873889018 0.0
8882.49384759475 0.0
8887.493821300483 0.0
8892.493795006218 0.0
8897.49376871195 0.0
8902.493742417686 0.0
8907.493716123417 0.0
8912.493689829153 0.0
8917.493663534886 0.0
8922.49363724062 0.0
8927.493610946352 0.0
8932.493584652086 0.0
8937.49355835782 0.0
8942.493532063554 0.0
8947.493505769286 0.0
8952.49347947502 0.0
8957.493453180754 0.0
8962.493426886489 0.0
8967.49340059222 0.0
8972.493374297956 0.0
8977.493348003689 0.0
8982.493321709422 0.0
8987.493295415157 0.0
8992.493269120889 0.0
8997.493242826624 0.0
9002.493216532357 0.0
9007.493190238092 0.0
9012.493163943824 0.0
9017.493137649557 0.0
9022.493111355292 0.0
9027.493085061025 0.0
9032.49305876676 0.0
9037.493032472492 0.0
9042.493006178225 0.0
9047.49297988396 0.0
9052.492953589692 0.0
9057.492927295427 0.0
9062.49290100116 0.0
9067.492874706895 0.0
9072.492848412629 0.0
9077.49282211836 0.0
9082.492795824095 0.0
9087.492769529828 0.0
9092.492743235563 0.0
9097.492716941295 0.0
9102.492690647028 0.0
9107.492664352763 0.0
9112.492638058497 0.0
9117.49261176423 0.0
9122.492585469963 0.0
9127.492559175698 0.0
9132.492532881432 0.0
9137.492506587163 0.0
9142.492480292898 0.0
9147.492453998631 0.0
9152.492427704366 0.0
9157.4924014101 0.0
9162.492375115833 0.0
9167.492348821566 0.0
9172.4923225273 0.0
9177.492296233035 0.0
9182.492269938766 0.0
9187.492243644501 0.0
9192.492217350235 0.0
9197.492191055968 0.0
9202.492164761701 0.0
9207.492138467434 0.0
9212.49211217317 0.0
9217.492085878903 0.0
9222.492059584638 0.0
9227.49203329037 0.0
9232.492006996103 0.0
9237.491980701838 0.0
9242.49195440757 0.0
9247.491928113304 0.0
9252.491901819038 0.0
9257.49187552477 0.0
9262.491849230506 0.0
9267.491822936237 0.0
9272.491796641973 0.0
9277.491770347706 0.0
9282.491744053441 0.0
9287.491717759172 0.0
9292.491691464906 0.0
9297.49166517064 0.0
9302.491638876374 0.0
9307.49161258211 0.0
9312.49158628784 0.0
9317.491559993576 0.0
9322.491533699309 0.0
9327.49150740504 0.0
9332.491481110776 0.0
9337.491454816509 0.0
9342.491428522244 0.0
9347.491402227977 0.0
9352.491375933709 0.0
9357.491349639444 0.0
9362.491323345177 0.0
9367.491297050912 0.0
9372.491270756644 0.0
9377.491244462379 0.0
9382.491218168112 0.0
9387.491191873845 0.0
9392.49116557958 0.0
9397.491139285312 0.0
9402.491112991047 0.0
9407.49108669678 0.0
9412.491060402514 0.0
9417.491034108247 0.0
9422.49100781398 0.0
9427.490981519715 0.0
9432.490955225448 0.0
9437.490928931182 0.0
9442.490902636915 0.0
9447.490876342648 0.0
9452.490850048383 0.0
9457.490823754115 0.0
9462.49079745985 0.0
9467.490771165583 0.0
9472.490744871318 0.0
9477.49071857705 0.0
9482.490692282783 0.0
9487.490665988518 0.0
9492.490639694252 0.0
9497.490613399987 0.0
9502.490587105718 0.0
9507.490560811451 0.0
9512.490534517186 0.0
9517.49050822292 0.0
9522.490481928653 0.0
9527.490455634386 0.0
9532.490429340121 0.0
9537.490403045855 0.0
9542.490376751586 0.0
9547.490350457321 0.0
9552.490324163055 0.0
9557.49029786879 0.0
9562.490271574521 0.0
9567.490245280256 0.0
9572.49021898599 0.0
9577.490192691723 0.0
9582.490166397458 0.0
9587.49014010319 0.0
9592.490113808924 0.0
9597.490087514658 0.0
9602.49006122039 0.0
9607.490034926124 0.0
9612.490008631858 0.0
9617.489982337593 0.0
9622.489956043326 0.0
9627.489929749061 0.0
9632.489903454793 0.0
9637.489877160526 0.0
9642.48985086626 0.0
9647.489824571992 0.0
9652.489798277727 0.0
9657.48977198346 0.0
9662.489745689194 0.0
9667.48971939493 0.0
9672.48969310066 0.0
9677.489666806396 0.0
9682.489640512129 0.0
9687.489614217864 0.0
9692.489587923596 0.0
9697.489561629329 0.0
9702.489535335064 0.0
9707.489509040797 0.0
9712.48948274653 0.0
9717.489456452264 0.0
9722.489430157997 0.0
9727.489403863732 0.0
9732.489377569464 0.0
9737.489351275199 0.0
9742.489324980932 0.0
9747.489298686667 0.0
9752.4892723924 0.0
9757.489246098132 0.0
9762.489219803867 0.0
9767.4891935096 0.0
9772.489167215335 0.0
9777.489140921067 0.0
9782.489114626802 0.0
9787.489088332535 0.0
9792.489062038268 0.0
9797.489035744002 0.0
9802.489009449735 0.0
9807.48898315547 0.0
9812.488956861203 0.0
9817.488930566935 0.0
9822.48890427267 0.0
9827.488877978403 0.0
9832.488851684138 0.0
9837.48882538987 0.0
9842.488799095605 0.0
9847.488772801338 0.0
9852.488746507071 0.0
9857.488720212807 0.0
9862.488693918538 0.0
9867.488667624273 0.0
9872.488641330006 0.0
9877.48861503574 0.0
9882.488588741473 0.0
9887.488562447206 0.0
9892.488536152941 0.0
9897.488509858675 0.0
9902.48848356441 0.0
9907.488457270141 0.0
9912.488430975875 0.0
9917.48840468161 0.0
9922.488378387341 0.0
9927.488352093076 0.0
9932.48832579881 0.0
9937.488299504545 0.0
9942.488273210278 0.0
9947.48824691601 0.0
9952.488220621744 0.0
9957.488194327478 0.0
9962.488168033213 0.0
9967.488141738944 0.0
9972.488115444678 0.0
9977.488089150413 0.0
9982.488062856146 0.0
9987.488036561881 0.0
9992.488010267612 0.0
9997.487983973348 0.0
10002.48795767908 0.0
10007.487931384812 0.0
10012.487905090547 0.0
10017.487878796283 0.0
10022.487852502016 0.0
10027.48782620775 0.0
10032.48779991348 0.0
10037.487773619216 0.0
10042.48774732495 0.0
10047.487721030684 0.0
10052.487694736416 0.0
10057.487668442149 0.0
10062.487642147884 0.0
10067.487615853619 0.0
10072.48758955935 0.0
10077.487563265084 0.0
10082.487536970817 0.0
10087.487510676552 0.0
10092.487484382287 0.0
10097.487458088019 0.0
10102.487431793752 0.0
10107.487405499487 0.0
10112.48737920522 0.0
10117.487352910954 0.0
10122.487326616687 0.0
10127.48730032242 0.0
10132.487274028155 0.0
10137.48724773389 0.0
10142.487221439622 0.0
10147.487195145355 0.0
10152.487168851088 0.0
10157.487142556822 0.0
10162.487116262557 0.0
10167.48708996829 0.0
10172.487063674023 0.0
10177.487037379755 0.0
10182.48701108549 0.0
10187.486984791225 0.0
10192.486958496958 0.0
10197.48693220269 0.0
10202.486905908423 0.0
10207.486879614158 0.0
10212.486853319893 0.0
10217.486827025627 0.0
10222.486800731358 0.0
10227.486774437093 0.0
10232.486748142828 0.0
10237.486721848562 0.0
10242.486695554293 0.0
10247.486669260026 0.0
10252.486642965761 0.0
10257.486616671496 0.0
10262.48659037723 0.0
10267.486564082961 0.0
10272.486537788694 0.0
10277.48651149443 0.0
10282.486485200165 0.0
10287.486458905896 0.0
10292.48643261163 0.0
10297.486406317363 0.0
10302.486380023098 0.0
10307.486353728831 0.0
10312.486327434564 0.0
10317.486301140298 0.0
10322.486274846033 0.0
10327.486248551768 0.0
10332.4862222575 0.0
10337.486195963233 0.0
10342.486169668966 0.0
10347.4861433747 0.0
10352.486117080434 0.0
10357.486090786168 0.0
10362.4860644919 0.0
10367.486038197632 0.0
10372.486011903367 0.0
10377.485985609102 0.0
10382.485959314836 0.0
10387.485933020569 0.0
10392.4859067263 0.0
10397.485880432036 0.0
10402.48585413777 0.0
10407.485827843504 0.0
10412.485801549235 0.0
10417.48577525497 0.0
10422.485748960704 0.0
10427.485722666439 0.0
10432.48569637217 0.0
10437.485670077904 0.0
10442.485643783639 0.0
10447.485617489374 0.0
10452.485591195107 0.0
10457.485564900839 0.0
10462.485538606572 0.0
10467.485512312307 0.0
10472.485486018042 0.0
10477.485459723774 0.0
10482.485433429507 0.0
10487.48540713524 0.0
10492.485380840975 0.0
10497.48535454671 0.0
10502.485328252442 0.0
10507.485301958175 0.0
10512.485275663908 0.0
10517.485249369645 0.0
10522.485223075377 0.0
10527.48519678111 0.0
10532.485170486843 0.0
10537.485144192578 0.0
10542.485117898312 0.0
10547.485091604045 0.0
10552.485065309778 0.0
10557.48503901551 0.0
10562.485012721245 0.0
10567.48498642698 0.0
10572.484960132713 0.0
10577.484933838447 0.0
10582.484907544178 0.0
10587.484881249913 0.0
10592.484854955648 0.0
10597.484828661381 0.0
10602.484802367113 0.0
10607.484776072846 0.0
10612.484749778581 0.0
10617.484723484316 0.0
10622.48469719005 0.0
10627.484670895781 0.0
10632.484644601514 0.0
10637.484618307251 0.0
10642.484592012985 0.0
10647.484565718716 0.0
10652.48453942445 0.0
10657.484513130184 0.0
10662.48448683592 0.0
10667.484460541651 0.0
10672.484434247384 0.0
10677.484407953118 0.0
10682.484381658853 0.0
10687.484355364588 0.0
10692.48432907032 0.0
10697.484302776053 0.0
10702.484276481786 0.0
10707.48425018752 0.0
10712.484223893254 0.0
10717.484197598988 0.0
10722.48417130472 0.0
10727.484145010452 0.0
10732.484118716191 0.0
10737.484092421922 0.0
10742.484066127656 0.0
10747.484039833389 0.0
10752.484013539122 0.0
10757.483987244857 0.0
10762.48396095059 0.0
10767.483934656324 0.0
10772.483908362055 0.0
10777.48388206779 0.0
10782.483855773526 0.0
10787.483829479259 0.0
10792.48380318499 0.0
10797.483776890724 0.0
10802.483750596459 0.0
10807.483724302194 0.0
10812.483698007927 0.0
10817.483671713659 0.0
10822.483645419392 0.0
10827.483619125129 0.0
10832.483592830862 0.0
10837.483566536594 0.0
10842.483540242327 0.0
10847.483513948062 0.0
10852.483487653797 0.0
10857.48346135953 0.0
10862.483435065262 0.0
10867.483408770995 0.0
10872.48338247673 0.0
10877.483356182465 0.0
10882.483329888197 0.0
10887.48330359393 0.0
10892.483277299663 0.0
10897.483251005398 0.0
10902.483224711132 0.0
10907.483198416865 0.0
10912.483172122598 0.0
10917.48314582833 0.0
10922.483119534065 0.0
10927.4830932398 0.0
10932.483066945533 0.0
10937.483040651266 0.0
10942.483014357 0.0
10947.482988062735 0.0
10952.482961768468 0.0
10957.482935474201 0.0
10962.482909179933 0.0
10967.482882885668 0.0
10972.482856591403 0.0
10977.482830297136 0.0
10982.48280400287 0.0
10987.482777708601 0.0
10992.482751414336 0.0
10997.482725120071 0.0
11002.482698825805 0.0
11007.482672531536 0.0
11012.48264623727 0.0
11017.482619943004 0.0
11022.48259364874 0.0
11027.482567354471 0.0
11032.482541060204 0.0
11037.482514765938 0.0
11042.482488471675 0.0
11047.482462177408 0.0
11052.48243588314 0.0
11057.482409588873 0.0
11062.482383294608 0.0
11067.482357000343 0.0
11072.482330706074 0.0
11077.482304411807 0.0
11082.48227811754 0.0
11087.482251823276 0.0
11092.482225529011 0.0
11097.482199234742 0.0
11102.482172940476 0.0
11107.482146646209 0.0
11112.482120351942 0.0
11117.482094057677 0.0
11122.48206776341 0.0
11127.482041469144 0.0
11132.482015174875 0.0
11137.481988880612 0.0
11142.481962586346 0.0
11147.481936292079 0.0
11152.48190999781 0.0
11157.481883703545 0.0
11162.48185740928 0.0
11167.481831115014 0.0
11172.481804820747 0.0
11177.481778526479 0.0
11182.481752232214 0.0
11187.481725937949 0.0
11192.481699643682 0.0
11197.481673349414 0.0
11202.481647055147 0.0
11207.481620760882 0.0
11212.481594466617 0.0
11217.48156817235 0.0
11222.481541878082 0.0
11227.481515583815 0.0
11232.48148928955 0.0
11237.481462995285 0.0
11242.481436701017 0.0
11247.48141040675 0.0
11252.481384112485 0.0
11257.48135781822 0.0
11262.481331523952 0.0
11267.481305229685 0.0
11272.481278935418 0.0
11277.481252641153 0.0
11282.481226346888 0.0
11287.48120005262 0.0
11292.481173758353 0.0
11297.481147464086 0.0
11302.48112116982 0.0
11307.481094875555 0.0
11312.481068581288 0.0
11317.481042287021 0.0
11322.481015992753 0.0
11327.480989698488 0.0
11332.480963404223 0.0
11337.480937109956 0.0
11342.48091081569 0.0
11347.480884521421 0.0
11352.480858227158 0.0
11357.480831932891 0.0
11362.480805638625 0.0
11367.480779344356 0.0
11372.480753050091 0.0
11377.480726755826 0.0
11382.48070046156 0.0
11387.480674167291 0.0
11392.480647873024 0.0
11397.48062157876 0.0
11402.480595284494 0.0
11407.480568990228 0.0
11412.48054269596 0.0
11417.480516401693 0.0
11422.480490107428 0.0
11427.480463813163 0.0
11432.480437518894 0.0
11437.480411224627 0.0
11442.48038493036 0.0
11447.480358636098 0.0
11452.480332341831 0.0
11457.480306047562 0.0
11462.480279753296 0.0
11467.48025345903 0.0
11472.480227164766 0.0
11477.480200870497 0.0
11482.48017457623 0.0
11487.480148281964 0.0
11492.480121987699 0.0
11497.480095693432 0.0
11502.480069399166 0.0
11507.480043104899 0.0
11512.48001681063 0.0
11517.479990516365 0.0
11522.4799642221 0.0
11527.479937927834 0.0
11532.479911633567 0.0
11537.479885339299 0.0
11542.479859045035 0.0
11547.479832750769 0.0
11552.479806456502 0.0
11557.479780162234 0.0
11562.479753867969 0.0
11567.479727573704 0.0
11572.479701279437 0.0
11577.47967498517 0.0
11582.479648690902 0.0
11587.479622396637 0.0
11592.479596102372 0.0
11597.479569808105 0.0
11602.479543513837 0.0
11607.47951721957 0.0
11612.479490925305 0.0006858649101437209
11617.47946463104 0.00224639851011447
11622.479438336772 0.004178830215655844
11627.479412042505 0.007945830868381428
11632.479385748238 0.012938847336962836
11637.479359453973 0.018255631768924845
11642.479333159708 0.029598784640687083
11647.47930686544 0.04297077707838836
11652.479280571173 0.05909783689083176
11657.479254276906 0.07980688549797202
11662.479227982643 0.11539213474952496
11667.479201688375 0.14787543173893727
11672.479175394108 0.19433203979382901
11677.479149099841 0.2406496153855977
11682.479122805576 0.2871283306432041
11687.47909651131 0.3460671377580098
11692.479070217043 0.38572065032130665
11697.479043922776 0.4291307643310417
11702.47901762851 0.4535668073670138
11707.478991334243 0.48213972554140666
11712.478965039978 0.4949921185145267
11717.478938745711 0.5165728286094057
11722.478912451445 0.514600497507004
11727.478886157176 0.5314476935791508
11732.478859862911 0.5370434980896422
11737.478833568646 0.5039500269512548
11742.47880727438 0.5049108779110398
11747.478780980111 0.5515810425661143
11752.478754685844 0.5330445224890991
11757.478728391581 0.5517506971583279
11762.478702097314 0.562475725570528
11767.478675803048 0.560814524418135
11772.47864950878 0.5537725128780897
11777.478623214514 0.5026918654407359
11782.47859692025 0.5488093365137534
11787.478570625983 0.5696785625289801
11792.478544331714 0.5727885560354187
11797.478518037447 0.5319439349332096
11802.478491743183 0.5723102188645726
11807.478465448918 0.5688861465620313
11812.478439154651 0.5634573877885176
11817.478412860382 0.506467219309003
11822.478386566116 0.5329345163680798
11827.47836027185 0.565621008224422
11832.478333977586 0.5784992762459786
11837.478307683317 0.5714497524045848
11842.47828138905 0.543805191006619
11847.478255094784 0.5578098781678749
11852.47822880052 0.5556829951753895
11857.478202506252 0.5787784045114399
11862.478176211986 0.5827683682612848
11867.478149917719 0.5717490822318237
11872.478123623454 0.5840616486717217
11877.478097329189 0.5395153722374373
11882.47807103492 0.5408837946117415
11887.478044740654 0.5757949137722463
11892.478018446387 0.5709271304139429
11897.47799215212 0.5920583268541486
11902.477965857855 0.5797387753323835
11907.477939563589 0.5814613209485311
11912.477913269322 0.5852915472217112
11917.477886975053 0.583918293674164
11922.477860680789 0.597212578085898
11927.477834386524 0.5929090670909958
11932.477808092257 0.5754221569492471
11937.47778179799 0.5875362946637774
11942.477755503722 0.5955898900885079
11947.477729209457 0.5969610991243811
11952.477702915192 0.5872328639342421
11957.477676620925 0.5852257455546103
11962.477650326657 0.5930831900489995
11967.47762403239 0.5990263627199947
11972.477597738127 0.6014463268696456
11977.47757144386 0.5789421927656879
11982.477545149592 0.60383666848972
11987.477518855325 0.5706121152792257
11992.47749256106 0.5816746111021891
11997.477466266795 0.5989188372675244
12002.477439972528 0.594560435716888
12007.47741367826 0.5951160466969169
12012.477387383993 0.5980802605396066
12017.477361089728 0.5797093789404771
12022.477334795463 0.6117550965104498
12027.477308501195 0.6053107841424771
12032.477282206928 0.5993765993725664
12037.477255912661 0.5401805108107266
12042.477229618396 0.5966138636125208
12047.47720332413 0.6111780823645224
12052.477177029863 0.5871770820976351
12057.477150735596 0.6188027140034068
12062.47712444133 0.6172363644884133
12067.477098147066 0.6092941064007708
12072.477071852798 0.5991166950247119
12077.477045558531 0.619995980608904
12082.477019264265 0.6039505969390284
12087.47699297 0.6234533989455711
12092.476966675733 0.6030049861922271
12097.476940381466 0.6135275949331194
12102.4769140872 0.6282264150332455
12107.476887792931 0.6326687828654897
12112.476861498666 0.603734992954064
12117.476835204401 0.6239106179234525
12122.476808910134 0.6200536684567257
12127.476782615868 0.6326488169394848
12132.4767563216 0.6328383017043206
12137.476730027334 0.6302220213754702
12142.47670373307 0.621641027776428
12147.476677438803 0.6215390448144997
12152.476651144534 0.6277796497483245
12157.476624850267 0.6393335105762424
12162.476598556004 0.635807481070577
12167.476572261738 0.6277444392013437
12172.47654596747 0.6393324194733607
12177.476519673202 0.6359778823631296
12182.476493378937 0.6349674703580112
12187.476467084673 0.6358308840501955
12192.476440790406 0.6312237585901648
12197.476414496137 0.6396754452167188
12202.47638820187 0.6385578864520414
12207.476361907606 0.6464396797514147
12212.47633561334 0.6424471070671567
12217.476309319072 0.6329311604270674
12222.476283024806 0.6468017233782795
12227.476256730539 0.6392429454377271
12232.476230436274 0.6463901366762979
12237.476204142009 0.6410489075374525
12242.47617784774 0.6468721017954364
12247.476151553474 0.6519948490311832
12252.476125259207 0.6467852892832274
12257.47609896494 0.6537431929101606
12262.476072670675 0.6510605238770364
12267.476046376409 0.6513424920817674
12272.476020082142 0.6431502903969232
12277.475993787873 0.6530633031876454
12282.47596749361 0.6556011311270435
12287.475941199344 0.6536001963915512
12292.475914905077 0.6562980864683988
12297.47588861081 0.6526637831057863
12302.475862316543 0.655047417239602
12307.475836022279 0.6576236723531858
12312.475809728012 0.6570627068150523
12317.475783433745 0.6561045753573637
12322.475757139477 0.6568024704311008
12327.475730845212 0.6537242793190071
12332.475704550947 0.6521988441879707
12337.47567825668 0.6561859587005855
12342.475651962412 0.6563180016929289
12347.475625668145 0.6560745039064211
12352.47559937388 0.6552182732160527
12357.475573079615 0.6540155072502193
12362.475546785348 0.6540631122610728
12367.47552049108 0.6527226836141837
12372.475494196813 0.6536396832586345
12377.47546790255 0.6525620106230681
12382.475441608283 0.6512779409191745
12387.475415314015 0.6501373644385807
12392.475389019748 0.6495408224036672
12397.475362725483 0.6485572716042386
12402.475336431218 0.6474500389812116
12407.47531013695 0.6460050166427397
12412.475283842683 0.6459472819813786
12417.475257548416 0.646618056674957
12422.475231254151 0.645895230733491
12427.475204959886 0.6438906748073472
12432.475178665618 0.6429261789354919
12437.475152371351 0.6428797452859865
12442.475126077084 0.6421797913150941
12447.47509978282 0.6414935125584116
12452.475073488553 0.6406568821926055
12457.475047194286 0.6405316098260262
12462.47502090002 0.6403835395084376
12467.47499460575 0.6398902781147626
12472.47496831149 0.6399163096660357
12477.474942017221 0.6389278856763299
12482.474915722954 0.636690002405399
12487.474889428688 0.6374428537772518
12492.474863134421 0.6371078761944065
12497.474836840156 0.6349216725263057
12502.47481054589 0.6369227533684612
12507.474784251623 0.6366234554379638
12512.474757957354 0.632159128801943
12517.47473166309 0.6354518654791648
12522.474705368824 0.6347682581603987
12527.474679074558 0.6271082790254374
12532.474652780289 0.632994987768176
12537.474626486022 0.6323862899895175
12542.474600191757 0.621267828389528
12547.474573897493 0.6310966735122101
12552.474547603226 0.6300454519012527
12557.474521308957 0.6154988185680995
12562.47449501469 0.6282985073565414
12567.474468720426 0.6274128926893126
12572.47444242616 0.6088590345222537
12577.474416131892 0.6242179659990915
12582.474389837625 0.6230339252475414
12587.474363543359 0.6221076607963961
12592.474337249096 0.5988029091796315
12597.474310954829 0.6153745895045769
12602.47428466056 0.609061925432139
12607.474258366294 0.588724978090078
12612.474232072029 0.5963957070384084
12617.474205777764 0.6011654014594803
12622.474179483495 0.5964670567573613
12627.474153189229 0.5535614048240411
12632.474126894962 0.5879611626761828
12637.474100600697 0.5837348095183797
12642.47407430643 0.529353033922188
12647.474048012164 0.5793281168087098
12652.474021717897 0.5740185794240791
12657.473995423628 0.5706916358839569
12662.473969129363 0.5524421421384578
12667.473942835099 0.5466243755572631
12672.473916540832 0.5854458190123604
12677.473890246565 0.5675391422992614
12682.473863952297 0.5420980190066648
12687.473837658034 0.38870032162740836
12692.473811363767 0.4923515504367944
12697.4737850695 0.5478038688325183
12702.473758775232 0.5758735150812099
12707.473732480967 0.5714031612832149
12712.473706186702 0.576355468152593
12717.473679892435 0.5681093560471145
12722.473653598168 0.5726758492702266
12727.4736273039 0.5632850239221577
12732.473601009635 0.5715906434865052
12737.47357471537 0.5686781100620788
12742.473548421103 0.5644139904519212
12747.473522126835 0.5728895132182361
12752.473495832568 0.5747795268135686
12757.473469538303 0.5778135160136769
12762.473443244038 0.5656606935445128
12767.47341694977 0.5882894025787535
12772.473390655503 0.5701410563235083
12777.473364361236 0.5878613518683645
12782.473338066973 0.5731649590843065
12787.473311772706 0.5828754758638378
12792.473285478438 0.5831810066083649
12797.473259184171 0.5825654475419559
12802.473232889906 0.578986488488804
12807.473206595641 0.582032855552717
12812.473180301373 0.5851873617182096
12817.473154007106 0.5841258313659481
12822.47312771284 0.5785812173724201
12827.473101418575 0.5845961148017349
12832.47307512431 0.5841414962827652
12837.473048830041 0.5840865108410167
12842.473022535774 0.5833478149560851
12847.472996241508 0.5785159322658642
12852.472969947241 0.5835498424639026
12857.472943652976 0.5835831329054795
12862.47291735871 0.5834968187647982
12867.472891064443 0.5794530099271943
12872.472864770174 0.5809104659025763
12877.47283847591 0.5827539184388295
12882.472812181644 0.5800300991626782
12887.472785887378 0.5760867889694317
12892.472759593109 0.5794387329974248
12897.472733298844 0.5808689246818796
12902.47270700458 0.5791337430032985
12907.472680710312 0.5788467013051656
12912.472654416046 0.5795357753589317
12917.472628121777 0.5725870536027489
12922.472601827512 0.5787832381070624
12927.472575533247 0.5776728650719937
12932.47254923898 0.5798039612815601
12937.472522944712 0.5774009353213801
12942.472496650445 0.5790271636437017
12947.47247035618 0.578294856442583
12952.472444061916 0.5800125753720776
12957.472417767649 0.5714882566976358
12962.47239147338 0.5791199751697478
12967.472365179114 0.5770427198078891
12972.472338884849 0.5678197148800291
12977.472312590584 0.5807792847102193
12982.472286296315 0.5831339694682228
12987.472260002049 0.5861002910805904
12992.472233707782 0.5782126550176334
12997.472207413519 0.5775139868011461
13002.47218111925 0.5732826087214673
13007.472154824984 0.582008013356921
13012.472128530717 0.5762639703133814
13017.472102236448 0.5910377593970456
13022.472075942187 0.5861670935839669
13027.472049647919 0.5768004542453418
13032.472023353652 0.5744921866778547
13037.471997059385 0.5809166439889307
13042.47197076512 0.5442240892949991
13047.471944470853 0.5885150004546743
13052.471918176587 0.5933692770924581
13057.47189188232 0.5811997323415963
13062.471865588052 0.5877280228243448
13067.47183929379 0.5447108235129337
13072.471812999522 0.5749764797810252
13077.471786705255 0.5878585626318689
13082.471760410988 0.5473204025076466
13087.47173411672 0.5829139946430274
13092.471707822457 0.5814832017618223
13097.47168152819 0.5239318696857894
13102.471655233923 0.5773269033474225
13107.471628939655 0.539813805118783
13112.471602645388 0.5780173921156895
13117.471576351125 0.5814956103873483
13122.471550056858 0.5474353139098805
13127.47152376259 0.5578983838652102
13132.471497468323 0.5700391866635425
13137.471471174058 0.5086244749989954
13142.471444879793 0.5682748352278378
13147.471418585526 0.5489261189530226
13152.471392291258 0.5703425968816365
13157.471365996991 0.5608350252836083
13162.471339702728 0.5882556274188475
13167.471313408461 0.5513086182610064
13172.471287114193 0.5732932078311456
13177.471260819926 0.5967366164532635
13182.47123452566 0.5607317743315663
13187.471208231396 0.5541845022704754
13192.47118193713 0.5667350149835297
13197.471155642861 0.5997667117683955
13202.471129348594 0.49256674657189886
13207.471103054328 0.6045732368610598
13212.471076760065 0.5491634067638179
13217.471050465796 0.5953147613617322
13222.47102417153 0.5947259717130197
13227.470997877263 0.5543927509635619
13232.470971582994 0.5533751759368496
13237.470945288731 0.6115695899429525
13242.470918994464 0.5379730822498623
13247.470892700198 0.6173780896155554
13252.470866405929 0.5927567177108153
13257.470840111664 0.5681137376156262
13262.4708138174 0.6008078921549987
13267.470787523132 0.5892195995697591
13272.470761228866 0.5678711498206241
13277.470734934597 0.5794038735690933
13282.470708640334 0.5281656283164475
13287.470682346067 0.528537084925224
13292.4706560518 0.5209639223957733
13297.470629757532 0.5752039264908859
13302.470603463265 0.491172903870106
13307.470577169002 0.4687595255505985
13312.470550874736 0.37078653271175704
13317.470524580469 0.3624074451557438
13322.4704982862 0.28670762280323236
13327.470471991934 0.26104737849290194
13332.47044569767 0.2174741663206695
13337.470419403404 0.1313006377460116
13342.470393109135 0.11728559599650251
13347.470366814869 0.08042938903356078
13352.470340520604 0.061787905688744135
13357.470314226339 0.03735930417484093
13362.47028793207 0.023184424175673887
13367.470261637804 0.01818155536764405
13372.470235343537 0.00995127933466883
13377.470209049274 0.0065948153459822415
13382.470182755007 0.003830416117106574
13387.470156460739 0.0019645792973890957
13392.470130166472 0.0006880423518929911
13397.470103872205 0.0002664225177110669
13402.470077577942 1.0730846869674595e-08
13407.470051283673 0.0
13412.470024989407 0.0
13417.46999869514 0.0
13422.469972400871 0.0
13427.46994610661 0.0
13432.469919812342 0.0
13437.469893518075 0.0
13442.469867223808 0.0
13447.469840929542 0.0
13452.469814635277 0.0
13457.46978834101 0.0
13462.469762046743 0.0
13467.469735752475 0.0
13472.469709458212 0.0
13477.469683163945 0.0
13482.469656869678 0.0
13487.46963057541 0.0
13492.469604281143 0.0
13497.46957798688 0.0
13502.469551692613 0.0
13507.469525398346 0.0
13512.469499104078 0.0
13517.469472809811 0.0
13522.469446515548 0.0
13527.469420221281 0.0
13532.469393927013 0.0
13537.469367632746 0.0
13542.46934133848 0.0
13547.469315044216 0.0
13552.46928874995 0.0
13557.469262455681 0.0
13562.469236161414 0.0
13567.46920986715 0.0
13572.469183572885 0.0
13577.469157278616 0.0
13582.46913098435 0.0
13587.469104690083 0.0
13592.46907839582 0.0
13597.469052101551 0.0
13602.469025807284 0.0
13607.468999513017 0.0
13612.468973218749 0.0
13617.468946924488 0.0
13622.46892063022 0.0
13627.468894335952 0.0
13632.468868041686 0.0
13637.468841747417 0.0
13642.468815453154 0.0
13647.468789158887 0.0
13652.46876286462 0.0
13657.468736570352 0.0
13662.468710276087 0.0
13667.468683981822 0.0
13672.468657687556 0.0
13677.468631393289 0.0
13682.46860509902 0.0
13687.468578804757 0.0
13692.46855251049 0.0
13697.468526216224 0.0
13702.468499921955 0.0
13707.468473627689 0.0
13712.468447333426 0.0
13717.468421039159 0.0
13722.46839474489 0.0
13727.468368450624 0.0
13732.468342156357 0.0
13737.468315862094 0.0
13742.468289567827 0.0
13747.468263273558 0.0
13752.468236979292 0.0
13757.468210685027 0.0
13762.468184390762 0.0
13767.468158096493 0.0
13772.468131802227 0.0
13777.46810550796 0.0
13782.468079213697 0.0
13787.46805291943 0.0
13792.468026625162 0.0
13797.468000330895 0.0
13802.467974036628 0.0
13807.467947742365 0.0
13812.467921448097 0.0
13817.46789515383 0.0
13822.467868859563 0.0
13827.467842565295 0.0
13832.467816271032 0.0
13837.467789976765 0.0
13842.467763682498 0.0
13847.46773738823 0.0
13852.467711093963 0.0
13857.4676847997 0.0
13862.467658505433 0.0
13867.467632211166 0.0
13872.467605916898 0.0
13877.467579622635 0.0
13882.467553328368 0.0
13887.467527034101 0.0
13892.467500739833 0.0
13897.467474445566 0.0
13902.467448151303 0.0
13907.467421857036 0.0
13912.46739556277 0.0
13917.467369268501 0.0
13922.467342974234 0.0
13927.467316679971 0.0
13932.467290385704 0.0
13937.467264091436 0.0
13942.46723779717 0.0
13947.467211502903 0.0
13952.46718520864 0.0
13957.46715891437 0.0
13962.467132620104 0.0
13967.467106325837 0.0
13972.467080031573 0.0
13977.467053737308 0.0
13982.46702744304 0.0
13987.467001148772 0.0
13992.466974854506 0.0
13997.466948560243 0.0
14002.466922265974 0.0
14007.466895971707 0.0
14012.46686967744 0.0
14017.466843383172 0.0
14022.46681708891 0.0
14027.466790794642 0.0
14032.466764500376 0.0
14037.466738206109 0.0
14042.46671191184 0.0
14047.466685617577 0.0
14052.46665932331 0.0
14057.466633029044 0.0
14062.466606734775 0.0
14067.46658044051 0.0
14072.466554146245 0.0
14077.466527851979 0.0
14082.46650155771 0.0
14087.466475263443 0.0
14092.46644896918 0.0
14097.466422674914 0.0
14102.466396380647 0.0
14107.466370086378 0.0
14112.466343792112 0.0
14117.466317497849 0.0
14122.466291203582 0.0
14127.466264909313 0.0
14132.466238615047 0.0
14137.46621232078 0.0
14142.466186026517 0.0
14147.46615973225 0.0
14152.466133437982 0.0
14157.466107143715 0.0
14162.466080849448 0.0
14167.466054555185 0.0
14172.466028260917 0.0
14177.46600196665 0.0
14182.465975672383 0.0
14187.46594937812 0.0
14192.465923083852 0.0
14197.465896789585 0.0
14202.465870495318 0.0
14207.46584420105 0.0
14212.465817906788 0.0
14217.46579161252 0.0
14222.465765318253 0.0
14227.465739023986 0.0
14232.465712729718 0.0
14237.465686435455 0.0
14242.465660141188 0.0
14247.465633846921 0.0
14252.465607552653 0.0
14257.465581258386 0.0
14262.465554964123 0.0
14267.465528669856 0.0
14272.46550237559 0.0
14277.465476081321 0.0
14282.465449787056 0.0
14287.465423492791 0.0
14292.465397198524 0.0
14297.465370904256 0.0
14302.46534460999 0.0
14307.465318315726 0.0
14312.46529202146 0.0
14317.46526572719 0.0
14322.465239432924 0.0
14327.465213138657 0.0
14332.465186844394 0.0
14337.465160550128 0.0
14342.465134255859 0.0
14347.465107961592 0.0
14352.465081667326 0.0
14357.465055373063 0.0
14362.465029078794 0.0
14367.465002784527 0.0
14372.46497649026 0.0
14377.464950195996 0.0
14382.46492390173 0.0
14387.464897607462 0.0
14392.464871313196 0.0
14397.464845018929 0.0
14402.464818724666 0.0
14407.464792430397 0.0
14412.46476613613 0.0
14417.464739841864 0.0
14422.464713547595 0.0
14427.464687253332 0.0
14432.464660959065 0.0
14437.464634664799 0.0
14442.46460837053 0.0
14447.464582076263 0.0
14452.464555782 0.0
14457.464529487734 0.0
14462.464503193467 0.0
14467.464476899198 0.0
14472.464450604932 0.0
14477.464424310669 0.0
14482.464398016402 0.0
14487.464371722133 0.0
14492.464345427867 0.0
14497.464319133604 0.0
14502.464292839337 0.0
14507.46426654507 0.0
14512.464240250802 0.0
14517.464213956535 0.0
14522.464187662272 0.0
14527.464161368005 0.0
14532.464135073737 0.0
14537.46410877947 0.0
14542.464082485203 0.0
14547.46405619094 0.0
14552.464029896671 0.0
14557.464003602405 0.0
14562.463977308138 0.0
14567.46395101387 0.0
14572.463924719608 0.0
14577.46389842534 0.0
14582.463872131073 0.0
14587.463845836806 0.0
14592.46381954254 0.0
14597.463793248275 0.0
14602.463766954008 0.0
14607.463740659741 0.0
14612.463714365473 0.0
14617.463688071211 0.0
14622.463661776943 0.0
14627.463635482676 0.0
14632.46360918841 0.0
14637.463582894141 0.0
14642.463556599878 0.0
14647.463530305611 0.0
14652.463504011344 0.0
14657.463477717076 0.0
14662.46345142281 0.0
14667.463425128546 0.0
14672.46339883428 0.0
14677.46337254001 0.0
14682.463346245744 0.0
14687.46331995148 0.0
14692.463293657214 0.0
14697.463267362948 0.0
14702.463241068679 0.0
14707.463214774412 0.0
14712.46318848015 0.0
14717.463162185883 0.0
14722.463135891614 0.0
14727.463109597347 0.0
14732.46308330308 0.0
14737.463057008817 0.0
14742.46303071455 0.0
14747.463004420282 0.0
14752.462978126016 0.0
14757.462951831749 0.0
14762.462925537486 0.0
14767.462899243217 0.0
14772.46287294895 0.0
14777.462846654684 0.0
14782.462820360419 0.0
14787.462794066152 0.0
14792.462767771885 0.0
14797.462741477619 0.0
14802.46271518335 0.0
14807.462688889089 0.0
14812.46266259482 0.0
14817.462636300554 0.0
14822.462610006287 0.0
14827.462583712018 0.0
14832.462557417755 0.0
14837.462531123489 0.0
14842.462504829222 0.0
14847.462478534953 0.0
14852.462452240687 0.0
14857.462425946424 0.0
14862.462399652157 0.0
14867.46237335789 0.0
14872.462347063622 0.0
14877.462320769355 0.0
14882.462294475092 0.0
14887.462268180825 0.0
14892.462241886557 0.0
14897.46221559229 0.0
14902.462189298025 0.0
14907.46216300376 0.0
14912.462136709491 0.0
14917.462110415225 0.0
14922.462084120958 0.0
14927.462057826695 0.0
14932.462031532428 0.0
14937.46200523816 0.0
14942.461978943893 0.0
14947.461952649626 0.0
14952.461926355363 0.0
14957.461900061095 0.0
14962.461873766828 0.0
14967.461847472561 0.0
14972.461821178293 0.0
14977.461794884031 0.0
14982.461768589763 0.0
14987.461742295496 0.0
14992.46171600123 0.0
14997.461689706963 0.0
15002.461663412698 0.0
15007.461637118431 0.0
15012.461610824164 0.0
15017.461584529896 0.0
15022.461558235633 0.0
15027.461531941366 0.0
15032.4615056471 0.0
15037.46147935283 0.0
15042.461453058564 0.0
15047.461426764301 0.0
15052.461400470034 0.0
15057.461374175768 0.0
15062.461347881499 0.0
15067.461321587232 0.0
15072.46129529297 0.0
15077.461268998703 0.0
15082.461242704434 0.0
15087.461216410167 0.0
15092.461190115902 0.0
15097.461163821637 0.0
15102.46113752737 0.0
15107.461111233102 0.0
15112.461084938835 0.0
15117.461058644572 0.0
15122.461032350306 0.0
15127.461006056037 0.0
15132.46097976177 0.0
15137.460953467504 0.0
15142.46092717324 0.0
15147.460900878972 0.0
15152.460874584705 0.0
15157.460848290439 0.0
15162.46082199617 0.0
15167.460795701909 0.0
15172.46076940764 0.0
15177.460743113374 0.0
15182.460716819107 0.0
15187.460690524838 0.0
15192.460664230575 0.0
15197.460637936309 0.0
15202.460611642042 0.0
15207.460585347773 0.0
15212.460559053508 0.0
15217.460532759244 0.0
15222.460506464977 0.0
15227.46048017071 0.0
15232.460453876442 0.0
15237.460427582178 0.0
15242.460401287912 0.0
15247.460374993645 0.0
15252.460348699376 0.0
15257.46032240511 0.0
15262.460296110847 0.0
15267.46026981658 0.0
15272.460243522311 0.0
15277.460217228045 0.0
15282.460190933778 0.0
15287.460164639515 0.0
15292.460138345248 0.0
15297.46011205098 0.0
15302.460085756713 0.0
15307.460059462448 0.0
15312.460033168183 0.0
15317.460006873915 0.0
15322.459980579648 0.0
15327.459954285381 0.0
15332.459927991118 0.0
15337.459901696851 0.0
15342.459875402583 0.0
15347.459849108316 0.0
15352.45982281405 0.0
15357.459796519786 0.0
15362.459770225518 0.0
15367.459743931251 0.0
15372.459717636984 0.0
15377.459691342716 0.0
15382.459665048453 0.0
15387.459638754186 0.0
15392.45961245992 0.0
15397.45958616565 0.0
15402.459559871386 0.0
15407.459533577121 0.0
15412.459507282854 0.0
15417.459480988588 0.0
15422.459454694319 0.0
15427.459428400056 0.0
15432.45940210579 0.0
15437.459375811522 0.0
15442.459349517254 0.0
15447.459323222987 0.0
15452.459296928724 0.0
15457.459270634457 0.0
15462.45924434019 0.0
15467.459218045922 0.0
15472.459191751655 0.0
15477.459165457392 0.0
15482.459139163126 0.0
15487.459112868857 0.0
15492.45908657459 0.0
15497.459060280324 0.0
15502.45903398606 0.0
15507.459007691792 0.0
15512.458981397525 0.0
15517.458955103259 0.0
15522.458928808994 0.0
15527.458902514729 0.0
15532.45887622046 0.0
15537.458849926194 0.0
15542.458823631927 0.0
15547.458797337664 0.0
15552.458771043395 0.0
15557.458744749129 0.0
15562.458718454862 0.0
15567.458692160593 0.0
15572.45866586633 0.0
15577.458639572063 0.0
15582.458613277797 0.0
15587.45858698353 0.0
15592.458560689262 0.0
15597.458534394998 0.0
15602.458508100732 0.0
15607.458481806465 0.0
15612.458455512196 0.0
15617.458429217932 0.0
15622.458402923667 0.0
15627.4583766294 0.0
15632.458350335131 0.0
15637.458324040865 0.0
15642.458297746602 0.0
15647.458271452335 0.0
15652.458245158068 0.0
15657.4582188638 0.0
15662.458192569533 0.0
15667.45816627527 0.0
15672.458139981003 0.0
15677.458113686735 0.0
15682.458087392468 0.0
15687.458061098201 0.0
15692.458034803938 0.0
15697.458008509671 0.0
15702.457982215403 0.0
15707.457955921136 0.0
15712.457929626871 0.0
15717.457903332606 0.0
15722.457877038338 0.0
15727.457850744071 0.0
15732.457824449804 0.0
15737.457798155541 0.0
15742.457771861273 0.0
15747.457745567006 0.0
15752.45771927274 0.0
15757.45769297847 0.0
15762.45766668421 0.0
15767.457640389941 0.0
15772.457614095674 0.0
15777.457587801407 0.0
15782.457561507139 0.0
15787.457535212876 0.0
15792.45750891861 0.0
15797.457482624342 0.0
15802.457456330074 0.0
15807.457430035807 0.0
15812.457403741544 0.0
15817.457377447277 0.0
15822.45735115301 0.0
15827.457324858742 0.0
15832.457298564479 0.0
15837.457272270212 0.0
15842.457245975946 0.0
15847.457219681677 0.0
15852.45719338741 0.0
15857.457167093147 0.0
15862.45714079888 0.0
15867.457114504612 0.0
15872.457088210345 0.0
15877.457061916079 0.0
15882.457035621816 0.0
15887.457009327549 0.0
15892.45698303328 0.0
15897.456956739014 0.0
15902.456930444747 0.0
15907.456904150484 0.0
15912.456877856215 0.0
15917.456851561948 0.0
15922.456825267682 0.0
15927.456798973417 0.0
15932.45677267915 0.0
15937.456746384883 0.0
15942.456720090617 0.0
15947.45669379635 0.0
15952.456667502087 0.0
15957.456641207818 0.0
15962.456614913552 0.0
15967.456588619285 0.0
15972.456562325016 0.0
15977.456536030753 0.0
15982.456509736487 0.0
15987.45648344222 0.0
15992.456457147951 0.0
15997.456430853685 0.0
16002.456404559422 0.0
16007.456378265155 0.0
16012.456351970888 0.0
16017.45632567662 0.0
16022.456299382355 0.0
16027.45627308809 0.0
16032.456246793823 0.0
16037.456220499555 0.0
16042.456194205288 0.0
16047.456167911025 0.0
16052.456141616758 0.0
16057.45611532249 0.0
16062.456089028223 0.0
16067.456062733956 0.0
16072.456036439693 0.0
16077.456010145426 0.0
16082.455983851158 0.0
16087.455957556891 0.0
16092.455931262624 0.0
16097.455904968361 0.0
16102.455878674093 0.0
16107.455852379826 0.0
16112.45582608556 0.0
16117.45579979129 0.0
16122.45577349703 0.0
16127.45574720276 0.0
16132.455720908494 0.0
16137.455694614227 0.0
16142.455668319964 0.0
16147.455642025696 0.0
16152.45561573143 0.0
16157.455589437162 0.0
16162.455563142894 0.0
16167.45553684863 0.0
16172.455510554364 0.0
16177.455484260097 0.0
16182.455457965829 0.0
16187.455431671562 0.0
16192.455405377299 0.0
16197.455379083032 0.0
16202.455352788766 0.0
16207.455326494497 0.0
16212.45530020023 0.0
16217.455273905967 0.0
16222.4552476117 0.0
16227.455221317432 0.0
16232.455195023165 0.0
16237.4551687289 0.0
16242.455142434635 0.0
16247.455116140369 0.0
16252.4550898461 0.0
16257.455063551834 0.0
16262.45503725757 0.0
16267.455010963304 0.0
16272.454984669035 0.0
16277.454958374768 0.0
16282.454932080502 0.0
16287.454905786239 0.0
16292.45487949197 0.0
16297.454853197703 0.0
16302.454826903437 0.0
16307.45480060917 0.0
16312.454774314907 0.0
16317.454748020638 0.0
16322.454721726372 0.0
16327.454695432105 0.0
16332.45466913784 0.0
16337.454642843573 0.0
16342.454616549307 0.0
16347.45459025504 0.0
16352.454563960771 0.0
16357.45453766651 0.0
16362.454511372242 0.0
16367.454485077975 0.0
16372.454458783708 0.0
16377.45443248944 0.0
16382.454406195176 0.0
16387.45437990091 0.0
16392.45435360664 0.0
16397.454327312375 0.0
16402.454301018108 0.0
16407.454274723845 0.0
16412.454248429578 0.0
16417.45422213531 0.0
16422.454195841045 0.0
16427.454169546774 0.0
16432.45414325251 0.0
16437.454116958244 0.0
16442.454090663978 0.0
16447.45406436971 0.0
16452.454038075448 0.0
16457.45401178118 0.0
16462.453985486914 0.0
16467.453959192648 0.0
16472.453932898377 0.0
16477.453906604114 0.0
16482.453880309848 0.0
16487.45385401558 0.0
16492.453827721314 0.0
16497.453801427047 0.0
16502.453775132784 0.0
16507.453748838518 0.0
16512.45372254425 0.0
16517.45369624998 0.0
16522.453669955714 0.0
16527.45364366145 0.0
16532.453617367184 0.0
16537.453591072917 0.0
16542.45356477865 0.0
16547.453538484384 0.0
16552.45351219012 0.0
16557.45348589585 0.0
16562.453459601584 0.0
16567.453433307317 0.0
16572.453407013054 0.0
16577.453380718787 0.0
16582.45335442452 0.0
16587.453328130254 0.0
16592.453301835987 0.0
16597.453275541724 0.0
16602.453249247454 0.0
16607.453222953187 0.0
16612.45319665892 0.0
16617.453170364653 0.0
16622.45314407039 0.0
16627.453117776124 0.0
16632.453091481857 0.0
16637.45306518759 0.0
16642.453038893324 0.0
16647.453012599057 0.0
16652.45298630479 0.0
16657.452960010523 0.0
16662.452933716257 0.0
16667.452907421994 0.0
16672.452881127727 0.0
16677.45285483346 0.0
16682.45282853919 0.0
16687.452802244923 0.0
16692.45277595066 0.0
16697.452749656393 0.0
16702.452723362127 0.0
16707.45269706786 0.0
16712.452670773593 0.0
16717.45264447933 0.0
16722.452618185063 0.0
16727.452591890793 0.0
16732.452565596526 0.0
16737.452539302263 0.0
16742.452513007996 0.0
16747.45248671373 0.0
16752.452460419463 0.0
16757.452434125196 0.0
16762.452407830933 0.0
16767.452381536667 0.0
16772.452355242396 0.0
16777.45232894813 0.0
16782.452302653863 0.0
16787.4522763596 0.0
16792.452250065333 0.0
16797.452223771066 0.0
16802.4521974768 0.0
16807.45217118253 0.0
16812.45214488827 0.0
16817.452118594 0.0
16822.452092299733 0.0
16827.452066005466 0.0
16832.4520397112 0.0
16837.452013416936 0.0
16842.45198712267 0.0
16847.451960828403 0.0
16852.451934534132 0.0
16857.45190823987 0.0
16862.451881945603 0.0
16867.451855651336 0.0
16872.45182935707 0.0
16877.451803062802 0.0
16882.45177676854 0.0
16887.451750474273 0.0
16892.451724180006 0.0
16897.451697885735 0.0
16902.45167159147 0.0
16907.451645297206 0.0
16912.45161900294 0.0
16917.451592708672 0.0
16922.451566414406 0.0
16927.45154012014 0.0
16932.451513825876 0.0
16937.45148753161 0.0
16942.45146123734 0.0
16947.451434943072 0.0
16952.45140864881 0.0
16957.451382354542 0.0
16962.451356060275 0.0
16967.45132976601 0.0
16972.451303471742 0.0
16977.45127717748 0.0
16982.451250883212 0.0
16987.451224588942 0.0
16992.451198294675 0.0
16997.45117200041 0.0
17002.451145706145 0.0
17007.45111941188 0.0
17012.451093117612 0.0
17017.451066823345 0.0
17022.451040529075 0.0
17027.45101423481 0.0
17032.450987940545 0.0
17037.45096164628 0.0
17042.45093535201 0.0
17047.450909057745 0.0
17052.45088276348 0.0
17057.450856469215 0.0
17062.45083017495 0.0
17067.450803880678 0.0
17072.450777586415 0.0
17077.45075129215 0.0
17082.45072499788 0.0
17087.450698703615 0.0
17092.450672409348 0.0
17097.450646115085 0.0
17102.45061982082 0.0
17107.45059352655 0.0
17112.45056723228 0.0
17117.450540938014 0.0
17122.45051464375 0.0
17127.450488349485 0.0
17132.450462055218 0.0
17137.45043576095 0.0
17142.450409466685 0.0
17147.45038317242 0.0
17152.45035687815 0.0
17157.450330583884 0.0
17162.450304289618 0.0
17167.450277995355 0.0
17172.450251701088 0.0
17177.45022540682 0.0
17182.450199112554 0.0
17187.450172818288 0.0
17192.450146524025 0.0
17197.450120229754 0.0
17202.450093935488 0.0
17207.45006764122 0.0
17212.450041346954 0.0
17217.45001505269 0.0
17222.449988758424 0.0
17227.449962464158 0.0
17232.44993616989 0.0
17237.44990987562 0.0
17242.449883581357 0.0
17247.44985728709 0.0
17252.449830992824 0.0
17257.449804698557 0.0
17262.44977840429 0.0
17267.449752110027 0.0
17272.44972581576 0.0
17277.44969952149 0.0
17282.449673227224 0.0
17287.44964693296 0.0
17292.449620638694 0.0
17297.449594344427 0.0
17302.44956805016 0.0
17307.449541755894 0.0
17312.44951546163 0.0
17317.449489167364 0.0
17322.449462873094 0.0
17327.449436578827 0.0
17332.44941028456 0.0
17337.449383990297 0.0
17342.44935769603 0.0
17347.449331401764 0.0
17352.449305107497 0.0
17357.44927881323 0.0
17362.449252518967 0.0
17367.449226224697 0.0
17372.44919993043 0.0
17377.449173636163 0.0
17382.4491473419 0.0
17387.449121047634 0.0
17392.449094753367 0.0
17397.4490684591 0.0
17402.44904216483 0.0
17407.44901587057 0.0
17412.4489895763 0.0
17417.448963282033 0.0
17422.448936987767 0.0
17427.4489106935 0.0
17432.448884399237 0.0
17437.44885810497 0.0
17442.448831810703 0.0
17447.448805516433 0.0
17452.448779222166 0.0
17457.448752927903 0.0
17462.448726633636 0.0
17467.44870033937 0.0
17472.448674045103 0.0
17477.448647750836 0.0
17482.448621456573 0.0
17487.448595162306 0.0
17492.448568868036 0.0
17497.44854257377 0.0
17502.448516279506 0.0
17507.44848998524 0.0
17512.448463690973 0.0
17517.448437396706 0.0
17522.44841110244 0.0
17527.448384808176 0.0
17532.44835851391 0.0
17537.44833221964 0.0
17542.448305925373 0.0
17547.448279631106 0.0
17552.448253336843 0.0
17557.448227042576 0.0
17562.44820074831 0.0
17567.448174454043 0.0
17572.448148159776 0.0
17577.44812186551 0.0
17582.448095571242 0.0
17587.448069276976 0.0
17592.44804298271 0.0
17597.448016688446 0.0
17602.44799039418 0.0
17607.447964099912 0.0
17612.447937805646 0.0
17617.447911511375 0.0
17622.447885217112 0.0
17627.447858922846 0.0
17632.44783262858 0.0
17637.447806334312 0.0
17642.447780040045 0.0
17647.447753745782 0.0
17652.447727451516 0.0
17657.44770115725 0.0
17662.44767486298 0.0
17667.447648568716 0.0
17672.44762227445 0.0
17677.447595980182 0.0
17682.447569685915 0.0
17687.44754339165 0.0
17692.447517097386 0.0
17697.44749080312 0.0
17702.44746450885 0.0
17707.44743821458 0.0
17712.447411920315 0.0
17717.447385626052 0.0
17722.447359331785 0.0
17727.44733303752 0.0
17732.447306743252 0.0
17737.447280448985 0.0
17742.447254154722 0.0
17747.44722786045 0.0
17752.447201566185 0.0
17757.44717527192 0.0
17762.44714897765 0.0
17767.44712268339 0.0
17772.44709638912 0.0
17777.447070094855 0.0
17782.44704380059 0.0
17787.447017506325 0.0
17792.446991212055 0.0
17797.446964917788 0.0
17802.44693862352 0.0
17807.446912329255 0.0
17812.44688603499 0.0
17817.446859740725 0.0
17822.44683344646 0.0
17827.44680715219 0.0
17832.44678085792 0.0
17837.446754563658 0.0
17842.44672826939 0.0
17847.446701975125 0.0
17852.446675680858 0.0
17857.44664938659 0.0
17862.446623092328 0.0
17867.44659679806 0.0
17872.44657050379 0.0
17877.446544209524 0.0
17882.44651791526 0.0
17887.446491620994 0.0
17892.446465326728 0.0
17897.44643903246 0.0
17902.446412738194 0.0
17907.44638644393 0.0
17912.446360149665 0.0
17917.446333855394 0.0
17922.446307561127 0.0
17927.44628126686 0.0
17932.446254972598 0.0
17937.44622867833 0.0
17942.446202384064 0.0
17947.446176089798 0.0
17952.44614979553 0.0
17957.446123501268 0.0
17962.446097206997 0.0
17967.44607091273 0.0
17972.446044618464 0.0
17977.4460183242 0.0
17982.445992029934 0.0
17987.445965735667 0.0
17992.4459394414 0.0
17997.44591314713 0.0
