3434.894557818674 3.116993669116358e-05
3438.678049962801 8.426466992601736e-06
3442.4615421069284 3.970590116855636e-06
3446.245034251054 1.0104543634002154e-05
3450.0285263951814 1.5431337385995127e-05
3453.8120185393077 1.5844721906540225e-05
3457.5955106834344 1.5457505296907836e-05
3461.3790028275616 1.307799013055658e-05
3465.1624949716875 7.394776292405809e-06
3468.9459871158147 1.7595968749774368e-06
3472.729479259942 0.0
3476.5129714040677 0.0
3480.296463548195 0.0
3484.079955692322 0.0
3487.863447836448 0.0
3491.646939980575 1.3968869741499467e-07
3495.4304321247014 4.596032731432609e-07
3499.213924268828 7.547580233636016e-07
3502.9974164129553 5.965008607182024e-07
3506.780908557081 2.751371500635489e-07
3510.5644007012083 1.9994211807466716e-08
3514.3478928453355 0.0
3518.1313849894614 8.77513323606007e-12
3521.9148771335886 2.054218722880724e-07
3525.6983692777153 6.130010353747545e-07
3529.4818614218416 9.930736752720991e-07
3533.265353565969 1.0414276799480584e-06
3537.048845710095 9.97492375707217e-07
3540.832337854222 8.710527819220474e-07
3544.615829998349 5.204716894974481e-07
3548.399322142475 1.6137240262309448e-07
3552.182814286602 1.0157783203063697e-06
3555.9663064307288 2.7839197842782308e-06
3559.749798574855 4.227703348933792e-06
3563.5332907189822 3.0318490324638775e-06
3567.316782863109 1.2615532034080065e-06
3571.1002750072353 3.9206389327564167e-08
3574.8837671513625 0.0
3578.6672592954887 0.0
3582.4507514396155 0.0
3586.234243583742 0.0
3590.0177357278685 1.1007011963125313e-07
3593.8012278719957 8.712033978532566e-07
3597.5847200161224 1.7453972394285376e-06
3601.3682121602487 1.978099182555019e-06
3605.151704304376 1.1256433870199404e-06
3608.9351964485027 2.6927451880908355e-07
3612.718688592629 0.0
3616.5021807367557 0.0
3620.2856728808824 0.0
3624.069165025009 0.0
3627.852657169136 0.0
3631.636149313262 0.0
3635.419641457389 0.0
3639.203133601516 0.0
3642.9866257456424 0.0
3646.770117889769 0.0
3650.5536100338963 9.288056569943988e-08
3654.3371021780226 5.12343388189512e-07
3658.1205943221494 9.64769485553967e-07
3661.904086466276 9.664626484219376e-07
3665.6875786104024 5.17216843128702e-07
3669.4710707545296 9.32870841000022e-08
3673.254562898656 0.0
3677.0380550427826 0.0
3680.82154718691 0.0
3684.605039331036 0.0
3688.388531475163 1.13990012340507e-09
3692.17202361929 2.361080473339827e-07
3695.955515763416 6.492315295719115e-07
3699.739007907543 9.879783853417498e-07
3703.52250005167 7.103470520363614e-07
3707.305992195796 2.963244009457383e-07
3711.0894843399233 5.050568422586971e-07
3714.8729764840496 2.063427850181138e-06
3718.6564686281763 3.6434007938566704e-06
3722.4399607723035 3.2201201151726402e-06
3726.2234529164293 1.6128355980416647e-06
3730.0069450605565 2.0094163319307872e-07
3733.7904372046837 0.0
3737.5739293488095 0.0
3741.3574214929367 0.0
3745.1409136370635 0.0
3748.9244057811898 0.0
3752.707897925317 0.0
3756.491390069443 0.0
3760.27488221357 0.0
3764.058374357697 0.0
3767.841866501823 0.0
3771.62535864595 0.0
3775.4088507900774 0.0
3779.192342934203 0.0
3782.9758350783304 0.0
3786.759327222457 0.0
3790.5428193665834 0.0
3794.3263115107106 0.0
3798.1098036548365 0.0
3801.8932957989637 0.0
3805.676787943091 0.0
3809.4602800872167 0.0
3813.243772231344 0.0
3817.027264375471 0.0
3820.810756519597 0.0
3824.594248663724 0.0
3828.377740807851 6.496403071043489e-10
3832.161232951977 1.474599486955839e-07
3835.9447250961043 4.0648892530782686e-07
3839.72821724023 6.192290805772521e-07
3843.5117093843573 4.4586615905336805e-07
3847.2952015284845 1.8630331768463202e-07
3851.0786936726104 6.052577188263872e-09
3854.8621858167376 0.0
3858.6456779608648 0.0
3862.4291701049906 0.0
3866.212662249118 0.0
3869.996154393244 0.0
3873.779646537371 0.0
3877.563138681498 0.0
3881.346630825624 0.0
3885.130122969751 0.0
3888.913615113878 1.9062931342489486e-09
3892.697107258004 6.02701621508387e-08
3896.4805994021312 1.451312340274245e-07
3900.2640915462584 2.0275289224001276e-07
3904.0475836903843 1.3383609289809492e-07
3907.8310758345115 4.890893227159354e-08
3911.6145679786378 2.337545861025793e-10
3915.3980601227645 0.0
3919.1815522668917 0.0
3922.9650444110175 0.0
3926.7485365551447 0.0
3930.532028699272 1.2115525184199412e-07
3934.3155208433977 6.747934805899176e-07
3938.099012987525 1.2690359828567329e-06
3941.882505131652 1.2745070281832091e-06
3945.665997275778 6.819168792900184e-07
3949.449489419905 1.2422674092182895e-07
3953.2329815640314 0.0
3957.016473708158 0.0
3960.7999658522854 0.0
3964.583457996411 0.0
3968.3669501405384 4.830998813688479e-10
3972.1504422846656 1.1538807463097138e-07
3975.9339344287914 3.1860233163807e-07
3979.7174265729186 4.857706959934256e-07
3983.500918717046 3.5012519083693626e-07
3987.2844108611716 1.4654375076155442e-07
3991.067903005299 4.833229528637221e-09
3994.851395149425 0.0
3998.634887293552 0.0
4002.418379437679 0.0
4006.201871581805 0.0
4009.985363725932 0.0
4013.7688558700593 0.0
4017.552348014185 0.0
4021.3358401583123 0.0
4025.119332302439 0.0
4028.9028244465653 2.4964787644532176e-08
4032.6863165906925 8.015102105223456e-07
4036.469808734819 1.9329633463383094e-06
4040.2533008789455 2.7156654066863573e-06
4044.0367930230727 1.867192549793196e-06
4047.8202851671986 8.103938556947834e-07
4051.6037773113258 6.750925045758323e-07
4055.3872694554525 1.7772922207006284e-06
4059.170761599579 2.798553161050566e-06
4062.954253743706 2.2096293273132126e-06
4066.7377458878327 1.0244033098290537e-06
4070.521238031959 1.4668442798075788e-07
4074.3047301760857 3.8396730299018747e-07
4078.088222320212 7.221115137973771e-07
4081.871714464339 7.269043277460775e-07
4085.655206608466 3.891461488850223e-07
4089.4386987525922 7.13562865931886e-08
4093.2221908967194 0.0
4097.005683040847 0.0
4100.789175184972 0.0
4104.572667329099 0.0
4108.356159473226 0.0
4112.139651617353 0.0
4115.92314376148 0.0
4119.706635905605 0.0
4123.490128049732 0.0
4127.27362019386 0.0
4131.057112337986 0.0
4134.840604482113 0.0
4138.62409662624 0.0
4142.407588770366 0.0
4146.191080914493 0.0
4149.97457305862 0.0
4153.758065202746 0.0
4157.541557346874 0.0
4161.325049490999 0.0
4165.108541635126 0.0
4168.892033779253 0.0
4172.67552592338 0.0
4176.459018067507 0.0
4180.242510211634 0.0
4184.026002355759 0.0
4187.809494499887 0.0
4191.592986644014 0.0
4195.37647878814 0.0
4199.159970932267 0.0
4202.943463076393 0.0
4206.72695522052 0.0
4210.510447364647 0.0
4214.293939508773 0.0
4218.0774316529005 0.0
4221.860923797028 0.0
4225.644415941153 0.0
4229.42790808528 0.0
4233.211400229407 0.0
4236.994892373534 0.0
4240.778384517661 0.0
4244.561876661786 0.0
4248.3453688059135 6.353211747430384e-10
4252.128860950041 1.8628978675105657e-07
4255.912353094167 5.182082957255983e-07
4259.695845238294 8.969900469596244e-07
4263.479337382421 1.6648300638571338e-06
4267.262829526547 2.5226290146618764e-06
4271.046321670674 2.7651252348353852e-06
4274.829813814801 1.6276094355924203e-06
4278.613305958927 4.4719925970449397e-07
4282.396798103055 0.0
4286.18029024718 0.0
4289.963782391307 0.0
4293.747274535434 0.0
4297.530766679561 0.0
4301.314258823688 0.0
4305.097750967814 0.0
4308.88124311194 0.0
4312.664735256068 0.0
4316.448227400195 0.0
4320.231719544321 0.0
4324.015211688447 0.0
4327.798703832574 0.0
4331.582195976701 4.471417383318984e-08
4335.365688120828 1.5056922258522074e-07
4339.149180264954 2.488944508984246e-07
4342.9326724090815 1.985051627723462e-07
4346.716164553208 9.22573237715126e-08
4350.499656697334 7.20644257712344e-09
4354.283148841461 0.0
4358.0666409855885 0.0
4361.850133129715 0.0
4365.633625273841 0.0
4369.417117417967 0.0
4373.2006095620945 0.0
4376.984101706222 0.0
4380.767593850348 1.623771509275118e-07
4384.551085994474 7.902732933200614e-07
4388.3345781386015 1.4461132268546318e-06
4392.118070282728 1.370895796503277e-06
4395.901562426855 7.131976208686292e-07
4399.685054570982 1.1195783662533894e-07
4403.4685467151085 0.0
4407.252038859235 0.0
4411.035531003361 5.715035239776948e-08
4414.819023147488 2.431357952658216e-07
4418.602515291615 4.308543482106168e-07
4422.386007435742 3.8455050035243103e-07
4426.169499579868 1.9358380171960453e-07
4429.952991723995 2.5138576877375022e-08
4433.7364838681215 0.0
4437.519976012249 0.0
4441.303468156376 0.0
4445.086960300501 0.0
4448.870452444628 7.496444511904491e-09
4452.653944588755 2.58882090883548e-07
4456.437436732882 6.28608357877453e-07
4460.220928877009 8.835470035382468e-07
4464.0044210211345 5.86197709705612e-07
4467.787913165262 2.1639719914331076e-07
4471.571405309389 1.3366882005494757e-09
4475.354897453515 0.0
4479.138389597642 0.0
4482.9218817417695 0.0
4486.705373885895 0.0
4490.488866030022 0.0
4494.272358174148 0.0
4498.055850318276 0.0
4501.839342462403 0.0
4505.622834606528 0.0
4509.406326750655 0.0
4513.189818894783 0.0
4516.973311038909 0.0
4520.756803183036 0.0
4524.540295327163 0.0
4528.323787471289 0.0
4532.107279615416 0.0
4535.890771759542 0.0
4539.674263903669 0.0
4543.4577560477965 0.0
4547.241248191922 0.0
4551.024740336049 2.0767417410065084e-07
4554.808232480176 8.876954117143417e-07
4558.5917246243025 1.5756378531002135e-06
4562.37521676843 1.409187337585623e-06
4566.158708912557 7.100912032608747e-07
4569.942201056682 1.3678631911262506e-07
4573.7256932008095 3.6924251304298893e-07
4577.509185344936 7.44489567999033e-07
4581.292677489063 8.539995937146539e-07
4585.07616963319 4.883533733768726e-07
4588.8596617773155 1.4911475725414476e-07
4592.643153921443 1.0142956904399227e-06
4596.42664606557 2.4674764663141595e-06
4600.210138209696 3.4834499479430217e-06
4603.993630353823 2.3768496394258967e-06
4607.777122497951 9.881577592055614e-07
4611.560614642076 1.5042056774406769e-07
4615.344106786203 8.022303011139774e-08
4619.127598930329 8.483494131826992e-08
4622.911091074457 1.4281690668230725e-06
4626.694583218584 3.2866134071023043e-06
4630.478075362709 4.417907214061499e-06
4634.261567506836 2.8195856808759496e-06
4638.045059650964 9.60602297276995e-07
4641.82855179509 2.6890063826010264e-10
4645.612043939217 0.0
4649.395536083344 0.0
4653.17902822747 0.0
4656.962520371597 0.0
4660.746012515723 0.0
4664.52950465985 0.0
4668.3129968039775 0.0
4672.096488948103 0.0
4675.87998109223 0.0
4679.663473236357 4.8965557769610944e-08
4683.446965380484 5.283232650175554e-07
4687.230457524611 1.1085305489932917e-06
4691.013949668737 1.3467156310957111e-06
4694.797441812863 7.979984098348549e-07
4698.5809339569905 2.222472533245275e-07
4702.364426101117 0.0
4706.147918245244 0.0
4709.931410389371 0.0
4713.714902533497 0.0
4717.498394677624 0.0
4721.281886821751 1.2459786906199311e-07
4725.065378965877 4.7371958629814174e-07
4728.848871110004 8.142440353351805e-07
4732.632363254131 6.8948428212622e-07
4736.415855398257 3.354743927091555e-07
4740.199347542384 3.539143690560927e-08
4743.9828396865105 0.0
4747.766331830638 0.0
4751.549823974765 0.0
4755.33331611889 0.0
4759.116808263017 0.0
4762.900300407145 0.0
4766.683792551271 0.0
4770.467284695398 0.0
4774.250776839524 0.0
4778.034268983651 0.0
4781.817761127778 0.0
4785.601253271904 0.0
4789.384745416031 0.0
4793.168237560158 0.0
4796.951729704284 0.0
4800.735221848411 0.0
4804.518713992538 0.0
4808.302206136665 0.0
4812.085698280792 0.0
4815.869190424918 0.0
4819.652682569044 0.0
4823.436174713172 0.0
4827.219666857298 0.0
4831.003159001425 0.0
4834.786651145551 0.0
4838.570143289678 0.0
4842.353635433805 0.0
4846.137127577932 0.0
4849.920619722058 0.0
4853.704111866185 0.0
4857.487604010312 0.0
4861.271096154438 0.0
4865.054588298565 0.0
4868.8380804426915 3.731583810469748e-09
4872.621572586818 1.3956361482687316e-07
4876.405064730945 3.4101533172616513e-07
4880.188556875071 4.815134133981736e-07
4883.9720490191985 3.209457962243904e-07
4887.755541163326 1.1946599991159792e-07
4891.539033307452 2.6329817715775585e-07
4895.322525451578 8.969881377786371e-07
4899.106017595705 1.4903940877794162e-06
4902.889509739832 1.1987721451042303e-06
4906.673001883959 5.609482198685644e-07
4910.456494028085 4.582235901939846e-08
4914.2399861722115 0.0
4918.023478316339 0.0
4921.806970460465 0.0
4925.590462604592 0.0
4929.373954748719 4.555679804461403e-09
4933.157446892845 6.814867395935097e-08
4936.940939036972 1.4984625536100063e-07
4940.724431181099 3.023666921139077e-07
4944.507923325225 6.661975160046167e-07
4948.291415469353 1.0433954416463614e-06
4952.074907613479 9.63071426272194e-07
4955.858399757605 5.037503023498646e-07
4959.641891901732 1.8227891541168935e-07
4963.425384045859 1.1109134821503386e-06
4967.208876189986 2.339215207691546e-06
4970.992368334113 2.8550962707994676e-06
4974.775860478238 1.6965672650405936e-06
4978.559352622366 4.7657455319816133e-07
4982.342844766493 0.0
4986.126336910619 0.0
4989.909829054746 0.0
4993.693321198873 0.0
4997.476813342999 0.0
5001.260305487126 0.0
5005.043797631252 0.0
5008.8272897753795 0.0
5012.610781919507 0.0
5016.394274063632 0.0
5020.177766207759 1.230426016916401e-07
5023.961258351886 8.604818609050472e-07
5027.744750496013 1.683464210519685e-06
5031.52824264014 1.8352330961304378e-06
5035.311734784267 1.020140285141689e-06
5039.095226928393 2.248981324656322e-07
5042.87871907252 0.0
5046.662211216646 0.0
5050.445703360773 0.0
5054.2291955049 0.0
5058.012687649026 0.0
5061.796179793153 0.0
5065.579671937279 0.0
5069.3631640814065 3.2655719651265215e-08
5073.146656225534 4.933863385988187e-07
5076.930148369659 1.0870211438346534e-06
5080.713640513786 1.3995756036449165e-06
5084.497132657913 8.635788919286661e-07
5088.28062480204 2.7035156424109103e-07
5092.064116946167 0.0
5095.847609090294 0.0
5099.6311012344195 0.0
5103.414593378547 0.0
5107.198085522673 0.0
5110.9815776668 0.0
5114.765069810927 0.0
5118.548561955053 0.0
5122.33205409918 0.0
5126.115546243307 0.0
5129.899038387433 0.0
5133.682530531561 0.0
5137.466022675688 0.0
5141.249514819813 2.6795386659228538e-08
5145.03300696394 1.0349952332643133e-07
5148.816499108067 1.7867095480424607e-07
5152.599991252194 1.5228664448937045e-07
5156.383483396321 7.443866799132966e-08
5160.166975540446 2.7678558303101397e-08
5163.950467684574 1.3835706584962603e-07
5167.733959828701 2.7102402122729703e-07
5171.517451972827 2.9611408787865187e-07
5175.300944116954 1.6483194692944644e-07
5179.0844362610815 3.655545517864921e-08
5182.867928405207 0.0
5186.651420549334 0.0
5190.43491269346 3.650786566856505e-08
5194.2184048375875 2.1513824362759393e-07
5198.001896981715 4.083690146111993e-07
5201.78538912584 4.194008187522839e-07
5205.568881269967 2.2642486463049882e-07
5209.3523734140945 4.354694747729648e-08
5213.135865558221 0.0
5216.919357702348 0.0
5220.702849846475 0.0
5224.4863419906005 0.0
5228.269834134728 0.0
5232.053326278854 0.0
5235.836818422981 0.0
5239.620310567108 7.759361120998376e-08
5243.403802711234 8.738369688518025e-07
5247.187294855361 1.8462308797105479e-06
5250.970786999488 2.7439473144503606e-06
5254.754279143614 3.462021426215368e-06
5258.537771287742 4.1589074167897954e-06
5262.321263431868 3.419001002345536e-06
5266.104755575994 1.735457031848935e-06
5269.888247720121 5.274620064524745e-07
5273.671739864248 2.557571365263015e-06
5277.455232008375 5.196043135738358e-06
5281.238724152501 6.852327325735632e-06
5285.022216296627 6.661149124825433e-06
5288.805708440755 6.389632598789555e-06
5292.589200584882 4.708226907737534e-06
5296.372692729008 2.306854316276678e-06
5300.156184873135 6.062281447911533e-07
5303.939677017262 2.5066108763326564e-06
5307.723169161388 4.916836889644599e-06
5311.506661305515 6.078948729381546e-06
5315.290153449641 5.408325098896322e-06
5319.073645593769 4.8001633895683924e-06
5322.857137737895 5.857392697034428e-06
5326.640629882021 7.5850221000399456e-06
5330.424122026148 9.53596641668969e-06
5334.2076141702755 1.2371325263182557e-05
5337.991106314402 1.5297169171902777e-05
5341.774598458528 1.647908864967187e-05
5345.558090602655 1.569306389484104e-05
5349.341582746782 1.5300399967108545e-05
5353.125074890909 2.026818526427998e-05
5356.908567035035 2.693411252010628e-05
5360.692059179162 3.2051812862817775e-05
5364.4755513232885 3.239647843140199e-05
5368.259043467415 3.241044944638896e-05
5372.042535611542 3.7591201570164876e-05
5375.826027755669 4.720047407463503e-05
5379.6095198997955 5.6410942980433996e-05
5383.393012043922 6.187799658703592e-05
5387.176504188049 6.642686032695355e-05
5390.959996332175 7.128353679980761e-05
5394.743488476302 7.687470490426137e-05
5398.526980620429 8.25581178417963e-05
5402.310472764555 9.447918373819915e-05
5406.093964908682 0.000110529047503606
5409.8774570528085 0.00012628002896253654
5413.660949196936 0.00014002864723777745
5417.444441341063 0.00015342778512555545
5421.227933485189 0.00016956279832109418
5425.011425629315 0.00019086184901315274
5428.794917773443 0.00021251053736159875
5432.578409917569 0.000242816387859357
5436.361902061696 0.000277633609549156
5440.145394205822 0.00031439754993960677
5443.928886349949 0.00036120405835440015
5447.712378494076 0.0004094548868277233
5451.495870638202 0.000462010415340954
5455.279362782329 0.0005209104735126265
5459.062854926457 0.0005810422856376147
5462.846347070582 0.0006670542499209827
5466.629839214709 0.000763527770544572
5470.413331358836 0.0008671622332936438
5474.196823502963 0.0009984615688932305
5477.98031564709 0.0011323802173724838
5481.763807791215 0.0012915892511817276
5485.547299935342 0.0014797901191135642
5489.33079207947 0.0016717789782360833
5493.114284223596 0.0019214220138418154
5496.897776367723 0.002190091578775917
5500.68126851185 0.0024959800449187892
5504.464760655976 0.002917928653033384
5508.248252800103 0.0033483032177938493
5512.03174494423 0.003908091374273363
5515.815237088356 0.004579859832492481
5519.5987292324835 0.00527879649766849
5523.382221376609 0.006236207845486732
5527.165713520736 0.007258533911906685
5530.949205664863 0.008449020014632975
5534.7326978089895 0.010044507290588409
5538.516189953117 0.011664420606767725
5542.299682097244 0.013782165531214972
5546.083174241369 0.016232974033996896
5549.8666663854965 0.01883211150455786
5553.650158529624 0.02246154183466401
5557.43365067375 0.026293492388103655
5561.217142817877 0.030870206371157737
5565.000634962003 0.0368722134586231
5568.78412710613 0.04295468524173709
5572.567619250257 0.05078822373807567
5576.351111394383 0.05952311280826772
5580.13460353851 0.06873591172563413
5583.918095682638 0.08042898801126436
5587.701587826763 0.09247360555452662
5591.48507997089 0.10594867163159288
5595.268572115017 0.12155737065859304
5599.052064259144 0.13728101313267074
5602.835556403271 0.15522987111261272
5606.619048547396 0.17410542368325047
5610.402540691523 0.19347492073628322
5614.186032835651 0.21483059919146685
5617.969524979777 0.23638656412889683
5621.753017123904 0.2589075636347872
5625.536509268031 0.2825778641964564
5629.320001412157 0.3064316544678683
5633.103493556284 0.33202899802085656
5636.886985700411 0.3581538279282745
5640.670477844537 0.38477490384956886
5644.4539699886645 0.41292463566879783
5648.23746213279 0.4411345706451965
5652.020954276917 0.4683383064245739
5655.804446421044 0.49474891947975325
5659.587938565171 0.520736996074858
5663.371430709298 0.542546297283098
5667.154922853425 0.5632224471965764
5670.93841499755 0.5813503339460552
5674.721907141678 0.5935070382500894
5678.505399285805 0.6053439703047888
5682.288891429931 0.6119574538588465
5686.072383574058 0.6151373563099105
5689.855875718184 0.6179870860895776
5693.639367862311 0.6181213258029826
5697.422860006438 0.6177129375236489
5701.206352150564 0.6173220684051436
5704.9898442946915 0.6166177223694831
5708.773336438819 0.6158446760488147
5712.556828582944 0.6164152596913239
5716.340320727071 0.617667987042544
5720.123812871198 0.619334187821587
5723.907305015325 0.6226620919809641
5727.690797159452 0.626132069955626
5731.474289303577 0.6301319944913258
5735.2577814477045 0.6349936820704534
5739.041273591832 0.6397332634280822
5742.824765735958 0.642917714620516
5746.608257880085 0.6456028615636691
5750.391750024211 0.6477399223520921
5754.175242168338 0.6473622099780004
5757.958734312465 0.6467285766312291
5761.742226456592 0.6444279681614716
5765.525718600718 0.6400941058685243
5769.309210744846 0.6356509247657414
5773.092702888971 0.6299209507878186
5776.876195033098 0.623767285184645
5780.659687177225 0.6176416109692885
5784.443179321352 0.611650429040198
5788.226671465479 0.6055320967845454
5792.010163609605 0.6007821786795666
5795.793655753731 0.5972670452831517
5799.577147897859 0.5940265408795303
5803.360640041986 0.5931716979136218
5807.144132186112 0.5929822051592055
5810.927624330238 0.5936656453966305
5814.711116474365 0.5964910444905399
5818.494608618492 0.5994703123073479
5822.278100762619 0.6035983069283976
5826.061592906745 0.6083100142033903
5829.8450850508725 0.6129194259667262
5833.628577194999 0.6172803675284991
5837.412069339125 0.6215295031093774
5841.195561483252 0.6250151368454802
5844.9790536273795 0.6273673202105206
5848.762545771506 0.6297264938436031
5852.546037915632 0.6300375132878085
5856.329530059758 0.6292590058879675
5860.1130222038855 0.6281242790536696
5863.896514348013 0.624952974261032
5867.680006492139 0.6214271622347451
5871.463498636265 0.6174364886819603
5875.2469907803925 0.6127718160339343
5879.030482924519 0.608143448161316
5882.813975068646 0.6046351684284309
5886.597467212773 0.6016715203064895
5890.3809593568985 0.5990622421075447
5894.164451501026 0.5978529278490442
5897.947943645152 0.5967631755731782
5901.731435789279 0.5969861632269303
5905.514927933406 0.5986839087496931
5909.298420077533 0.6005219658874497
5913.081912221659 0.6044694151274543
5916.865404365786 0.6089439360981002
5920.648896509912 0.6134262056919324
5924.43238865404 0.6187557417996989
5928.215880798167 0.6242239942683003
5931.999372942292 0.6298471336935957
5935.782865086419 0.635366683223078
5939.566357230547 0.6404496225271274
5943.349849374673 0.6439591784621734
5947.1333415188 0.6471380087266777
5950.9168336629255 0.6495875844808567
5954.700325807053 0.6503260788200825
5958.48381795118 0.6509861831631921
5962.267310095306 0.6498563689778599
5966.050802239433 0.6473169500867031
5969.8342943835605 0.6449726334155673
5973.617786527686 0.6426453910239677
5977.401278671813 0.6399678965246616
5981.18477081594 0.6370314987002704
5984.968262960067 0.6339113957236744
5988.751755104194 0.6307972085470857
5992.535247248319 0.628198896687148
5996.318739392446 0.6259241439783698
6000.1022315365735 0.6239633177811508
6003.8857236807 0.6230071413105869
6007.669215824827 0.6221563688853227
6011.452707968954 0.621121061743288
6015.23620011308 0.620145787522607
6019.019692257207 0.619504936725898
6022.803184401334 0.6187375602430061
6026.58667654546 0.6177731184937996
6030.370168689587 0.6167986240940874
6034.153660833713 0.6149373219776195
6037.93715297784 0.6128353915155882
6041.720645121967 0.6102509693567117
6045.5041372660935 0.6071879413811743
6049.287629410221 0.6039839264978488
6053.071121554348 0.5997276818254977
6056.854613698473 0.5951094032424591
6060.6381058426 0.5904532269814808
6064.421597986728 0.5859072930791274
6068.205090130854 0.5813343451845625
6071.988582274981 0.5771326433329861
6075.7720744191065 0.5734116637482415
6079.555566563234 0.5698208551365921
6083.339058707361 0.5678255485871646
6087.122550851487 0.5662578504932269
6090.906042995614 0.5652506283714227
6094.689535139742 0.5660948549443977
6098.473027283867 0.5671094130944424
6102.256519427994 0.5689887931535244
6106.040011572121 0.5713961389019384
6109.823503716248 0.5742545552167818
6113.606995860375 0.5790137882823546
6117.3904880045 0.584237885659692
6121.173980148627 0.5895791540014034
6124.957472292755 0.5950855132798033
6128.740964436881 0.6007597667642404
6132.524456581008 0.6067565864403319
6136.307948725135 0.6127128404171163
6140.091440869261 0.6184661634779665
6143.874933013388 0.623397449715679
6147.658425157515 0.6281893333301559
6151.441917301641 0.6321284061901594
6155.2254094457685 0.6347301200831135
6159.008901589894 0.637257595224186
6162.792393734021 0.6391048772214829
6166.575885878148 0.6405863083424498
6170.3593780222745 0.6415280915495533
6174.142870166402 0.6413992559240442
6177.926362310529 0.6410886389017832
6181.709854454654 0.6408794052749
6185.4933465987815 0.6406874884302856
6189.276838742909 0.6402710968169413
6193.060330887035 0.6399616026511813
6196.843823031162 0.6396885863607167
6200.627315175288 0.6396776495732438
6204.410807319415 0.6404127041791071
6208.194299463542 0.641302521710158
6211.977791607668 0.6424000449892143
6215.761283751795 0.6434908600217022
6219.544775895922 0.6444576504935823
6223.328268040048 0.6449521243340738
6227.111760184175 0.6455363534416011
6230.895252328302 0.646351735077175
6234.678744472429 0.6469213041051873
6238.462236616556 0.6474056470757448
6242.245728760681 0.6469650639148627
6246.029220904808 0.6460578861453299
6249.812713048936 0.6452897941093276
6253.596205193062 0.6438069862570152
6257.379697337189 0.6419999344462728
6261.163189481315 0.6402499670187954
6264.946681625442 0.6380373685321441
6268.730173769569 0.635614153058579
6272.513665913696 0.6331653091417805
6276.297158057822 0.6308653555644255
6280.080650201949 0.6285506503010038
6283.864142346075 0.6264872886496717
6287.647634490202 0.624550160009803
6291.431126634329 0.6229813084871664
6295.214618778456 0.6220841261017998
6298.998110922583 0.621242894239549
6302.781603066709 0.6208760601082626
6306.565095210835 0.6207612450636467
6310.348587354963 0.6208684486708673
6314.13207949909 0.6214688773417341
6317.915571643216 0.6220708592517379
6321.699063787342 0.623648385106141
6325.482555931469 0.6256621712742102
6329.266048075596 0.6272384769976884
6333.049540219723 0.6287039282669381
6336.833032363849 0.630076494934848
6340.616524507976 0.6317224873635374
6344.400016652103 0.6333277388361551
6348.183508796229 0.6348095704021883
6351.967000940356 0.6357800514785291
6355.750493084483 0.6361589201563745
6359.533985228609 0.6365035571928941
6363.317477372736 0.6364727535936575
6367.100969516862 0.6362648884117273
6370.8844616609895 0.6357913104159747
6374.667953805117 0.6346522402148791
6378.451445949243 0.6334747774801535
6382.234938093369 0.6323238087852708
6386.018430237496 0.6312460765133437
6389.801922381623 0.6302548548648668
6393.58541452575 0.629535738458241
6397.368906669877 0.628874415768774
6401.1523988140025 0.6279536649044651
6404.93589095813 0.627204676951624
6408.719383102256 0.6265681292603646
6412.502875246383 0.6262927319334746
6416.28636739051 0.6262197140213539
6420.069859534636 0.6260611085526276
6423.853351678763 0.6257643599359087
6427.63684382289 0.625896924034023
6431.420335967016 0.6261608967801712
6435.203828111144 0.6264890354289916
6438.987320255271 0.6268225801671264
6442.770812399396 0.6273155854322007
6446.554304543523 0.6275068507231735
6450.33779668765 0.6274352338480821
6454.121288831777 0.6268971880750178
6457.904780975904 0.6262358585420267
6461.688273120029 0.6254069092372083
6465.471765264157 0.6246704853088922
6469.255257408284 0.6239931457644222
6473.03874955241 0.6229727082333169
6476.822241696537 0.6218466801817218
6480.6057338406645 0.6207170415380824
6484.38922598479 0.619459128141214
6488.172718128917 0.6183004013337874
6491.956210273043 0.616943745528884
6495.7397024171705 0.6154302755405419
6499.523194561298 0.6138650368846178
6503.306686705423 0.6123081342381435
6507.09017884955 0.6109302867619782
6510.8736709936775 0.6095815491163133
6514.657163137804 0.6083631054928507
6518.440655281931 0.6075464329695511
6522.224147426058 0.6069592659910268
6526.0076395701835 0.6058392173492663
6529.791131714311 0.6046856527294828
6533.574623858437 0.604117632382929
6537.358116002564 0.603515483074613
6541.141608146691 0.6028168350183087
6544.925100290817 0.6022077710317293
6548.708592434944 0.6015632789329296
6552.492084579071 0.6011883860184523
6556.275576723197 0.6009283747838344
6560.059068867325 0.6006782104279331
6563.842561011452 0.6007454065548276
6567.626053155577 0.6010254579212448
6571.409545299704 0.6008575958057676
6575.193037443831 0.6004529632253875
6578.976529587958 0.6003948228999555
6582.760021732085 0.6007408811041872
6586.54351387621 0.6011169580254828
6590.327006020338 0.6014413617872196
6594.110498164465 0.6018375452838279
6597.893990308591 0.6022532997400413
6601.677482452718 0.6027019654411107
6605.4609745968455 0.6033702267508003
6609.244466740971 0.6040024901322582
6613.027958885098 0.6045158108211035
6616.811451029224 0.6051122688030106
6620.594943173352 0.6057111361308711
6624.378435317479 0.6061638425468361
6628.161927461604 0.606595839328344
6631.945419605731 0.6070824782545484
6635.7289117498585 0.6077484434919247
6639.512403893985 0.6083159171510973
6643.295896038112 0.6087473230025068
6647.079388182239 0.6091939592666797
6650.862880326365 0.6093074568885883
6654.646372470492 0.609118842802553
6658.429864614618 0.6089714954197553
6662.213356758745 0.6089980778281078
6665.996848902872 0.6091789262187376
6669.780341046998 0.6092570982294269
6673.563833191125 0.6088876398787639
6677.347325335251 0.6083374911999719
6681.1308174793785 0.6077451589553675
6684.914309623506 0.6071774826011339
6688.697801767632 0.6066248203928392
6692.481293911758 0.6058001600855398
6696.264786055885 0.604581015296845
6700.048278200012 0.6030869320394898
6703.831770344139 0.6015721213639312
6707.615262488266 0.6001040383213937
6711.3987546323915 0.5984593840578066
6715.182246776519 0.596966407796014
6718.965738920645 0.5955510620719482
6722.749231064772 0.5935058475114361
6726.532723208899 0.5912024968108259
6730.316215353026 0.58886189864164
6734.099707497152 0.586372902197254
6737.883199641279 0.5840300076180178
6741.666691785405 0.5807698884041504
6745.450183929533 0.5762598684278947
6749.233676073659 0.5717397434008308
6753.017168217785 0.5640985860575408
6756.800660361912 0.5551350934432846
6760.584152506039 0.5445891468980456
6764.367644650166 0.5289327792060174
6768.151136794292 0.5127687948730454
6771.934628938419 0.49092664240738193
6775.718121082546 0.4642461714391296
6779.501613226673 0.4372609023076634
6783.285105370799 0.4038562141362248
6787.068597514926 0.36880986347704797
6790.852089659053 0.3331976858649363
6794.635581803179 0.2960605020294558
6798.419073947306 0.25903226400344626
6802.202566091432 0.22518757022941524
6805.9860582355595 0.1936672254151819
6809.769550379686 0.16298044622987315
6813.553042523813 0.1385682381312264
6817.336534667939 0.1154685503688476
6821.1200268120665 0.09494374815910608
6824.903518956193 0.07963590379282828
6828.687011100319 0.06455035590879561
6832.470503244446 0.053172261789149584
6836.253995388573 0.043967986799689246
6840.0374875327 0.035276897226352
6843.820979676826 0.029400156288368937
6847.604471820953 0.023983540797637877
6851.3879639650795 0.01941643509315327
6855.171456109207 0.01624752654824988
6858.954948253333 0.013142112679862821
6862.73844039746 0.010911499300030603
6866.5219325415865 0.009072513136841874
6870.305424685713 0.0073583998927642825
6874.08891682984 0.006203612340858265
6877.872408973966 0.0051187811404815875
6881.655901118093 0.004223579130271649
6885.43939326222 0.0035651041886012535
6889.222885406346 0.0029229819091415267
6893.006377550473 0.0024774135446339416
6896.7898696946 0.0021005324734869645
6900.573361838727 0.0017559488150982662
6904.356853982854 0.0015124118962557987
6908.140346126979 0.0012774997610271832
6911.923838271106 0.001078586568207053
6915.707330415234 0.0009146559614585108
6919.49082255936 0.000757362353130399
6923.274314703487 0.0006438869795480666
6927.057806847613 0.0005438657562824093
6930.84129899174 0.0004554585075675277
6934.624791135867 0.00039370004490103897
6938.408283279994 0.0003349954839844334
6942.19177542412 0.00028434876427027285
6945.975267568248 0.00024039104833112408
6949.758759712373 0.0001989937855779951
6953.5422518565 0.00016694243980358198
6957.325744000627 0.00013796202658947248
6961.109236144754 0.00011363354134419855
6964.892728288881 9.664886754762848e-05
6968.676220433006 8.08086918545701e-05
6972.459712577133 6.626625082086927e-05
6976.243204721261 5.3071436163668714e-05
6980.026696865388 4.183110167408207e-05
6983.810189009514 3.4580962609820465e-05
6987.593681153641 2.8445376713837807e-05
6991.377173297767 2.2893409404787235e-05
6995.160665441894 1.8145811538515726e-05
6998.944157586021 1.404613532940857e-05
7002.727649730147 1.0957817685327023e-05
7006.5111418742745 8.57896542584058e-06
7010.2946340184 6.584955319125335e-06
7014.078126162527 4.781597017426975e-06
7017.861618306654 3.3158234714959655e-06
7021.645110450781 2.3902757675386965e-06
7025.428602594908 1.8675167423983415e-06
7029.212094739035 1.5015218669576523e-06
7032.99558688316 1.1303585779387503e-06
7036.7790790272875 8.136636572510326e-07
7040.562571171415 6.000210851198063e-07
7044.346063315541 5.479389055866048e-07
7048.129555459668 5.339155662416791e-07
7051.9130476037935 5.181919337450193e-07
7055.696539747921 5.095466379619514e-07
7059.480031892048 4.969700724662592e-07
7063.263524036175 4.482973900045611e-07
7067.047016180301 3.8179673235087344e-07
7070.830508324429 3.071553860256408e-07
7074.614000468554 2.1919569311042628e-07
7078.397492612681 1.1647251254868091e-07
7082.180984756808 1.3989170838613063e-07
7085.964476900935 2.655987238461855e-07
7089.747969045062 3.6931941091703874e-07
7093.531461189187 3.170977288391441e-07
7097.314953333314 2.2527849020439505e-07
7101.098445477442 1.4513401159395773e-07
7104.881937621569 1.0541935231282489e-07
7108.665429765695 6.603981698087106e-08
7112.448921909822 3.9521839544053087e-08
7116.232414053948 1.9903964130207896e-08
7120.015906198075 1.1129309609222431e-08
7123.799398342202 6.74986222293228e-08
7127.582890486328 1.329143075660492e-07
7131.3663826304555 1.7855330734527646e-07
7135.149874774581 1.9179356362049778e-07
7138.933366918708 2.0503280521641654e-07
7142.716859062835 1.5310659364331515e-07
7146.5003512069625 7.105307958046975e-08
7150.283843351089 6.702102837152779e-09
7154.067335495216 0.0
7157.850827639341 0.0
7161.6343197834685 0.0
7165.417811927596 0.0
7169.201304071722 0.0
7172.984796215849 0.0
7176.768288359975 0.0
7180.551780504102 4.234607331454754e-09
7184.335272648229 2.2175760629276436e-08
7188.118764792356 3.942099307662189e-08
7191.902256936482 4.6034620027057825e-08
7195.68574908061 4.428404887827734e-08
7199.469241224735 4.621296028564754e-08
7203.252733368862 3.2597090466879306e-08
7207.036225512989 1.312062177596344e-08
7210.819717657116 6.216578185558319e-10
7214.603209801243 0.0
7218.386701945368 2.3016279252866906e-11
7222.170194089495 4.573490202563277e-09
7225.953686233623 1.1341035133227706e-08
7229.73717837775 1.5537176902095477e-08
7233.520670521876 1.0429582823557583e-08
7237.304162666002 4.159761980796854e-09
7241.087654810129 1.3229894310781445e-10
7244.871146954256 0.0
7248.654639098383 0.0
7252.438131242509 0.0
7256.221623386637 0.0
7260.005115530762 1.0941585060209036e-09
7263.788607674889 9.881623554974794e-09
7267.572099819016 2.317851333384605e-08
7271.3555919631435 2.745662641245872e-08
7275.13908410727 2.0208808836742567e-08
7278.922576251396 1.7137693551679453e-08
7282.706068395522 1.249576108328713e-08
7286.48956053965 5.779487158482274e-09
7290.273052683777 5.646675791027344e-10
7294.056544827903 0.0
7297.840036972029 0.0
7301.623529116156 0.0
7305.407021260283 0.0
7309.19051340441 5.811565213165744e-10
7312.974005548537 1.1142086198863883e-08
7316.757497692663 2.639443817364049e-08
7320.54098983679 3.7925249974553784e-08
7324.324481980916 2.6703902447407138e-08
7328.107974125043 1.3572886624994378e-08
7331.89146626917 6.283444236032665e-09
7335.674958413297 3.4845904826795597e-09
7339.458450557423 1.5277813266341884e-09
7343.241942701549 1.225573922694969e-08
7347.0254348456765 2.654623434258004e-08
7350.808926989804 3.792742420663552e-08
7354.592419133931 4.1742071819802125e-08
7358.375911278056 4.735997081509545e-08
7362.1594034221835 4.892142897006124e-08
7365.94289556631 4.5228274151061974e-08
7369.726387710437 3.9664259453159997e-08
7373.509879854564 2.465921473534157e-08
7377.2933719986895 9.118748236813284e-09
7381.076864142817 2.6227401879926523e-10
7384.860356286943 0.0
7388.64384843107 0.0
7392.427340575197 0.0
7396.210832719325 0.0
7399.99432486345 2.094626931163172e-09
7403.777817007577 1.6245942178512372e-08
7407.561309151703 3.127291468748202e-08
7411.344801295831 3.876375982045086e-08
7415.128293439958 3.278711422656973e-08
7418.911785584083 2.6497391157918385e-08
7422.69527772821 1.651630251823614e-08
7426.478769872337 6.742330892522898e-09
7430.262262016464 6.759849687417348e-10
7434.045754160591 0.0
7437.829246304718 0.0
7441.612738448844 3.817209896321098e-09
7445.396230592971 1.3672262848588868e-08
7449.179722737097 2.3087341105565428e-08
7452.963214881224 1.8375824413226666e-08
7456.7467070253515 8.99187095152835e-09
7460.530199169477 7.142060623812596e-10
7464.313691313604 0.0
7468.09718345773 0.0
7471.880675601858 7.551983959613346e-11
7475.664167745985 1.8992674692223468e-10
7479.447659890112 2.15252123760701e-10
7483.231152034237 2.1219117722163598e-10
7487.0146441783645 1.2217797710871736e-10
7490.798136322491 6.596868236859639e-12
7494.581628466618 0.0
7498.365120610745 0.0
7502.148612754871 0.0
7505.932104898998 0.0
7509.715597043124 0.0
7513.499089187251 0.0
7517.282581331378 0.0
7521.066073475506 0.0
7524.849565619631 0.0
7528.633057763758 2.8861702083549563e-11
7532.4165499078845 1.9049912225455045e-09
7536.200042052012 3.6711814270044366e-09
7539.983534196139 4.824795241091096e-09
7543.767026340264 9.984723874367773e-09
7547.550518484391 1.567834484609411e-08
7551.334010628518 1.592040158963452e-08
7555.117502772645 9.031799938002858e-09
7558.900994916772 2.181332092732191e-09
7562.684487060899 0.0
7566.467979205025 0.0
7570.251471349152 0.0
7574.034963493278 0.0
7577.818455637405 0.0
7581.6019477815325 2.6007008563708544e-10
7585.385439925658 9.127688826993108e-10
7589.168932069785 1.20717943018417e-09
7592.952424213911 7.608226345231135e-10
7596.735916358039 3.4706681012214715e-10
7600.519408502166 2.701805594066779e-11
7604.302900646293 0.0
7608.086392790418 0.0
7611.869884934546 6.94320381929477e-10
7615.653377078672 1.5513649126654258e-09
7619.436869222799 2.2084956678251427e-09
7623.220361366926 3.923690287448999e-09
7627.003853511052 5.968662056451043e-09
7630.787345655179 7.268887465686449e-09
7634.570837799305 4.622682657403251e-09
7638.354329943432 1.4051329344511032e-09
7642.1378220875595 1.8317495688126608e-09
7645.921314231686 4.849862307310104e-09
7649.704806375812 9.398091740955827e-09
7653.488298519939 8.76929940811048e-09
7657.2717906640655 6.162336587397608e-09
7661.055282808193 6.793731396707396e-09
7664.83877495232 5.566967130575125e-09
7668.622267096445 1.7256146141638358e-09
7672.4057592405725 0.0
7676.189251384699 0.0
7679.972743528826 1.5726982383057476e-09
7683.756235672953 1.3628147058994718e-08
7687.539727817079 2.7703014590467016e-08
7691.323219961206 3.514740307708449e-08
7695.106712105333 3.26239144972836e-08
7698.890204249459 2.8779717416389412e-08
7702.673696393586 2.1417824124606948e-08
7706.457188537713 1.0926184283259015e-08
7710.240680681839 1.1354610060470274e-09
7714.024172825966 0.0
7717.807664970092 0.0
7721.59115711422 0.0
7725.374649258347 0.0
7729.158141402473 0.0
7732.941633546599 0.0
7736.725125690727 0.0
7740.508617834853 1.5462137525901198e-09
7744.29210997898 9.11056429779966e-09
7748.075602123106 1.7467415697562198e-08
7751.859094267233 1.8098950618490603e-08
7755.64258641136 1.0153138039944073e-08
7759.426078555486 1.9215065567520214e-09
7763.209570699613 0.0
7766.99306284374 0.0
7770.776554987867 0.0
7774.560047131993 0.0
7778.34353927612 5.568952583235235e-11
7782.127031420247 1.6825336691302556e-08
7785.910523564373 4.786120076042394e-08
7789.6940157085 7.578404620289803e-08
7793.477507852626 7.304872584509076e-08
7797.2609999967535 6.407928594853729e-08
7801.04449214088 5.269558428509313e-08
7804.827984285007 3.078205433363716e-08
7808.611476429133 8.276741330822309e-09
7812.3949685732605 0.0
7816.178460717387 0.0
7819.961952861514 0.0
7823.74544500564 0.0
7827.5289371497665 0.0
7831.312429293894 0.0
7835.09592143802 0.0
7838.879413582147 0.0
7842.6629057262735 0.0
7846.4463978704 0.0
7850.229890014527 8.276013735060891e-09
7854.013382158654 5.414404463915529e-08
7857.79687430278 1.0465907204585771e-07
7861.580366446908 1.3008995753358089e-07
7865.363858591034 1.1202331127909323e-07
7869.14735073516 9.202640875554124e-08
7872.930842879287 6.186683701040845e-08
7876.714335023414 2.828188977825145e-08
7880.497827167541 8.736839153789938e-09
7884.281319311667 3.6677010939456525e-08
7888.0648114557935 6.798129376123184e-08
7891.848303599921 6.695581153811266e-08
7895.631795744048 3.48535318705509e-08
7899.415287888174 6.42248778603971e-09
7903.198780032301 0.0
7906.982272176427 0.0
7910.765764320554 1.1318867715696494e-08
7914.549256464681 5.1484893993497785e-08
7918.332748608807 9.364543075207621e-08
7922.116240752935 1.06761881503619e-07
7925.89973289706 9.032938881622006e-08
7929.683225041187 7.42428545559603e-08
7933.466717185314 4.8802442809877296e-08
7937.2502093294415 2.051623923217447e-08
7941.033701473568 3.5161792766302823e-09
7944.817193617695 1.1298737566297254e-08
7948.60068576182 1.854277192653713e-08
7952.384177905948 1.4743006128507356e-08
7956.167670050075 6.8514097246423535e-09
7959.951162194201 9.862803077946107e-10
7963.734654338328 3.6922155626849604e-10
7967.518146482454 7.13941214295725e-10
7971.301638626581 6.644728945292371e-10
7975.085130770708 2.947732961426179e-10
7978.868622914834 1.688992294172446e-10
7982.6521150589615 2.9294385486429624e-09
7986.435607203089 6.726113497279584e-09
7990.219099347214 1.1324658780707396e-08
7994.002591491341 2.029349464767923e-08
7997.7860836354685 2.8326065696391608e-08
8001.569575779595 2.6613827988815804e-08
8005.353067923722 1.4142715372145176e-08
8009.136560067847 3.0171616582475764e-09
8012.9200522119745 0.0
8016.703544356102 0.0
8020.487036500228 0.0
8024.270528644355 0.0
8028.054020788482 0.0
8031.837512932608 0.0
8035.621005076735 0.0
8039.404497220862 0.0
8043.187989364988 0.0
8046.971481509116 0.0
8050.754973653241 0.0
8054.538465797368 0.0
8058.321957941495 0.0
8062.105450085622 0.0
8065.888942229749 0.0
8069.672434373876 3.919679632720848e-09
8073.455926518001 4.409632917183141e-08
8077.239418662129 1.023612951723465e-07
8081.022910806256 1.4616841023477415e-07
8084.806402950382 1.3225693383506698e-07
8088.589895094509 1.086047268472612e-07
8092.373387238635 8.486383985851995e-08
8096.156879382762 8.020387516201785e-08
8099.940371526889 7.694299753519789e-08
8103.723863671015 4.8223664634861055e-08
8107.507355815143 1.833980301550279e-08
8111.29084795927 5.004139727108589e-09
8115.074340103395 1.8271942584154506e-08
8118.857832247522 3.265193121169946e-08
8122.6413243916495 2.808648180992653e-08
8126.424816535776 1.4029014793638381e-08
8130.208308679903 2.2250848511854807e-09
8133.991800824028 1.315071833275023e-09
8137.775292968156 1.8700908791894712e-09
8141.558785112283 1.856800129947563e-09
8145.342277256409 1.0390939135197396e-09
8149.125769400536 2.264520541454355e-10
8152.909261544663 0.0
8156.692753688789 0.0
8160.476245832916 5.991950851187928e-10
8164.259737977043 3.4103383465359607e-09
8168.0432301211695 6.288340192802634e-09
8171.826722265297 1.1869075630481044e-08
8175.610214409422 2.0440177953181167e-08
8179.393706553549 2.7954689197601773e-08
8183.177198697676 2.182338600202153e-08
8186.960690841803 1.0042298490649551e-08
8190.74418298593 5.583812405044834e-10
8194.527675130057 0.0
8198.311167274183 0.0
8202.09465941831 0.0
8205.878151562436 0.0
8209.661643706562 0.0
8213.44513585069 0.0
8217.228627994817 0.0
8221.012120138943 0.0
8224.79561228307 0.0
8228.579104427195 0.0
8232.362596571324 0.0
8236.14608871545 0.0
8239.929580859576 0.0
8243.713073003704 0.0
8247.49656514783 0.0
8251.280057291957 0.0
8255.063549436083 0.0
8258.84704158021 0.0
8262.630533724338 0.0
8266.414025868464 0.0
8270.19751801259 0.0
8273.981010156716 0.0
8277.764502300844 0.0
8281.54799444497 0.0
8285.331486589097 0.0
8289.114978733223 0.0
8292.89847087735 0.0
8296.681963021478 0.0
8300.465455165604 0.0
8304.24894730973 0.0
8308.032439453857 0.0
8311.815931597983 0.0
8315.599423742111 0.0
8319.382915886237 1.6617317063113053e-09
8323.166408030364 2.3367179762231133e-08
8326.94990017449 5.178791373812904e-08
8330.733392318618 7.367733952755142e-08
8334.516884462744 6.321635737549513e-08
8338.30037660687 5.103579428691584e-08
8342.083868750997 5.065803028022249e-08
8345.867360895123 5.767627347571154e-08
8349.650853039251 6.199009350800078e-08
8353.434345183377 4.710699916662028e-08
8357.217837327504 2.7967594639892488e-08
8361.001329471632 1.2570356678528091e-08
8364.784821615756 9.093445821815541e-09
8368.568313759884 8.159089096200964e-09
8372.35180590401 5.665271250087886e-09
8376.135298048137 2.3552032265191276e-09
8379.918790192265 8.532272962232431e-10
8383.702282336391 4.768742522698968e-09
8387.485774480518 9.28128429222852e-09
8391.269266624644 1.029466889401938e-08
8395.05275876877 5.661374113212029e-09
8398.836250912898 1.3852890614984239e-09
8402.619743057025 0.0
8406.40323520115 0.0
8410.186727345277 0.0
8413.970219489405 0.0
8417.753711633532 0.0
8421.537203777658 9.727567279090484e-09
8425.320695921784 3.299221842737246e-08
8429.10418806591 5.7255723125611745e-08
8432.887680210039 4.377700357439117e-08
8436.671172354165 1.8066954604970913e-08
8440.454664498291 2.1872666591589344e-09
8444.238156642417 6.5405523249258594e-09
8448.021648786544 3.0536854562039174e-08
8451.805140930672 3.574531488182541e-08
8455.588633074798 1.3335787419540186e-08
8459.372125218926 2.5577230701306697e-09
8463.155617363052 0.0
8466.939109507177 0.0
8470.722601651305 0.0
8474.506093795431 0.0
8478.28958593956 6.281576740245024e-12
8482.073078083686 2.7241427839423217e-09
8485.85657022781 8.540981512721288e-09
8489.640062371938 1.593420165590942e-08
8493.423554516065 1.638647348630845e-08
8497.207046660193 8.622591849416494e-09
8500.990538804319 2.9676673320462424e-09
8504.774030948445 9.648020432058872e-09
8508.557523092572 1.5229666151523713e-08
8512.341015236698 1.5581604315824496e-08
8516.124507380826 9.108126491576888e-09
8519.907999524952 4.310982164815016e-09
8523.691491669078 2.1228830780547002e-08
8527.474983813205 2.8119639631378892e-08
8531.258475957331 4.699694440896489e-08
8535.04196810146 5.0014436091257464e-08
8538.825460245585 1.4559764135953442e-08
8542.608952389714 8.380979723641273e-09
8546.39244453384 1.6467375807536914e-08
8550.175936677964 2.399160332097864e-08
8553.959428822092 4.250143281789822e-08
8557.742920966219 5.721471688830155e-08
8561.526413110347 6.393983152092379e-08
8565.309905254473 8.939995652790929e-08
8569.093397398598 1.1449810699559748e-07
8572.876889542726 6.799999620566626e-08
8576.660381686852 2.4751856095915982e-08
8580.44387383098 3.0595452934713136e-09
8584.227365975106 8.264677700802547e-09
8588.010858119233 2.076850571998456e-08
8591.794350263359 3.7201616982748663e-08
8595.577842407485 5.438560448944737e-08
8599.361334551613 4.9212665821946526e-08
8603.14482669574 4.101413538084963e-08
8606.928318839866 5.5862576489682405e-08
8610.711810983992 5.214137762914235e-08
8614.495303128118 3.349450165690092e-08
8618.278795272246 2.2807002951297844e-08
8622.062287416373 9.687421989032116e-08
8625.8457795605 2.421766861925046e-07
8629.629271704627 4.16658422246814e-07
8633.412763848752 4.0095330764295924e-07
8637.19625599288 1.7121497190511618e-07
8640.979748137006 2.364775551141351e-08
8644.763240281134 3.403352041329656e-08
8648.54673242526 4.2887448247993435e-08
8652.330224569385 2.7175108370543038e-08
8656.113716713513 1.0639242961319607e-08
8659.89720885764 3.827268451345437e-09
8663.680701001767 3.3476597471149315e-08
8667.464193145894 1.0298135513553432e-07
8671.24768529002 1.282200112130083e-07
8675.031177434146 6.876427510861739e-08
8678.814669578273 1.0896302183945087e-08
8682.5981617224 2.0079357483791946e-08
8686.381653866527 9.703168812696032e-08
8690.165146010653 1.723827542380993e-07
8693.94863815478 1.239494813069152e-07
8697.732130298906 3.581938676573794e-08
8701.515622443034 3.740264450883231e-08
8705.29911458716 9.254669050173159e-08
8709.082606731288 2.309789862551227e-07
8712.866098875415 3.627104682513987e-07
8716.649591019539 1.8640460220578794e-07
8720.433083163667 2.196481524828583e-08
8724.216575307793 9.525345045734535e-09
8728.000067451921 4.4802941099753454e-09
8731.783559596048 8.165535707781552e-08
8735.567051740172 2.046648332615465e-07
8739.3505438843 2.300313225247129e-07
8743.134036028427 3.12785286193753e-07
8746.917528172555 4.1658637432712616e-07
8750.701020316681 2.0389531522065446e-07
8754.484512460807 7.688733083861215e-08
8758.268004604934 1.8831838333372933e-07
8762.05149674906 2.5150445559808897e-07
8765.834988893188 3.4508848009243726e-07
8769.618481037314 3.7829828151610517e-07
8773.40197318144 2.24166321965665e-07
8777.185465325567 7.594888875554474e-08
8780.968957469693 3.467899410557839e-08
8784.752449613821 1.4406529146694415e-07
8788.535941757948 3.041915605841308e-07
8792.319433902076 2.9603912992745704e-07
8796.1029260462 1.5365978642284166e-07
8799.886418190326 3.519856247245758e-08
8803.669910334454 1.2172765477939888e-07
8807.45340247858 2.469631854142356e-07
8811.236894622709 3.0039171000820993e-07
8815.020386766833 2.1771842563306197e-07
8818.80387891096 1.3888525198121038e-07
8822.587371055088 3.963697660462155e-07
8826.370863199214 8.411447785251059e-07
8830.154355343342 1.2050511101559415e-06
8833.937847487468 1.0727269965308002e-06
8837.721339631595 8.706625901968844e-07
8841.504831775721 7.77218956065257e-07
8845.288323919847 8.432489525347045e-07
8849.071816063975 9.001117009003117e-07
8852.855308208102 7.139755173134589e-07
8856.638800352228 4.248032727728373e-07
8860.422292496354 1.745434497502652e-07
8864.20578464048 9.597574758158812e-08
8867.989276784609 3.3555830272152683e-08
8871.772768928735 3.168597481304541e-11
8875.556261072863 0.0
8879.339753216987 0.0
8883.123245361114 0.0
8886.906737505242 0.0
8890.690229649368 0.0
8894.473721793496 0.0
8898.25721393762 0.0
8902.040706081747 0.0
8905.824198225875 0.0
8909.607690370001 0.0
8913.39118251413 0.0
8917.174674658256 0.0
8920.958166802382 0.0
8924.741658946508 0.0
8928.525151090635 0.0
8932.308643234763 0.0
8936.092135378889 0.0
8939.875627523015 0.0
8943.659119667142 0.0
8947.442611811268 0.0
8951.226103955396 0.0
8955.009596099522 0.0
8958.79308824365 0.0
8962.576580387775 0.0
8966.360072531901 0.0
8970.14356467603 0.0
8973.927056820155 0.0
8977.710548964284 0.0
8981.494041108408 0.0
8985.277533252534 0.0
8989.061025396662 0.0
8992.844517540789 0.0
8996.628009684917 0.0
9000.411501829043 0.0
9004.19499397317 0.0
9007.978486117296 0.0
9011.761978261422 0.0
9015.54547040555 0.0
9019.328962549676 0.0
9023.112454693803 0.0
9026.895946837929 0.0
9030.679438982055 0.0
9034.462931126183 0.0
9038.24642327031 0.0
9042.029915414436 0.0
9045.813407558562 0.0
9049.596899702688 0.0
9053.380391846817 0.0
9057.163883990943 0.0
9060.947376135071 0.0
9064.730868279195 0.0
9068.514360423322 0.0
9072.29785256745 0.0
9076.081344711576 0.0
9079.864836855704 0.0
9083.64832899983 0.0
9087.431821143957 0.0
9091.215313288083 0.0
9094.99880543221 0.0
9098.782297576337 0.0
9102.565789720464 0.0
9106.34928186459 0.0
9110.132774008716 0.0
9113.916266152843 0.0
9117.69975829697 0.0
9121.483250441097 0.0
9125.266742585223 0.0
9129.05023472935 0.0
9132.833726873476 0.0
9136.617219017604 0.0
9140.40071116173 0.0
9144.184203305856 0.0
9147.967695449983 0.0
9151.751187594109 0.0
9155.534679738237 0.0
9159.318171882363 0.0
9163.10166402649 0.0
9166.885156170618 0.0
9170.668648314744 0.0
9174.45214045887 0.0
9178.235632602997 0.0
9182.019124747123 0.0
9185.802616891251 0.0
9189.586109035377 0.0
9193.369601179504 0.0
9197.15309332363 0.0
9200.936585467758 0.0
9204.720077611884 0.0
9208.50356975601 0.0
9212.287061900137 0.0
9216.070554044263 0.0
9219.854046188391 0.0
9223.637538332518 0.0
9227.421030476644 0.0
9231.20452262077 0.0
9234.988014764896 0.0
9238.771506909025 0.0
9242.55499905315 0.0
9246.338491197277 0.0
9250.121983341405 0.0
9253.905475485531 0.0
9257.688967629658 0.0
9261.472459773784 0.0
9265.25595191791 0.0
9269.039444062038 0.0
9272.822936206165 0.0
9276.606428350291 0.0
9280.389920494417 0.0
9284.173412638544 0.0
9287.956904782672 0.0
9291.740396926798 0.0
9295.523889070924 0.0
9299.30738121505 0.0
9303.090873359177 0.0
9306.874365503305 0.0
9310.657857647431 0.0
9314.441349791558 0.0
9318.224841935684 0.0
9322.008334079812 0.0
9325.791826223938 0.0
9329.575318368064 0.0
9333.358810512193 0.0
9337.142302656319 0.0
9340.925794800445 0.0
9344.709286944571 0.0
9348.492779088698 0.0
9352.276271232826 0.0
9356.059763376952 0.0
9359.843255521078 0.0
9363.626747665205 0.0
9367.410239809331 0.0
9371.193731953459 0.0
9374.977224097585 0.0
9378.760716241712 0.0
9382.544208385838 0.0
9386.327700529964 0.0
9390.111192674092 0.0
9393.894684818219 0.0
9397.678176962345 0.0
9401.461669106471 0.0
9405.245161250597 0.0
9409.028653394726 0.0
9412.812145538852 0.0
9416.59563768298 0.0
9420.379129827106 0.0
9424.16262197123 0.0
9427.946114115359 0.0
9431.729606259485 0.0
9435.513098403613 0.0
9439.29659054774 0.0
9443.080082691864 0.0
9446.863574835992 0.0
9450.647066980118 0.0
9454.430559124246 0.0
9458.214051268373 0.0
9461.997543412499 0.0
9465.781035556625 0.0
9469.564527700752 0.0
9473.34801984488 0.0
9477.131511989006 0.0
9480.915004133132 0.0
9484.698496277259 0.0
9488.481988421385 0.0
9492.265480565513 0.0
9496.04897270964 0.0
9499.832464853767 0.0
9503.615956997894 0.0
9507.399449142018 0.0
9511.182941286146 0.0
9514.966433430272 0.0
9518.7499255744 0.0
9522.533417718527 0.0
9526.316909862651 0.0
9530.10040200678 0.0
9533.883894150906 0.0
9537.667386295034 0.0
9541.45087843916 0.0
9545.234370583286 0.0
9549.017862727413 0.0
9552.801354871539 0.0
9556.584847015667 0.0
9560.368339159793 0.0
9564.15183130392 0.0
9567.935323448046 0.0
9571.718815592172 0.0
9575.5023077363 0.0
9579.285799880427 0.0
9583.069292024555 0.0
9586.852784168681 0.0
9590.636276312805 0.0
9594.419768456934 0.0
9598.20326060106 0.0
9601.986752745188 0.0
9605.770244889314 0.0
9609.553737033439 0.0
9613.337229177567 0.0
9617.120721321693 0.0
9620.904213465821 0.0
9624.687705609947 0.0
9628.471197754074 0.0
9632.2546898982 0.0
9636.038182042326 0.0
9639.821674186454 0.0
9643.60516633058 0.0
9647.388658474707 0.0
9651.172150618833 0.0
9654.95564276296 0.0
9658.739134907088 0.0
9662.522627051214 0.0
9666.306119195342 0.0
9670.089611339468 0.0
9673.873103483593 0.0
9677.65659562772 0.0
9681.440087771847 0.0
9685.223579915975 0.0
9689.007072060102 0.0
9692.790564204226 0.0
9696.574056348354 0.0
9700.35754849248 0.0
9704.141040636609 0.0
9707.924532780735 0.0
9711.708024924861 0.0
9715.491517068987 0.0
9719.275009213114 0.0
9723.058501357242 0.0
9726.841993501368 0.0
9730.625485645494 0.0
9734.40897778962 0.0
9738.192469933747 0.0
9741.975962077875 0.0
9745.759454222001 0.0
9749.54294636613 0.0
9753.326438510254 0.0
9757.10993065438 0.0
9760.893422798508 0.0
9764.676914942635 0.0
9768.460407086763 0.0
9772.243899230887 0.0
9776.027391375013 0.0
9779.810883519141 0.0
9783.594375663268 0.0
9787.377867807396 0.0
9791.161359951522 0.0
9794.944852095648 0.0
9798.728344239775 0.0
9802.511836383901 0.0
9806.29532852803 0.0
9810.078820672155 0.0
9813.862312816282 0.0
9817.645804960408 0.0
9821.429297104534 0.0
9825.212789248662 0.0
9828.996281392789 0.0
9832.779773536917 0.0
9836.563265681041 0.0
9840.346757825168 0.0
9844.130249969296 0.0
9847.913742113422 0.0
9851.69723425755 0.0
9855.480726401674 0.0
9859.2642185458 0.0
9863.047710689929 0.0
9866.831202834055 0.0
9870.614694978183 0.0
9874.39818712231 0.0
9878.181679266436 0.0
9881.965171410562 0.0
9885.748663554688 0.0
9889.532155698816 0.0
9893.315647842943 0.0
9897.099139987069 0.0
9900.882632131195 0.0
9904.666124275322 0.0
9908.44961641945 0.0
9912.233108563576 0.0
9916.016600707702 0.0
9919.800092851829 0.0
9923.583584995955 0.0
9927.367077140083 0.0
9931.15056928421 0.0
9934.934061428337 0.0
9938.717553572462 0.0
9942.501045716588 0.0
9946.284537860716 0.0
9950.068030004843 0.0
9953.85152214897 0.0
9957.635014293095 0.0
9961.418506437221 0.0
9965.20199858135 0.0
9968.985490725476 0.0
9972.768982869604 0.0
9976.55247501373 0.0
9980.335967157856 0.0
9984.119459301983 0.0
9987.902951446109 0.0
9991.686443590237 0.0
9995.469935734363 0.0
9999.25342787849 0.0
10003.036920022614 0.0
10006.820412166744 0.0
10010.603904310869 0.0
10014.387396454998 0.0
10018.170888599123 0.0
10021.95438074325 0.0
10025.737872887377 0.0
10029.521365031502 0.0
10033.304857175632 0.0
10037.088349319756 0.0
10040.871841463882 0.0
10044.65533360801 0.0
10048.438825752135 0.0
10052.222317896265 0.0
10056.00581004039 0.0
10059.78930218452 0.0
10063.572794328644 0.0
10067.356286472768 0.0
10071.139778616898 0.0
10074.923270761023 0.0
10078.706762905153 0.0
10082.490255049277 0.0
10086.273747193402 0.0
10090.057239337531 0.0
10093.840731481656 0.0
10097.624223625786 0.0
10101.40771576991 0.0
10105.191207914037 0.0
10108.974700058165 0.0
10112.75819220229 0.0
10116.541684346419 0.0
10120.325176490544 0.0
10124.10866863467 0.0
10127.892160778798 0.0
10131.675652922922 0.0
10135.459145067052 0.0
10139.242637211177 0.0
10143.026129355307 0.0
10146.809621499431 0.0
10150.593113643556 0.0
10154.376605787686 0.0
10158.16009793181 0.0
10161.94359007594 0.0
10165.727082220064 0.0
10169.510574364189 0.0
10173.294066508319 0.0
10177.077558652443 0.0
10180.861050796573 0.0
10184.644542940698 0.0
10188.428035084824 0.0
10192.211527228952 0.0
10195.995019373077 0.0
10199.778511517206 0.0
10203.56200366133 0.0
10207.345495805457 0.0
10211.128987949585 0.0
10214.91248009371 0.0
10218.69597223784 0.0
10222.479464381964 0.0
10226.262956526094 0.0
10230.046448670219 0.0
10233.829940814343 0.0
10237.613432958473 0.0
10241.396925102597 0.0
10245.180417246727 0.0
10248.963909390852 0.0
10252.747401534976 0.0
10256.530893679106 0.0
10260.31438582323 0.0
10264.09787796736 0.0
10267.881370111485 0.0
10271.664862255611 0.0
10275.44835439974 0.0
10279.231846543864 0.0
10283.015338687994 0.0
10286.798830832118 0.0
10290.582322976245 0.0
10294.365815120373 0.0
10298.149307264497 0.0
10301.932799408627 0.0
10305.716291552751 0.0
10309.49978369688 0.0
10313.283275841006 0.0
10317.06676798513 0.0
10320.85026012926 0.0
10324.633752273385 0.0
10328.417244417513 0.0
10332.20073656164 0.0
10335.984228705764 0.0
10339.767720849894 0.0
10343.551212994018 0.0
10347.334705138148 0.0
10351.118197282272 0.0
10354.901689426399 0.0
10358.685181570527 0.0
10362.468673714651 0.0
10366.252165858781 0.0
10370.035658002906 0.0
10373.819150147032 0.0
10377.60264229116 0.0
10381.386134435284 0.0
10385.169626579414 0.0
10388.953118723539 0.0
10392.736610867667 0.0
10396.520103011793 0.0
10400.303595155918 0.0
10404.087087300048 0.0
10407.870579444172 0.0
10411.6540715883 0.0
10415.437563732426 0.0
10419.221055876551 0.0
10423.00454802068 0.0
10426.788040164805 0.0
10430.571532308933 0.0
10434.35502445306 0.0
10438.138516597186 0.0
10441.922008741314 0.0
10445.705500885439 0.0
10449.488993029567 0.0
10453.272485173693 0.0
10457.05597731782 0.0
10460.839469461947 0.0
10464.622961606072 0.0
10468.4064537502 0.0
10472.189945894326 0.0
10475.973438038454 0.0
10479.75693018258 0.0
10483.540422326705 0.0
10487.323914470835 0.0
10491.10740661496 0.0
10494.890898759088 0.0
10498.674390903214 0.0
10502.457883047338 0.0
10506.241375191468 0.0
10510.024867335593 0.0
10513.80835947972 0.0
10517.591851623847 0.0
10521.375343767973 0.0
10525.158835912101 0.0
10528.942328056226 0.0
10532.725820200354 0.0
10536.50931234448 0.0
10540.292804488607 0.0
10544.076296632735 0.0
10547.85978877686 0.0
10551.643280920987 0.0
10555.426773065114 0.0
10559.210265209242 0.0
10562.993757353368 0.0
10566.777249497492 0.0
10570.56074164162 0.0
10574.344233785747 0.0
10578.127725929875 0.0
10581.911218074001 0.0
10585.694710218126 0.0
10589.478202362254 0.0
10593.26169450638 0.0
10597.045186650508 0.0
10600.828678794634 0.0
10604.61217093876 0.0
10608.395663082887 0.0
10612.179155227013 0.0
10615.962647371141 0.0
10619.746139515268 0.0
10623.529631659394 0.0
10627.313123803522 0.0
10631.096615947647 0.0
10634.880108091775 0.0
10638.663600235901 0.0
10642.447092380029 0.0
10646.230584524155 0.0
10650.01407666828 0.0
10653.797568812408 0.0
10657.581060956534 0.0
10661.364553100662 0.0
10665.148045244789 0.0
10668.931537388913 0.0
10672.715029533041 0.0
10676.498521677167 0.0
10680.282013821296 0.0
10684.065505965422 0.0
10687.848998109548 0.0
10691.632490253674 0.0
10695.4159823978 0.0
10699.199474541929 0.0
10702.982966686055 0.0
10706.766458830181 0.0
10710.549950974308 0.0
10714.333443118434 0.0
10718.116935262562 0.0
10721.900427406688 0.0
10725.683919550816 0.0
10729.46741169494 0.0
10733.250903839067 0.0
10737.034395983195 0.0
10740.817888127322 0.0
10744.60138027145 0.0
10748.384872415576 0.0
10752.1683645597 0.0
10755.951856703829 0.0
10759.735348847955 0.0
10763.518840992083 0.0
10767.30233313621 0.0
10771.085825280335 0.0
10774.869317424462 0.0
10778.652809568588 0.0
10782.436301712716 0.0
10786.219793856842 0.0
10790.003286000969 0.0
10793.786778145095 0.0
10797.570270289221 0.0
10801.35376243335 0.0
10805.137254577476 0.0
10808.920746721604 0.0
10812.704238865728 0.0
10816.487731009855 0.0
10820.271223153983 0.0
10824.054715298109 0.0
10827.838207442237 0.0
10831.621699586362 0.0
10835.405191730488 0.0
10839.188683874616 0.0
10842.972176018742 0.0
10846.75566816287 0.0
10850.539160306995 0.0
10854.322652451123 0.0
10858.10614459525 0.0
10861.889636739375 0.0
10865.673128883504 0.0
10869.456621027628 0.0
10873.240113171756 0.0
10877.023605315882 0.0
10880.807097460009 0.0
10884.590589604137 0.0
10888.374081748263 0.0
10892.157573892391 0.0
10895.941066036516 0.0
10899.724558180642 0.0
10903.50805032477 0.0
10907.291542468896 0.0
10911.075034613024 0.0
10914.858526757149 0.0
10918.642018901275 0.0
10922.425511045403 0.0
10926.20900318953 0.0
10929.992495333658 0.0
10933.775987477782 0.0
10937.55947962191 0.0
10941.342971766036 0.0
10945.126463910163 0.0
10948.90995605429 0.0
10952.693448198415 0.0
10956.476940342543 0.0
10960.26043248667 0.0
10964.043924630796 0.0
10967.827416774924 0.0
10971.610908919049 0.0
10975.394401063179 0.0
10979.177893207303 0.0
10982.96138535143 0.0
10986.744877495557 0.0
10990.528369639682 0.0
10994.311861783812 0.0
10998.095353927936 0.0
