8002.498475385633 8.863970877934523e-06
8007.4984490913685 8.207638628737488e-06
8012.498422797101 8.213141315406782e-06
8017.498396502835 8.879529459596895e-06
8022.498370208568 9.552714181537769e-06
8027.498343914301 1.0228669747652289e-05
8032.498317620036 1.1317510216724644e-05
8037.498291325769 1.279323689459749e-05
8042.498265031503 1.3826067154725165e-05
8047.4982387372365 1.4443931420085654e-05
8052.498212442969 1.5784791384143377e-05
8057.498186148704 1.788239610120371e-05
8062.498159854436 2.021908237890444e-05
8067.4981335601715 2.2830995806892156e-05
8072.498107265904 2.605617685427869e-05
8077.498080971638 2.989067953598841e-05
8082.498054677371 3.443728569972396e-05
8087.498028383105 3.988448156284956e-05
8092.49800208884 4.711266248553913e-05
8097.497975794572 5.5722508835459986e-05
8102.497949500307 6.73806212154409e-05
8107.49792320604 8.257219365731021e-05
8112.497896911772 0.00010050484753943082
8117.497870617507 0.00012173793707171649
8122.497844323239 0.00015052389556593373
8127.4978180289745 0.00018775902469412016
8132.497791734708 0.0002355636979280323
8137.497765440441 0.00029595639427456633
8142.497739146175 0.00037487095026264463
8147.497712851908 0.00047392192046738637
8152.497686557643 0.0006128963197956889
8157.497660263375 0.0007956676177629474
8162.49763396911 0.0010409529252842786
8167.497607674843 0.0013566955010554452
8172.497581380577 0.0018055548313664317
8177.49755508631 0.002401479787697049
8182.497528792043 0.0031905064675980107
8187.497502497778 0.004206081278340146
8192.49747620351 0.00562285870648418
8197.497449909246 0.007454540020922419
8202.49742361498 0.009882685019595173
8207.49739732071 0.01297485821047362
8212.497371026446 0.016817299453439887
8217.497344732179 0.021474876255634632
8222.497318437914 0.027029354004155577
8227.497292143646 0.03343002888757314
8232.49726584938 0.03987917335513658
8237.497239555114 0.046888708332637044
8242.497213260847 0.05400547675497774
8247.49718696658 0.060819879170414703
8252.497160672314 0.0671944841319873
8257.497134378049 0.07383851390724477
8262.497108083782 0.0801697075856172
8267.497081789514 0.08585774159514686
8272.497055495249 0.09155031812456282
8277.497029200982 0.0977731970772696
8282.497002906717 0.10365666842767525
8287.49697661245 0.10985673461789834
8292.496950318184 0.11668228299520263
8297.496924023917 0.12367107303919786
8302.49689772965 0.13103772884177486
8307.496871435385 0.13890344727826515
8312.496845141117 0.1472321566104358
8317.496818846852 0.1558812017110586
8322.496792552585 0.1653763360580243
8327.496766258319 0.17508452006893205
8332.496739964052 0.18541428525067574
8337.496713669785 0.19695670578700156
8342.49668737552 0.2088379207848568
8347.496661081253 0.22122561764584153
8352.496634786989 0.23408357319570222
8357.49660849272 0.24739618310578265
8362.496582198453 0.2617594024266252
8367.496555904188 0.27530264929516185
8372.49652960992 0.2889758442682745
8377.496503315655 0.3044179719568115
8382.496477021388 0.318649384846092
8387.496450727122 0.33246915285132467
8392.496424432857 0.3464248500051422
8397.496398138588 0.3604631679600038
8402.496371844323 0.3729483675021101
8407.496345550057 0.3855202305644697
8412.496319255792 0.3965502426523283
8417.496292961523 0.4052518913653644
8422.496266667256 0.4150008641190721
8427.496240372991 0.42377419003177325
8432.496214078725 0.43145739264092675
8437.49618778446 0.43879181542484885
8442.496161490191 0.44641629811395783
8447.496135195926 0.4484250965981224
8452.49610890166 0.45124111666053546
8457.496082607391 0.4554677332094564
8462.496056313126 0.45596949121647107
8467.49603001886 0.45598040053351424
8472.496003724595 0.458067616826303
8477.495977430328 0.46103526984984744
8482.49595113606 0.4616723213583474
8487.495924841794 0.46090754029275
8492.495898547528 0.4593592604535993
8497.495872253263 0.4583515406424636
8502.495845958994 0.4584671353348399
8507.49581966473 0.45835283280409544
8512.495793370463 0.456691706860263
8517.495767076196 0.45660553413191457
8522.49574078193 0.4579479909405204
8527.495714487663 0.4589277522908408
8532.495688193398 0.4567542896987692
8537.495661899131 0.45449214545045974
8542.495635604864 0.4554940169063073
8547.495609310598 0.45874376634592395
8552.49558301633 0.45874391999612696
8557.495556722066 0.45717710007140994
8562.4955304278 0.45706457489576624
8567.495504133532 0.45406623683079983
8572.495477839266 0.4555734834798536
8577.495451544999 0.4583238359391553
8582.495425250734 0.45896151893293863
8587.495398956466 0.45640148658394464
8592.4953726622 0.4557516515649232
8597.495346367934 0.4584594328368755
8602.495320073669 0.4621066034119329
8607.4952937794 0.46006189306120937
8612.495267485134 0.46170585966574473
8617.495241190869 0.4633326946452347
8622.495214896602 0.46198974887684213
8627.495188602337 0.4605616000568481
8632.495162308069 0.45746557324427833
8637.495136013802 0.4619416697099179
8642.495109719537 0.4685715039184451
8647.49508342527 0.4694244288568981
8652.495057131004 0.4709561467013851
8657.495030836737 0.47111969124511194
8662.495004542472 0.4695566724444644
8667.494978248205 0.46604980232303794
8672.494951953937 0.46541927618137313
8677.494925659672 0.4694042202104564
8682.494899365405 0.4716543302038408
8687.49487307114 0.4641871925386997
8692.494846776872 0.4610957796633245
8697.494820482607 0.46474938499509044
8702.49479418834 0.47068697213778327
8707.494767894073 0.47299076434006293
8712.494741599809 0.4675244606306842
8717.49471530554 0.46935504575205295
8722.494689011275 0.4667084901009827
8727.494662717008 0.45469987558434427
8732.49463642274 0.4571237857312779
8737.494610128475 0.4663469910849328
8742.494583834208 0.4681605600211707
8747.494557539943 0.4630142018389398
8752.494531245677 0.47269579499179626
8757.49450495141 0.4572934580771171
8762.494478657143 0.4472462329608791
8767.494452362876 0.45454337030044767
8772.494426068612 0.46234816529818445
8777.494399774343 0.47240002337814563
8782.494373480078 0.4723319022883217
8787.494347185811 0.46203475846869885
8792.494320891545 0.45700262497278804
8797.49429459728 0.4570979113639436
8802.494268303011 0.4575145314251681
8807.494242008746 0.4582662309761123
8812.49421571448 0.4589928530542855
8817.494189420215 0.4597618447235908
8822.494163125946 0.46079271768468094
8827.49413683168 0.4630365680577033
8832.494110537415 0.46399499442456993
8837.494084243148 0.46429168023568046
8842.494057948881 0.465231922562296
8847.494031654614 0.4666463863639552
8852.49400536035 0.4674117746965866
8857.493979066083 0.4675990864314818
8862.493952771814 0.46770342268819975
8867.49392647755 0.46908049756985715
8872.493900183283 0.4697427313009125
8877.493873889018 0.4698150048733963
8882.49384759475 0.4688312382015084
8887.493821300483 0.47055604894059977
8892.493795006218 0.47080338855591003
8897.49376871195 0.47031401047962307
8902.493742417686 0.4704771935742537
8907.493716123417 0.4712170191257605
8912.493689829153 0.4717397709054527
8917.493663534886 0.47148452692775383
8922.49363724062 0.47168376869367296
8927.493610946352 0.4720061349116453
8932.493584652086 0.4678970917523741
8937.49355835782 0.4696297032145345
8942.493532063554 0.46806892098880093
8947.493505769286 0.4680119231884732
8952.49347947502 0.46496064281848637
8957.493453180754 0.4580967198491926
8962.493426886489 0.4593447433754807
8967.49340059222 0.4432695218921778
8972.493374297956 0.45069515883516986
8977.493348003689 0.4540378737396343
8982.493321709422 0.44849933923915997
8987.493295415157 0.4496987301647147
8992.493269120889 0.3952050339069241
8997.493242826624 0.4704274753220844
9002.493216532357 0.4386010160629935
9007.493190238092 0.4395839903252448
9012.493163943824 0.4431721639024081
9017.493137649557 0.4324269014148141
9022.493111355292 0.4653416817290149
9027.493085061025 0.42757801558323427
9032.49305876676 0.46025715900313846
9037.493032472492 0.47208835605534477
9042.493006178225 0.46542023914135333
9047.49297988396 0.46340821247105257
9052.492953589692 0.46960309146370105
9057.492927295427 0.46164625904613343
9062.49290100116 0.4622834440753451
9067.492874706895 0.4608283017034219
9072.492848412629 0.4123468421073388
9077.49282211836 0.4603510813681987
9082.492795824095 0.4336874937986341
9087.492769529828 0.445373384778627
9092.492743235563 0.4638072057566846
9097.492716941295 0.4587363571765531
9102.492690647028 0.440407330545954
9107.492664352763 0.4439003687456363
9112.492638058497 0.46554859331903375
9117.49261176423 0.4683247061429501
9122.492585469963 0.4417524827554044
9127.492559175698 0.4713950206356173
9132.492532881432 0.430296709115008
9137.492506587163 0.42513187680282244
9142.492480292898 0.47505425671481866
9147.492453998631 0.46994733935591537
9152.492427704366 0.4628814502607678
9157.4924014101 0.4102445868817607
9162.492375115833 0.47053216083867677
9167.492348821566 0.47643003037673
9172.4923225273 0.46924563129013036
9177.492296233035 0.4289489663656512
9182.492269938766 0.4750608339650104
9187.492243644501 0.46440750451651575
9192.492217350235 0.48298622485327475
9197.492191055968 0.46238122904876483
9202.492164761701 0.48543535307443375
9207.492138467434 0.4801587086921045
9212.49211217317 0.47941572880022587
9217.492085878903 0.45919197147976837
9222.492059584638 0.4729236203548588
9227.49203329037 0.46332393384967013
9232.492006996103 0.45431102692707004
9237.491980701838 0.4376175294451208
9242.49195440757 0.4202390767958626
9247.491928113304 0.39421334589615403
9252.491901819038 0.37540075452787436
9257.49187552477 0.35181232197023743
9262.491849230506 0.3143558417424365
9267.491822936237 0.28859912460779785
9272.491796641973 0.2538668048430998
9277.491770347706 0.21536126104183495
9282.491744053441 0.17496576722250237
9287.491717759172 0.14992347614225082
9292.491691464906 0.12691314485592176
9297.49166517064 0.09889811956182223
9302.491638876374 0.07491996733375807
9307.49161258211 0.06521342480886333
9312.49158628784 0.044144821483722146
9317.491559993576 0.03292269744074405
9322.491533699309 0.03027824429262606
9327.49150740504 0.018846591427964594
9332.491481110776 0.01846850587900198
9337.491454816509 0.01162458027667932
9342.491428522244 0.010373004448594675
9347.491402227977 0.005197394419429552
9352.491375933709 0.008525448280034952
9357.491349639444 0.004520218215535228
9362.491323345177 0.003909977882697261
9367.491297050912 0.0036979538019162616
9372.491270756644 0.00249206705625066
9377.491244462379 0.0029414425203585564
9382.491218168112 0.0016345726226747132
9387.491191873845 0.0018972802234334554
9392.49116557958 0.0018384766550409448
9397.491139285312 0.0016200495114291127
9402.491112991047 0.00119655840118583
9407.49108669678 0.0010966572767392908
9412.491060402514 0.0008675426348091628
9417.491034108247 0.0009201254702449165
9422.49100781398 0.0007164154683482608
9427.490981519715 0.0006149193039276172
9432.490955225448 0.00042644073656146464
9437.490928931182 0.00047943858941477236
9442.490902636915 0.0002121504328910473
9447.490876342648 0.0002811804786076489
9452.490850048383 0.0003104924442398265
9457.490823754115 0.0002473981783018697
9462.49079745985 0.00022406753342160763
9467.490771165583 0.00024734024100738373
9472.490744871318 0.00019964094113287777
9477.49071857705 0.00020027973571815844
9482.490692282783 0.0001412189238568797
9487.490665988518 0.00011354330284045015
9492.490639694252 9.489204771977617e-05
9497.490613399987 8.372064970026069e-05
9502.490587105718 8.663441987746534e-05
9507.490560811451 0.00014796321114047363
9512.490534517186 0.00014862992918254143
9517.49050822292 0.00010168262149956746
9522.490481928653 8.374960682751825e-05
9527.490455634386 0.0001012478980336282
9532.490429340121 9.799871645300825e-05
9537.490403045855 9.121963988658727e-05
9542.490376751586 9.189971133381731e-05
9547.490350457321 8.014156622397753e-05
9552.490324163055 9.681246761715181e-05
9557.49029786879 6.476300828145937e-05
9562.490271574521 5.8815430218591626e-05
9567.490245280256 2.338086539765339e-05
9572.49021898599 2.3854187866543268e-05
9577.490192691723 4.726059936983826e-05
9582.490166397458 6.332547917305325e-05
9587.49014010319 0.00011971315708503058
9592.490113808924 9.087252882801874e-05
9597.490087514658 6.265663645394038e-05
9602.49006122039 4.762269405182451e-05
9607.490034926124 5.8307421009374176e-05
9612.490008631858 5.189379634094252e-05
9617.489982337593 1.7276208109555635e-05
9622.489956043326 6.569317390434868e-11
9627.489929749061 0.0
9632.489903454793 2.0455064790342128e-05
9637.489877160526 5.482083782344141e-05
9642.48985086626 7.805417292759514e-05
9647.489824571992 7.941291176773582e-05
9652.489798277727 9.266341918912488e-05
9657.48977198346 8.623662921402224e-05
9662.489745689194 6.577027001440812e-05
9667.48971939493 3.397169258783019e-05
9672.48969310066 2.0580474418494723e-05
9677.489666806396 2.507286981919739e-05
9682.489640512129 2.9446979130244228e-05
9687.489614217864 4.12545509560898e-05
9692.489587923596 3.568334448019691e-05
9697.489561629329 1.4723905264780077e-05
9702.489535335064 2.951380793402102e-06
9707.489509040797 1.0371034123427562e-06
9712.48948274653 3.1400653933864824e-06
9717.489456452264 9.096607943911544e-06
9722.489430157997 1.2779977726918771e-05
9727.489403863732 1.2215644939981712e-05
9732.489377569464 1.0461679911445201e-05
9737.489351275199 6.012092897415702e-06
9742.489324980932 2.197174027249995e-05
9747.489298686667 5.546155279971772e-05
9752.4892723924 6.449467489554842e-05
9757.489246098132 4.857379616400341e-05
9762.489219803867 5.752615406621456e-05
9767.4891935096 9.245476397438897e-05
9772.489167215335 9.48172738937692e-05
9777.489140921067 5.312080989864862e-05
9782.489114626802 3.230085835718005e-05
9787.489088332535 3.048726724191586e-05
9792.489062038268 4.0238110525223546e-05
9797.489035744002 6.0349666273395994e-05
9802.489009449735 6.636978910823014e-05
9807.48898315547 6.16092507389694e-05
9812.488956861203 6.583686314865656e-05
9817.488930566935 7.983606521477286e-05
9822.48890427267 8.71964200608292e-05
9827.488877978403 8.607105080918218e-05
9832.488851684138 7.324894058593008e-05
9837.48882538987 4.44227578496447e-05
9842.488799095605 5.9098599608478506e-05
9847.488772801338 0.00011754729745430849
9852.488746507071 0.00011007525324984861
9857.488720212807 3.7372913376021756e-05
9862.488693918538 1.4136146221842084e-10
9867.488667624273 0.0
9872.488641330006 4.576739040941756e-06
9877.48861503574 1.3773638093561439e-05
9882.488588741473 4.0037493026778525e-05
9887.488562447206 8.346310269536748e-05
9892.488536152941 9.907941572135479e-05
9897.488509858675 8.646913840086282e-05
9902.48848356441 7.63460148291228e-05
9907.488457270141 6.922331724788158e-05
9912.488430975875 7.672982798245893e-05
9917.48840468161 9.959439122648632e-05
9922.488378387341 8.344880112117167e-05
9927.488352093076 2.7938559904451605e-05
9932.48832579881 2.3922211302579853e-05
9937.488299504545 7.209900269767137e-05
9942.488273210278 8.750287603734698e-05
9947.48824691601 6.978842442316578e-05
9952.488220621744 4.573694133749472e-05
9957.488194327478 1.5312603255934276e-05
9962.488168033213 3.667564311165734e-05
9967.488141738944 0.00011050621314902908
9972.488115444678 0.0001109060218743846
9977.488089150413 3.710785347757652e-05
9982.488062856146 1.51981907567581e-05
9987.488036561881 4.571961478110467e-05
9992.488010267612 4.866892261353291e-05
9997.487983973348 2.3713790555198393e-05
10002.48795767908 8.416968548917057e-06
10007.487931384812 2.8209280708884303e-06
10012.487905090547 3.4277595181498972e-06
10017.487878796283 1.0285854386233322e-05
10022.487852502016 1.0350228432460341e-05
10027.48782620775 3.466999793255871e-06
10032.48779991348 1.5268449437210752e-05
10037.487773619216 4.5936945802074275e-05
10042.48774732495 7.282702101039259e-05
10047.487721030684 9.595937597894616e-05
10052.487694736416 8.510365853785968e-05
10057.487668442149 3.998620558223055e-05
10062.487642147884 1.4245057765960748e-05
10067.487615853619 7.904741582440218e-06
10072.48758955935 4.682398576464337e-05
10077.487563265084 0.00013139531151483877
10082.487536970817 0.0001543994890894015
10087.487510676552 0.00011613811420695787
10092.487484382287 9.555613650530248e-05
10097.487458088019 9.296122120396622e-05
10102.487431793752 6.892777246086277e-05
10107.487405499487 2.3063349632886346e-05
10112.48737920522 1.6760534314802414e-10
10117.487352910954 0.0
10122.487326616687 0.0
10127.48730032242 0.0
10132.487274028155 1.8965986249055076e-05
10137.48724773389 5.703468672636437e-05
10142.487221439622 6.537445484528213e-05
10147.487195145355 4.382963253380016e-05
10152.487168851088 2.4926064208345758e-05
10157.487142556822 8.717627475670637e-06
10162.487116262557 4.559613218638125e-07
10167.48708996829 1.5227994164632932e-07
10172.487063674023 8.028070172253149e-06
10177.487037379755 2.416257078546598e-05
10182.48701108549 6.686374771290662e-05
10187.486984791225 0.00013640861922519158
10192.486958496958 0.00013247554634864269
10197.48693220269 5.5014134513361284e-05
10202.486905908423 1.206230609316564e-05
10207.486879614158 4.030845317317239e-06
10212.486853319893 5.470255812451659e-05
10217.486827025627 0.0001644677316978872
10222.486800731358 0.00016692363589969
10227.486774437093 6.0762066041936506e-05
10232.486748142828 6.263149998458857e-06
10237.486721848562 3.8112745315988827e-06
10242.486695554293 4.168905853753138e-06
10247.486669260026 7.34530508110898e-06
10252.486642965761 6.712535675756611e-06
10257.486616671496 2.2432090511865902e-06
10262.48659037723 1.2511097848778818e-11
10267.486564082961 0.0
10272.486537788694 0.0
10277.48651149443 0.0
10282.486485200165 1.8413454018830854e-05
10287.486458905896 5.541473300023077e-05
10292.48643261163 5.55895420792245e-05
10297.486406317363 1.8592496792637868e-05
10302.486380023098 1.125346925695722e-05
10307.486353728831 3.38933869226036e-05
10312.486327434564 3.400796072897859e-05
10317.486301140298 1.1380403071392423e-05
10322.486274846033 2.6895648812582184e-05
10327.486248551768 8.092104943714025e-05
10332.4862222575 8.118524475465439e-05
10337.486195963233 2.7166336305746076e-05
10342.486169668966 1.833216456551615e-05
10347.4861433747 5.518072606681173e-05
10352.486117080434 5.536492710460209e-05
10357.486090786168 1.8516362336217847e-05
10362.4860644919 3.2960993218617028e-06
10367.486038197632 9.930370797576107e-06
10372.486011903367 3.197733174686969e-05
10377.485985609102 6.964098560773242e-05
10382.485959314836 7.308254434506288e-05
10387.485933020569 4.184228235433625e-05
10392.4859067263 3.310623728793871e-05
10397.485880432036 4.718508542259752e-05
10402.48585413777 6.0436592434776335e-05
10407.485827843504 7.285469149373554e-05
10412.485801549235 7.026748498901725e-05
10417.48577525497 5.249441115662976e-05
10422.485748960704 3.767260145897138e-05
10427.485722666439 2.5828097112342e-05
10432.48569637217 1.4928915669055646e-05
10437.485670077904 4.998545910593583e-06
10442.485643783639 2.5993861352227194e-05
10447.485617489374 7.83971132914188e-05
10452.485591195107 8.016920442832819e-05
10457.485564900839 3.052237917569727e-05
10462.485538606572 2.780485645147455e-05
10467.485512312307 7.269218569199322e-05
10472.485486018042 9.912526071448589e-05
10477.485459723774 0.00010687173395011101
10482.485433429507 8.65835218628519e-05
10487.48540713524 3.7776533938987315e-05
10492.485380840975 2.3702794988491352e-05
10497.48535454671 4.50039038247247e-05
10502.485328252442 4.193018401020089e-05
10507.485301958175 1.4054523954821078e-05
10512.485275663908 1.1234404258638454e-10
10517.485249369645 0.0
10522.485223075377 1.9072761761585325e-05
10527.48519678111 5.752502704590392e-05
10532.485170486843 8.592138275725927e-05
10537.485144192578 0.00010408969316912075
10542.485117898312 0.0001069481640498654
10547.485091604045 9.423444553410255e-05
10552.485065309778 0.00010336078653725437
10557.48503901551 0.00013469405089234634
10562.485012721245 0.00011782065289763282
10567.48498642698 5.192467058208997e-05
10572.484960132713 1.408857744783404e-05
10577.484933838447 4.727480605976121e-06
10582.484907544178 1.6916651082666295e-05
10587.484881249913 5.1078135660899324e-05
10592.484854955648 6.441692652539108e-05
10597.484828661381 5.6597093591363657e-05
10602.484802367113 5.6636664917980265e-05
10607.484776072846 6.468054852971278e-05
10612.484749778581 5.170581414506216e-05
10617.484723484316 1.7347278939856075e-05
10622.48469719005 2.5060435386412606e-05
10627.484670895781 7.560399090110951e-05
10632.484644601514 0.00011827525796209433
10637.484618307251 0.00015303490418622473
10642.484592012985 0.00014150678831415984
10647.484565718716 8.297365735624688e-05
10652.48453942445 4.058069562786435e-05
10657.484513130184 1.4567657031481306e-05
10662.48448683592 1.8412063869427104e-05
10667.484460541651 5.258008703079703e-05
10672.484434247384 7.38024776960651e-05
10677.484407953118 8.187615822252848e-05
10682.484381658853 6.468820300654598e-05
10687.484355364588 2.1676692214173833e-05
10692.48432907032 2.9361173819644244e-05
10697.484302776053 8.869442800815458e-05
10702.484276481786 0.0001252312551201275
10707.48425018752 0.00013897209669776355
10712.484223893254 0.00012838360326967484
10717.484197598988 9.312619477590899e-05
10722.48417130472 7.940754506807442e-05
10727.484145010452 8.74238173494024e-05
10732.484118716191 8.223745686938051e-05
10737.484092421922 6.335990735872635e-05
10742.484066127656 4.8479675604901174e-05
10747.484039833389 3.7395781614687744e-05
10752.484013539122 7.090825216364221e-05
10757.483987244857 0.00014861316347560967
10762.48396095059 0.00014090299787868744
10767.483934656324 4.717634027162035e-05
10772.483908362055 4.987869082189059e-06
10777.48388206779 1.514573085528775e-05
10782.483855773526 5.3464044256549395e-05
10787.483829479259 0.00012054647377960829
10792.48380318499 0.00012601943898545115
10797.483776890724 6.947519766024674e-05
10802.483750596459 5.415157925333623e-05
10807.483724302194 8.122380423365083e-05
10812.483698007927 8.643267805934493e-05
10817.483671713659 7.082036802349786e-05
10822.483645419392 0.0001057998568038614
10827.483619125129 0.00019167801867352925
10832.483592830862 0.00018879263090586687
10837.483566536594 9.591980589915324e-05
10842.483540242327 5.53731527912025e-05
10847.483513948062 6.288329681797706e-05
10852.483487653797 5.376614188260575e-05
10857.48346135953 2.7849479406343207e-05
10862.483435065262 1.071767551040137e-05
10867.483408770995 3.7035135936358162e-06
10872.48338247673 1.3725566040947397e-05
10877.483356182465 4.128552024719569e-05
10882.483329888197 9.472988869204013e-05
10887.48330359393 0.00017356703058084682
10892.483277299663 0.00015877892379149346
10897.483251005398 5.28636035634224e-05
10902.483224711132 7.311711819919268e-07
10907.483198416865 2.249967691163162e-06
10912.483172122598 2.2596391698010234e-06
10917.48314582833 7.530316812837304e-07
10922.483119534065 8.763793640552255e-12
10927.4830932398 0.0
10932.483066945533 1.5122773254156603e-05
10937.483040651266 4.538815958401212e-05
10942.483014357 5.815537545405438e-05
10947.482988062735 5.1729711777662274e-05
10952.482961768468 3.780408089246249e-05
10957.482935474201 1.2485512242063931e-05
10962.482909179933 1.2142406700624396e-05
10967.482882885668 3.68109644853467e-05
10972.482856591403 4.761116774720314e-05
10977.482830297136 4.349717614180047e-05
10982.48280400287 3.2014759389698234e-05
10987.482777708601 1.0564793208061375e-05
10992.482751414336 1.07791022417116e-10
10997.482725120071 0.0
11002.482698825805 1.5430348370128006e-05
11007.482672531536 4.504852977763998e-05
11012.48264623727 4.535636018549108e-05
11017.482619943004 1.6849276448638423e-05
11022.48259364874 1.7379692754411974e-06
11027.482567354471 5.71817649682376e-07
11032.482541060204 1.0361970824715812e-05
11037.482514765938 3.1254652119344224e-05
11042.482488471675 3.5833690982357955e-05
11047.482462177408 3.094925017125694e-05
11052.48243588314 2.591117789521287e-05
11057.482409588873 2.0855715636378237e-05
11062.482383294608 2.0205689541608162e-05
11067.482357000343 2.439076759818648e-05
11072.482330706074 4.124900610256339e-05
11077.482304411807 6.89286743179162e-05
11082.48227811754 5.783071836268903e-05
11087.482251823276 1.8962069123103433e-05
11092.482225529011 2.9499994696936574e-10
11097.482199234742 0.0
11102.482172940476 0.0
11107.482146646209 0.0
11112.482120351942 0.0
11117.482094057677 0.0
11122.48206776341 9.274104986950128e-06
11127.482041469144 2.699385498960535e-05
11132.482015174875 2.843651535812214e-05
11137.481988880612 2.644978230819106e-05
11142.481962586346 2.2765984995954433e-05
11147.481936292079 7.4168778905730366e-06
11152.48190999781 1.4808356387223831e-06
11157.481883703545 5.469434211637513e-06
11162.48185740928 4.4167333551681695e-06
11167.481831115014 8.057885424538816e-07
11172.481804820747 2.4664708302231904e-11
11177.481778526479 0.0
11182.481752232214 4.32110733955222e-07
11187.481725937949 1.5230574940091076e-06
11192.481699643682 1.0857538786629026e-06
11197.481673349414 5.248895348560534e-07
11202.481647055147 2.379059710359703e-13
11207.481620760882 0.0
11212.481594466617 0.0
11217.48156817235 0.0
11222.481541878082 0.0
11227.481515583815 0.0
11232.48148928955 0.0
11237.481462995285 0.0
11242.481436701017 0.0
11247.48141040675 0.0
11252.481384112485 0.0
11257.48135781822 0.0
11262.481331523952 5.648910773509992e-06
11267.481305229685 2.512477733355755e-05
11272.481278935418 2.211730334773379e-05
11277.481252641153 6.30333566090592e-06
11282.481226346888 7.442112079037707e-11
11287.48120005262 0.0
11292.481173758353 4.5232615919914305e-06
11297.481147464086 9.373860677267765e-06
11302.48112116982 1.1380950498735522e-05
11307.481094875555 5.1231406045502636e-06
11312.481068581288 5.76956490813582e-11
11317.481042287021 0.0
11322.481015992753 0.0
11327.480989698488 0.0
11332.480963404223 0.0
11337.480937109956 0.0
11342.48091081569 7.994612408152154e-07
11347.480884521421 2.416796172367239e-07
11352.480858227158 2.8852939691721224e-06
11357.480831932891 5.668878087030251e-06
11362.480805638625 2.7199920912966284e-06
11367.480779344356 1.610456215148078e-06
11372.480753050091 2.0418811843872517e-07
11377.480726755826 5.023624426515388e-07
11382.48070046156 2.3778638225956535e-06
11387.480674167291 5.1980210836421115e-06
11392.480647873024 6.389495629178876e-06
11397.48062157876 2.344072131798581e-06
11402.480595284494 1.4823645619221684e-06
11407.480568990228 2.107764946897834e-06
11412.48054269596 2.6233208016382706e-06
11417.480516401693 6.327018307207695e-07
11422.480490107428 4.247658477463531e-07
11427.480463813163 1.3511597158190124e-06
11432.480437518894 1.6398607462288949e-06
11437.480411224627 8.76714573382613e-07
11442.48038493036 3.9180953130655663e-07
11447.480358636098 1.8774555814381916e-07
11452.480332341831 1.3806371184408777e-13
11457.480306047562 0.0
11462.480279753296 0.0
11467.48025345903 0.0
11472.480227164766 4.0678304642261494e-07
11477.480200870497 1.5929481291788675e-06
11482.48017457623 2.028924099847078e-06
11487.480148281964 6.003389986714041e-07
11492.480121987699 2.003625882994081e-06
11497.480095693432 3.1883421556108824e-06
11502.480069399166 4.736569339106456e-06
11507.480043104899 1.7597801694325332e-06
11512.48001681063 1.4153993663991804e-06
11517.479990516365 5.197169963268639e-06
11522.4799642221 4.118459200125105e-06
11527.479937927834 8.742082503952595e-07
11532.479911633567 3.972156327379163e-07
11537.479885339299 1.0313703951939467e-06
11542.479859045035 1.0661015442710708e-06
11547.479832750769 1.2441689939765311e-06
11552.479806456502 8.57922770388597e-07
11557.479780162234 2.5378790423094075e-07
11562.479753867969 1.8490777027023876e-07
11567.479727573704 5.520630938010894e-07
11572.479701279437 1.059171612610925e-06
11577.47967498517 1.5454749890798054e-06
11582.479648690902 1.7227290776892773e-06
11587.479622396637 5.554681637062176e-07
11592.479596102372 6.720532081203048e-07
11597.479569808105 1.9156880409942383e-06
11602.479543513837 1.7625813908827834e-06
11607.47951721957 6.623996921395611e-07
11612.479490925305 5.226934768466485e-07
11617.47946463104 1.7124140470059501e-06
11622.479438336772 1.5876101144840504e-06
11627.479412042505 5.698983362509546e-07
11632.479385748238 1.9468116043627612e-06
11637.479359453973 5.519160103275423e-06
11642.479333159708 5.869403471211519e-06
11647.47930686544 1.966132772346123e-06
11652.479280571173 1.0703984415844097e-06
11657.479254276906 3.1337664485977726e-06
11662.479227982643 4.325872078819993e-06
11667.479201688375 3.890545374663372e-06
11672.479175394108 3.913449917190474e-06
11677.479149099841 4.0518941439934355e-06
11682.479122805576 3.79400834949597e-06
11687.47909651131 3.2186966714874896e-06
11692.479070217043 3.8010164214211535e-06
11697.479043922776 5.846792897716681e-06
11702.47901762851 5.067503719479952e-06
11707.478991334243 1.688084614253626e-06
11712.478965039978 2.815102648344778e-11
11717.478938745711 0.0
11722.478912451445 0.0
11727.478886157176 0.0
11732.478859862911 4.730117275606637e-07
11737.478833568646 1.2986498823573262e-06
11742.47880727438 1.7917252079317214e-06
11747.478780980111 2.0592983664773748e-06
11752.478754685844 2.8845862360795833e-06
11757.478728391581 4.822942981263623e-06
11762.478702097314 4.996602074243128e-06
11767.478675803048 3.3075269171688147e-06
11772.47864950878 1.8395059709371869e-06
11777.478623214514 5.451025716388746e-07
11782.47859692025 1.0051925378630918e-11
11787.478570625983 0.0
11792.478544331714 0.0
11797.478518037447 0.0
11802.478491743183 0.0
11807.478465448918 0.0
11812.478439154651 0.0
11817.478412860382 0.0
11822.478386566116 5.882236677155094e-07
11827.47836027185 1.8449627918627252e-06
11832.478333977586 2.4202909061577635e-06
11837.478307683317 2.202083566155296e-06
11842.47828138905 3.1869444969198977e-06
11847.478255094784 5.787564323373555e-06
11852.47822880052 5.732377521633133e-06
11857.478202506252 3.375736714671399e-06
11862.478176211986 1.5420666047857954e-06
11867.478149917719 5.047626391739837e-07
11872.478123623454 1.1918330080921132e-06
11877.478097329189 3.3409890661738355e-06
11882.47807103492 3.3398320628720143e-06
11887.478044740654 1.1692374998910983e-06
11892.478018446387 3.079834959909183e-07
11897.47799215212 9.529086801212971e-07
11902.477965857855 1.8572413491860001e-06
11907.477939563589 3.108094768741956e-06
11912.477913269322 3.515603116405573e-06
11917.477886975053 3.010111115586005e-06
11922.477860680789 2.4288304986189073e-06
11927.477834386524 1.6334864987374701e-06
11932.477808092257 1.9539331649952824e-06
11937.47778179799 3.627574877794256e-06
11942.477755503722 3.3786609473628637e-06
11947.477729209457 1.1289523157275721e-06
11952.477702915192 5.924300262261921e-07
11957.477676620925 1.772041915315892e-06
11962.477650326657 2.4219026681089746e-06
11967.47762403239 2.4968199950101057e-06
11972.477597738127 2.4246351640764237e-06
11977.47757144386 2.1180577085380485e-06
11982.477545149592 1.5725555751368264e-06
11987.477518855325 4.961161163641361e-07
11992.47749256106 2.0609475166891198e-06
11997.477466266795 6.310070906086669e-06
12002.477439972528 8.378523064796657e-06
12007.47741367826 8.388922839426475e-06
12012.477387383993 6.8795824914855695e-06
12017.477361089728 3.630063750018951e-06
12022.477334795463 1.6320432623006622e-06
12027.477308501195 5.44561832562619e-07
12032.477282206928 7.878111295050975e-08
12037.477255912661 2.135784903139001e-07
12042.477229618396 3.08665646575938e-07
12047.47720332413 2.9812196901600275e-07
12052.477177029863 7.3850410330078e-07
12057.477150735596 1.7087901646502223e-06
12062.47712444133 1.6477785845238127e-06
12067.477098147066 5.439775789821927e-07
12072.477071852798 4.264333720139382e-07
12077.477045558531 1.3375307228475149e-06
12082.477019264265 2.042258409350528e-06
12087.47699297 2.7272563605386187e-06
12092.476966675733 2.2020326382391956e-06
12097.476940381466 7.700106983994523e-07
12102.4769140872 1.1869676616358556e-11
12107.476887792931 0.0
12112.476861498666 0.0
12117.476835204401 0.0
12122.476808910134 3.296378705508049e-07
12127.476782615868 1.0267678125602926e-06
12132.4767563216 2.0836613424165973e-06
12137.476730027334 3.4923495623631218e-06
12142.47670373307 3.2338046673327873e-06
12147.476677438803 1.4027019104400496e-06
12152.476651144534 5.09508850866865e-07
12157.476624850267 5.778231854764695e-07
12162.476598556004 3.0195775982191695e-06
12167.476572261738 7.8743890491743e-06
12172.47654596747 7.927563211891604e-06
12177.476519673202 2.64407475299078e-06
12182.476493378937 7.135434827643402e-11
12187.476467084673 0.0
12192.476440790406 0.0
12197.476414496137 0.0
12202.47638820187 8.224303420665192e-07
12207.476361907606 2.520735726083613e-06
12212.47633561334 3.332749072928484e-06
12217.476309319072 3.2470975492097293e-06
12222.476283024806 2.494282438671196e-06
12227.476256730539 8.278529826753043e-07
12232.476230436274 7.193885127271957e-07
12237.476204142009 2.133294312890825e-06
12242.47617784774 2.154821088791846e-06
12247.476151553474 7.270058479471523e-07
12252.476125259207 1.078275841055084e-06
12257.47609896494 3.3354412978686933e-06
12262.476072670675 4.740136084466021e-06
12267.476046376409 5.301012469088746e-06
12272.476020082142 5.328955297705297e-06
12277.475993787873 5.038761274306146e-06
12282.47596749361 3.923699489541782e-06
12287.475941199344 2.009402358127701e-06
12292.475914905077 1.5812295570440306e-06
12297.47588861081 2.627510371611859e-06
12302.475862316543 4.472852690167815e-06
12307.475836022279 7.147612367671999e-06
12312.475809728012 7.940313273074775e-06
12317.475783433745 6.826603790263139e-06
12322.475757139477 4.7235725035604375e-06
12327.475730845212 1.5787985610806352e-06
12332.475704550947 6.531581205261586e-07
12337.47567825668 1.9892198850715285e-06
12342.475651962412 2.0032156235204706e-06
12347.475625668145 6.724190382264316e-07
12352.47559937388 1.00589680349738e-06
12357.475573079615 3.0370911652177046e-06
12362.475546785348 4.341018878859957e-06
12367.47552049108 4.887742376891465e-06
12372.475494196813 4.6293109689377644e-06
12377.47546790255 3.51740596113838e-06
12382.475441608283 5.696842400718505e-06
12387.475415314015 1.1229020401010585e-05
12392.475389019748 1.1386997777865165e-05
12397.475362725483 6.050610035243962e-06
12402.475336431218 2.524749101610964e-06
12407.47531013695 8.458533103397335e-07
12412.475283842683 2.0515283607029438e-11
12417.475257548416 0.0
12422.475231254151 7.473597958908483e-07
12427.475204959886 2.2732607198244365e-06
12432.475178665618 2.2876998617745646e-06
12437.475152371351 7.607191759401253e-07
12442.475126077084 1.3463878467019902e-07
12447.47509978282 4.098996858847549e-07
12452.475073488553 4.124197121730467e-07
12457.475047194286 1.3715165403831487e-07
12462.47502090002 1.6012370947413566e-06
12467.47499460575 4.834074133305988e-06
12472.47496831149 7.265926319351514e-06
12477.474942017221 8.864181533378238e-06
12482.474915722954 7.253756510144206e-06
12487.474889428688 2.4381235886045986e-06
12492.474863134421 5.5218441306737424e-11
12497.474836840156 0.0
12502.47481054589 2.825005444575826e-07
12507.474784251623 8.529743387224785e-07
12512.474757957354 2.8734660068250527e-06
12517.47473166309 6.4080842574984514e-06
12522.474705368824 6.679811051892552e-06
12527.474679074558 3.6360554436219603e-06
12532.474652780289 2.0357642576775767e-06
12537.474626486022 1.7220016492170875e-06
12542.474600191757 1.1558623060028245e-06
12547.474573897493 3.9453228720515727e-07
12552.474547603226 8.628110957789652e-08
12557.474521308957 2.565560065965968e-07
12562.47449501469 1.5647286061754612e-06
12567.474468720426 3.979377569226744e-06
12572.47444242616 5.057087866589427e-06
12577.474416131892 5.240313962682279e-06
12582.474389837625 3.941889662610993e-06
12587.474363543359 1.3100450130611008e-06
12592.474337249096 4.098566949640939e-11
12597.474310954829 0.0
12602.47428466056 9.093035866195957e-07
12607.474258366294 2.66882941533608e-06
12612.474232072029 4.0393317146687605e-06
12617.474205777764 4.909733474850483e-06
12622.474179483495 4.695989785679457e-06
12627.474153189229 3.220076469173859e-06
12632.474126894962 2.1466265142708157e-06
12637.474100600697 7.003088703262888e-07
12642.47407430643 1.6068968372796312e-07
12647.474048012164 5.282865059319776e-07
12652.474021717897 1.8982120197663475e-06
12657.473995423628 4.238466337498014e-06
12662.473969129363 4.560051017536901e-06
12667.473942835099 3.239512146081728e-06
12672.473916540832 2.093496597204336e-06
12677.473890246565 6.765250966242762e-07
12682.473863952297 1.599186027424716e-11
12687.473837658034 0.0
12692.473811363767 0.0
12697.4737850695 0.0
12702.473758775232 0.0
12707.473732480967 0.0
12712.473706186702 0.0
12717.473679892435 0.0
12722.473653598168 0.0
12727.4736273039 0.0
12732.473601009635 2.2972910678623396e-06
12737.47357471537 6.736768484672429e-06
12742.473548421103 8.645183159165373e-06
12747.473522126835 8.127485454185362e-06
12752.473495832568 6.845733904115417e-06
12757.473469538303 4.940423498149304e-06
12762.473443244038 2.92580824721609e-06
12767.47341694977 1.074580963314423e-06
12772.473390655503 5.376806377239948e-07
12777.473364361236 1.5126486420609391e-06
12782.473338066973 2.1846434962880704e-06
12787.473311772706 2.7010660953203273e-06
12792.473285478438 2.7405628149215817e-06
12797.473259184171 2.3292205519908026e-06
12802.473232889906 1.5913985183537536e-06
12807.473206595641 5.366289236915352e-07
12812.473180301373 2.3453291701905057e-06
12817.473154007106 7.069613530152342e-06
12822.47312771284 7.65296472341717e-06
12827.473101418575 4.16577091701107e-06
12832.47307512431 3.1064913075949464e-06
12837.473048830041 4.578576068292872e-06
12842.473022535774 3.993508421542536e-06
12847.472996241508 1.3230567637426436e-06
12852.472969947241 5.466605855425733e-07
12857.472943652976 1.6661030830788699e-06
12862.47291735871 2.3585759519942497e-06
12867.472891064443 2.5811261137735523e-06
12872.472864770174 2.038850369556489e-06
12877.47283847591 6.86899417595399e-07
12882.472812181644 2.2395624637174433e-11
12887.472785887378 0.0
12892.472759593109 0.0
12897.472733298844 0.0
12902.47270700458 6.931315377359105e-07
12907.472680710312 2.1097032477982586e-06
12912.472654416046 2.7654554024450928e-06
12917.472628121777 2.5795560438694333e-06
12922.472601827512 2.324529195199878e-06
12927.472575533247 1.9068408975094233e-06
12932.47254923898 1.5070082855999433e-06
12937.472522944712 1.1040885849871625e-06
12942.472496650445 6.81125858548316e-07
12947.47247035618 2.2872040669123332e-07
12952.472444061916 8.109566197251376e-07
12957.472417767649 2.419826136686967e-06
12962.47239147338 2.468825034448653e-06
12967.472365179114 8.270725831932605e-07
12972.472338884849 9.195733476253215e-07
12977.472312590584 2.8710284987271705e-06
12982.472286296315 2.906528861918708e-06
12987.472260002049 9.799774628705704e-07
12992.472233707782 1.1085405956012206e-06
12997.472207413519 3.4262608425175458e-06
13002.47218111925 4.547846486193098e-06
13007.472154824984 4.5697181685081015e-06
13012.472128530717 3.3851059548661676e-06
13017.472102236448 1.180983007561379e-06
13022.472075942187 3.1912696484956274e-07
13027.472049647919 9.487521623266986e-07
13032.472023353652 1.090775882935092e-06
13037.471997059385 7.217302835382622e-07
13042.47197076512 7.169400006738866e-07
13047.471944470853 1.2488521032237213e-06
13052.471918176587 1.1304010544775119e-06
13057.47189188232 3.6912879811280605e-07
13062.471865588052 1.0798145574230104e-06
13067.47183929379 3.0644214280915482e-06
13072.471812999522 4.01992272822778e-06
13077.471786705255 3.5164536738832767e-06
13082.471760410988 2.4770162042949607e-06
13087.47173411672 1.581979420987019e-06
13092.471707822457 7.770809646732782e-07
13097.47168152819 2.3787470578352363e-07
13102.471655233923 8.124518427748243e-12
13107.471628939655 0.0
13112.471602645388 0.0
13117.471576351125 0.0
13122.471550056858 2.2695303629564208e-06
13127.47152376259 6.945210544130024e-06
13132.471497468323 7.220718870578134e-06
13137.471471174058 2.1235925275088288e-06
13142.471444879793 2.0365312709455634e-07
13147.471418585526 5.907542436034419e-07
13152.471392291258 1.993233672237124e-06
13157.471365996991 4.339509775328248e-06
13162.471339702728 4.345417357654425e-06
13167.471313408461 1.4563403390301216e-06
13172.471287114193 2.6564835293225503e-06
13177.471260819926 8.131677651047781e-06
13182.47123452566 7.748301886841093e-06
13187.471208231396 2.5838710888985945e-06
13192.47118193713 8.562537524802259e-11
13197.471155642861 0.0
13202.471129348594 1.4752045482565985e-06
13207.471103054328 5.274427663111552e-06
13212.471076760065 4.908356523362336e-06
13217.471050465796 1.7548028163310854e-06
13222.47102417153 2.386400260950757e-07
13227.470997877263 6.640580154286625e-07
13232.470971582994 6.725581310316448e-07
13237.470945288731 2.5101677521694974e-07
13242.470918994464 4.334185958258024e-07
13247.470892700198 1.4365818023535088e-06
13252.470866405929 2.2006396552147827e-06
13257.470840111664 2.8291097670566323e-06
13262.4708138174 2.874617770541715e-06
13267.470787523132 1.8562741168317902e-06
13272.470761228866 1.249976113592838e-06
13277.470734934597 1.1860238559239982e-06
13282.470708640334 1.56102886444851e-06
13287.470682346067 2.7586666731542096e-06
13292.4706560518 2.757439591730368e-06
13297.470629757532 1.7088396674798578e-06
13302.470603463265 6.604684286043716e-07
13307.470577169002 2.378839778829552e-07
13312.470550874736 8.171460089775232e-12
13317.470524580469 0.0
13322.4704982862 0.0
13327.470471991934 0.0
13332.47044569767 0.0
13337.470419403404 0.0
13342.470393109135 0.0
13347.470366814869 0.0
13352.470340520604 1.8879235887146296e-06
13357.470314226339 4.765621326383083e-06
13362.47028793207 4.799631201645278e-06
13367.470261637804 1.949574417814863e-06
13372.470235343537 5.478146612489979e-11
13377.470209049274 0.0
13382.470182755007 9.458971094011951e-09
13387.470156460739 2.5767874668428406e-08
13392.470130166472 2.532648544724736e-08
13397.470103872205 9.897607983416552e-09
13402.470077577942 1.0121601267850825e-06
13407.470051283673 3.791396337790204e-06
13412.470024989407 4.468120647272184e-06
13417.46999869514 2.8303869233544296e-06
13422.469972400871 3.0061669728335496e-06
13427.46994610661 3.4562365942836468e-06
13432.469919812342 3.6717463461402925e-06
13437.469893518075 2.573747332420906e-06
13442.469867223808 1.0198122012008263e-06
13447.469840929542 3.6662792346893727e-07
13452.469814635277 2.479920631849953e-11
13457.46978834101 0.0
13462.469762046743 0.0
13467.469735752475 0.0
13472.469709458212 1.4287087558512025e-06
13477.469683163945 1.5440975293228292e-06
13482.469656869678 2.1240049661057617e-06
13487.46963057541 8.369067233472474e-07
13492.469604281143 5.635302986247816e-08
13497.46957798688 1.5085255383600987e-07
13502.469551692613 7.994998846016332e-08
13507.469525398346 2.8028524552022247e-08
13512.469499104078 2.3037332815356495e-13
13517.469472809811 0.0
13522.469446515548 0.0
13527.469420221281 0.0
13532.469393927013 5.582123933150279e-07
13537.469367632746 3.395332655690561e-06
13542.46934133848 1.6657267384859394e-06
13547.469315044216 1.2638021862030583e-07
13552.46928874995 3.7844023811983394e-08
13557.469262455681 2.7727590814391348e-08
13562.469236161414 1.2011615252320437e-07
13567.46920986715 7.297291380716625e-08
13572.469183572885 0.0
13577.469157278616 0.0
13582.46913098435 8.010212332010269e-08
13587.469104690083 5.555583956155264e-07
13592.46907839582 6.182054739400625e-07
13597.469052101551 8.476770764346269e-08
13602.469025807284 3.2748113145710153e-07
13607.468999513017 2.9455959532594425e-08
13612.468973218749 3.9013177555943303e-14
13617.468946924488 0.0
13622.46892063022 2.1204777411966517e-10
13627.468894335952 4.016469428015332e-08
13632.468868041686 9.991738132216157e-07
13637.468841747417 1.057953575641037e-06
13642.468815453154 1.2685635038131338e-07
13647.468789158887 7.099216562919219e-09
13652.46876286462 1.026751367485708e-07
13657.468736570352 7.040216587483883e-08
13662.468710276087 1.5553464049752426e-11
13667.468683981822 0.0
13672.468657687556 7.434074005514787e-08
13677.468631393289 2.6181632594907397e-09
13682.46860509902 5.593708890482662e-08
13687.468578804757 3.0768538052682465e-09
13692.46855251049 3.5540634207680235e-12
13697.468526216224 0.0
13702.468499921955 0.0
13707.468473627689 0.0
13712.468447333426 1.8610792366139915e-08
13717.468421039159 2.3183183508547027e-07
13722.46839474489 7.037761570492975e-08
13727.468368450624 1.7515450433069176e-07
13732.468342156357 3.4940478583800355e-12
13737.468315862094 0.0
13742.468289567827 0.0
13747.468263273558 0.0
13752.468236979292 0.0
13757.468210685027 0.0
13762.468184390762 0.0
13767.468158096493 0.0
13772.468131802227 3.6086498111977007e-07
13777.46810550796 2.3660364986201864e-06
13782.468079213697 1.1687776047551936e-06
13787.46805291943 1.2577012447374207e-10
13792.468026625162 2.161770075190674e-12
13797.468000330895 0.0
13802.467974036628 1.7747323390496665e-08
13807.467947742365 1.1954649255193514e-09
13812.467921448097 3.9464340481007923e-07
13817.46789515383 6.76865815197874e-07
13822.467868859563 1.6837667362527787e-07
13827.467842565295 0.0
13832.467816271032 1.401617932410326e-07
13837.467789976765 2.960812193231758e-08
13842.467763682498 2.0155007241505334e-13
13847.46773738823 0.0
13852.467711093963 0.0
13857.4676847997 0.0
13862.467658505433 4.783617293718627e-08
13867.467632211166 7.535760505940968e-07
13872.467605916898 6.89463509876224e-07
13877.467579622635 7.802368080746746e-08
13882.467553328368 4.0591116397118135e-14
13887.467527034101 0.0
13892.467500739833 1.1919320927797583e-06
13897.467474445566 1.3320177306379478e-06
13902.467448151303 2.8501797806310296e-06
13907.467421857036 8.17559039142061e-07
13912.46739556277 4.39754720511181e-07
13917.467369268501 8.710385143694257e-08
13922.467342974234 9.796520770850054e-13
13927.467316679971 0.0
13932.467290385704 0.0
13937.467264091436 0.0
13942.46723779717 0.0
13947.467211502903 0.0
13952.46718520864 0.0
13957.46715891437 0.0
13962.467132620104 1.0304890536244734e-08
13967.467106325837 3.8699182742163644e-07
13972.467080031573 6.017390007842438e-07
13977.467053737308 7.48646052259594e-07
13982.46702744304 5.9066697312295014e-08
13987.467001148772 3.1824771030325194e-08
13992.466974854506 1.0305888971931198e-12
13997.466948560243 0.0
14002.466922265974 4.6361369866851375e-09
14007.466895971707 6.1435502762278764e-09
14012.46686967744 2.1701866485686464e-08
14017.466843383172 8.155769716143946e-09
14022.46681708891 3.829225748750894e-07
14027.466790794642 8.875125330895355e-07
14032.466764500376 5.445366063980423e-07
14037.466738206109 3.1853357752447633e-07
14042.46671191184 5.564938446618298e-08
14047.466685617577 1.0623933381534049e-07
14052.46665932331 1.109475436221276e-07
14057.466633029044 3.870776397109564e-06
14062.466606734775 4.254830163438539e-06
14067.46658044051 6.968811026458577e-07
14072.466554146245 1.2105775804907339e-08
14077.466527851979 1.2830088837712705e-06
14082.46650155771 2.209255693966745e-06
14087.466475263443 2.028979511378357e-06
14092.46644896918 1.6962226725119199e-07
14097.466422674914 8.780649065671638e-07
14102.466396380647 3.430820840725796e-06
14107.466370086378 1.1120159044968996e-06
14112.466343792112 4.2187973255726374e-11
14117.466317497849 0.0
14122.466291203582 2.8599196074672936e-08
14127.466264909313 5.819926153959822e-07
14132.466238615047 8.848324859504066e-07
14137.46621232078 4.0428143504716325e-07
14142.466186026517 1.7915648346235801e-07
14147.46615973225 1.430980589607388e-07
14152.466133437982 5.221614813216138e-07
14157.466107143715 3.0956348316555006e-07
14162.466080849448 2.6994857235231262e-11
14167.466054555185 0.0
14172.466028260917 0.0
14177.46600196665 0.0
14182.465975672383 5.607684959658845e-07
14187.46594937812 4.809003410077338e-07
14192.465923083852 1.5851047521747183e-07
14197.465896789585 2.0669672101137847e-07
14202.465870495318 8.027295482890686e-07
14207.46584420105 2.0338595848204226e-06
14212.465817906788 2.716474520309409e-06
14217.46579161252 9.321673090395392e-07
14222.465765318253 3.144639947217459e-07
14227.465739023986 6.609803746082162e-08
14232.465712729718 5.4116932181627825e-12
14237.465686435455 0.0
14242.465660141188 0.0
14247.465633846921 0.0
14252.465607552653 0.0
14257.465581258386 0.0
14262.465554964123 1.8149436710728812e-06
14267.465528669856 5.996778942726892e-06
14272.46550237559 4.929848420275965e-06
14277.465476081321 4.258896452567065e-06
14282.465449787056 3.1417901771950776e-06
14287.465423492791 3.5854075021580258e-06
14292.465397198524 5.51392887774002e-06
14297.465370904256 3.2834709465597374e-06
14302.46534460999 4.8609008821769e-06
14307.465318315726 5.612445227732813e-06
14312.46529202146 2.4700602430298373e-06
14317.46526572719 1.4251028187572957e-06
14322.465239432924 1.7855409843686869e-06
14327.465213138657 1.0067939886806715e-06
14332.465186844394 1.8165787661841716e-06
14337.465160550128 1.060387986624976e-06
14342.465134255859 3.110941785659331e-07
14347.465107961592 1.6576866203519914e-07
14352.465081667326 1.3142266212206128e-11
14357.465055373063 0.0
14362.465029078794 0.0
14367.465002784527 0.0
14372.46497649026 0.0
14377.464950195996 0.0
14382.46492390173 1.316619354825027e-06
14387.464897607462 3.930714413939144e-06
14392.464871313196 2.918546430129876e-06
14397.464845018929 5.12100877645223e-07
14402.464818724666 7.574850025920496e-11
14407.464792430397 0.0
14412.46476613613 2.1698478785519665e-07
14417.464739841864 1.0518281881634454e-06
14422.464713547595 1.265271102198882e-06
14427.464687253332 5.792896000710421e-07
14432.464660959065 3.480474407704572e-07
14437.464634664799 1.5868920536925007e-07
14442.46460837053 6.979651647994961e-12
14447.464582076263 0.0
14452.464555782 0.0
14457.464529487734 0.0
14462.464503193467 0.0
14467.464476899198 0.0
14472.464450604932 6.086133935516983e-07
14477.464424310669 2.697827850087461e-06
14482.464398016402 2.1282251541289377e-06
14487.464371722133 7.97739658400145e-07
14492.464345427867 4.8565358421722806e-11
14497.464319133604 0.0
14502.464292839337 3.074269457281451e-07
14507.46426654507 5.359359633438345e-07
14512.464240250802 1.7808626314324167e-06
14517.464213956535 3.9156203877987205e-06
14522.464187662272 2.276150819564397e-06
14527.464161368005 1.1878580882263775e-06
14532.464135073737 1.8217664866047052e-12
14537.46410877947 0.0
14542.464082485203 0.0
14547.46405619094 0.0
14552.464029896671 0.0
14557.464003602405 0.0
14562.463977308138 0.0
14567.46395101387 0.0
14572.463924719608 0.0
14577.46389842534 0.0
14582.463872131073 0.0
14587.463845836806 0.0
14592.46381954254 0.0
14597.463793248275 0.0
14602.463766954008 0.0
14607.463740659741 0.0
14612.463714365473 0.0
14617.463688071211 0.0
14622.463661776943 3.4553983782805284e-07
14627.463635482676 8.599602977021513e-07
14632.46360918841 1.1862773554912847e-06
14637.463582894141 4.79131762855217e-06
14642.463556599878 5.853986286363283e-06
14647.463530305611 4.270174607463898e-06
14652.463504011344 1.0445417173970375e-06
14657.463477717076 8.393723665163939e-07
14662.46345142281 2.6044171465731705e-08
14667.463425128546 9.471572309871483e-08
14672.46339883428 8.453375288514519e-08
14677.46337254001 3.313013233499735e-08
14682.463346245744 2.224785791544386e-12
14687.46331995148 0.0
14692.463293657214 0.0
14697.463267362948 0.0
14702.463241068679 0.0
14707.463214774412 0.0
14712.46318848015 4.1125290793568176e-07
14717.463162185883 1.4512393684075425e-06
14722.463135891614 1.0818321214766946e-06
14727.463109597347 9.883387603473906e-07
14732.46308330308 6.259745973772026e-07
14737.463057008817 1.811075628862323e-07
14742.46303071455 7.373940510054429e-08
14747.463004420282 2.1753918911101965e-07
14752.462978126016 2.245683182676242e-07
14757.462951831749 5.482574998159108e-08
14762.462925537486 6.416592541642076e-13
14767.462899243217 0.0
14772.46287294895 0.0
14777.462846654684 0.0
14782.462820360419 0.0
14787.462794066152 0.0
14792.462767771885 0.0
14797.462741477619 0.0
14802.46271518335 6.348619635309876e-07
14807.462688889089 3.406070939649547e-06
14812.46266259482 7.439072361207093e-06
14817.462636300554 5.715499248574761e-06
14822.462610006287 8.419569071737074e-06
14827.462583712018 1.0443870229898272e-05
14832.462557417755 8.015711176369316e-06
14837.462531123489 6.146329788010639e-06
14842.462504829222 2.896463814351684e-06
14847.462478534953 9.353495328471754e-07
14852.462452240687 6.452045348462496e-11
14857.462425946424 0.0
14862.462399652157 0.0
14867.46237335789 0.0
14872.462347063622 0.0
14877.462320769355 0.0
14882.462294475092 2.383431140333414e-06
14887.462268180825 8.455082814524587e-06
14892.462241886557 8.337724536361817e-06
14897.46221559229 2.162072224165784e-06
14902.462189298025 1.5553236726395954e-10
14907.46216300376 0.0
14912.462136709491 0.0
14917.462110415225 0.0
14922.462084120958 0.0
14927.462057826695 0.0
14932.462031532428 1.731492868143945e-06
14937.46200523816 5.406745138668245e-06
14942.461978943893 6.251821090559052e-06
14947.461952649626 5.459103134110185e-06
14952.461926355363 4.331040942836493e-06
14957.461900061095 3.234392839975908e-06
14962.461873766828 3.6776446864896454e-06
14967.461847472561 4.8443960702134295e-06
14972.461821178293 6.7625650071887664e-06
14977.461794884031 7.1965172443109525e-06
14982.461768589763 5.76721678859278e-06
14987.461742295496 3.700941891931906e-06
14992.46171600123 1.7701126672933257e-06
14997.461689706963 5.996274019826234e-07
15002.461663412698 3.474447512180099e-11
15007.461637118431 0.0
15012.461610824164 4.231458524521137e-06
15017.461584529896 1.166351492779533e-05
15022.461558235633 1.333944213780532e-05
15027.461531941366 5.67984562914144e-06
15032.4615056471 1.8690556483312808e-06
15037.46147935283 9.73185124226317e-07
15042.461453058564 1.8682896728138095e-06
15047.461426764301 4.357306889537264e-06
15052.461400470034 4.642882830936645e-06
15057.461374175768 1.5780426558015532e-06
15062.461347881499 8.353998858561167e-07
15067.461321587232 2.5146413454556554e-06
15072.46129529297 2.443744366673511e-06
15077.461268998703 8.474642910234826e-07
15082.461242704434 5.2654956418432685e-11
15087.461216410167 0.0
15092.461190115902 1.2614109317113875e-06
15097.461163821637 3.9096590848041225e-06
15102.46113752737 3.8680689841226084e-06
15107.461111233102 1.3194190320580362e-06
15112.461084938835 1.5062212651549291e-06
15117.461058644572 4.578888760725698e-06
15122.461032350306 4.5420163722847365e-06
15127.461006056037 1.5420188016369198e-06
15132.46097976177 1.4947368825064194e-06
15137.460953467504 4.374038618811674e-06
15142.46092717324 6.54279839537347e-06
15147.460900878972 7.694900920382543e-06
15152.460874584705 7.093894638452196e-06
15157.460848290439 4.296328095437656e-06
15162.46082199617 3.908279713899194e-06
15167.460795701909 6.167085644883567e-06
15172.46076940764 5.596435560922449e-06
15177.460743113374 1.8107737457153454e-06
15182.460716819107 3.605973339314652e-07
15187.460690524838 1.0938850270273785e-06
15192.460664230575 1.0927612792221653e-06
15197.460637936309 3.7564717245619365e-07
15202.460611642042 2.013216249529509e-06
15207.460585347773 6.221454245206529e-06
15212.460559053508 6.499016673851702e-06
15217.460532759244 2.740027844731133e-06
15222.460506464977 1.378147394850326e-06
15227.46048017071 2.3939514934279075e-06
15232.460453876442 2.182319474362787e-06
15237.460427582178 7.352561728197507e-07
15242.460401287912 1.0345089581928083e-06
15247.460374993645 3.1179746907668485e-06
15252.460348699376 3.1516523327396695e-06
15257.46032240511 1.0462768743542158e-06
15262.460296110847 2.3177244212057496e-06
15267.46026981658 7.04321300811589e-06
15272.460243522311 9.14346831425949e-06
15277.460217228045 8.542773931822778e-06
15282.460190933778 6.170792796576673e-06
15287.460164639515 2.0632388439760644e-06
15292.460138345248 1.4832137920264458e-10
15297.46011205098 0.0
15302.460085756713 3.0614048409608215e-07
15307.460059462448 9.40518546454861e-07
15312.460033168183 2.0280191812948402e-06
15317.460006873915 3.62907318320878e-06
15322.459980579648 7.141758814289634e-06
15327.459954285381 1.264234042429193e-05
15332.459927991118 1.5797929800286584e-05
15337.459901696851 1.657521049730048e-05
15342.459875402583 1.2708126341996929e-05
15347.459849108316 4.255515384429104e-06
15352.45982281405 1.6034702744983365e-06
15357.459796519786 4.888141826842316e-06
15362.459770225518 6.24168684480413e-06
15367.459743931251 5.6586368606449705e-06
15372.459717636984 4.802307543846277e-06
15377.459691342716 3.7465036078555207e-06
15382.459665048453 3.150185501946085e-06
15387.459638754186 3.057094657640547e-06
15392.45961245992 2.7703397491889405e-06
15397.45958616565 2.311976242324858e-06
15402.459559871386 3.5964073549387384e-06
15407.459533577121 6.743412124012241e-06
15412.459507282854 8.47447935581412e-06
15417.459480988588 8.684457691795996e-06
15422.459454694319 6.58446778431086e-06
15427.459428400056 2.2141802987875655e-06
15432.45940210579 1.5744120331413774e-10
15437.459375811522 0.0
15442.459349517254 5.049740389824427e-07
15447.459323222987 1.5374413101945156e-06
15452.459296928724 1.5475338048242122e-06
15457.459270634457 5.166537618177697e-07
15462.45924434019 3.1659713238123225e-06
15467.459218045922 9.597999778508521e-06
15472.459191751655 1.117513544461126e-05
15477.459165457392 7.73078945192607e-06
15482.459139163126 6.966603063595718e-06
15487.459112868857 8.974633399500615e-06
15492.45908657459 9.212288558855005e-06
15497.459060280324 7.613513642152409e-06
15502.45903398606 5.139412773449136e-06
15507.459007691792 1.732583471533397e-06
15512.458981397525 1.3271346688270568e-10
15517.458955103259 0.0
15522.458928808994 1.2746579273366969e-06
15527.458902514729 3.864201205095071e-06
15532.45887622046 5.495871615171017e-06
15537.458849926194 6.136577352523231e-06
15542.458823631927 4.868958788203891e-06
15547.458797337664 1.6390464746497468e-06
15552.458771043395 8.558831524247411e-07
15557.458744749129 2.5928875783920757e-06
15562.458718454862 3.0912428620498098e-06
15567.458692160593 2.3200151126570346e-06
15572.45866586633 1.4540572903984994e-06
15577.458639572063 4.902036795229242e-07
15582.458613277797 1.5780458884444413e-06
15587.45858698353 4.776060670820476e-06
15592.458560689262 4.870946187867035e-06
15597.458534394998 1.7700066850545222e-06
15602.458508100732 1.300589259776195e-06
15607.458481806465 3.53993067141734e-06
15612.458455512196 3.526181873740812e-06
15617.458429217932 1.1867756359674063e-06
15622.458402923667 1.1435671088596184e-06
15627.4583766294 3.4772155723327197e-06
15632.458350335131 5.388699520079833e-06
15637.458324040865 6.857312457487646e-06
15642.458297746602 5.868079699163811e-06
15647.458271452335 2.344645996602763e-06
15652.458245158068 1.2854618538032346e-06
15657.4582188638 2.7821061357987664e-06
15662.458192569533 3.1188607102567678e-06
15667.45816627527 2.24710147675676e-06
15672.458139981003 1.8108926455409235e-06
15677.458113686735 1.8334265059723682e-06
15682.458087392468 2.387320408199871e-06
15687.458061098201 3.4754301853862414e-06
15692.458034803938 4.445326638220412e-06
15697.458008509671 5.357519334457232e-06
15702.457982215403 4.568279421489154e-06
15707.457955921136 2.1224273924853605e-06
15712.457929626871 7.816131983418018e-07
15717.457903332606 5.158522981218993e-07
15722.457877038338 1.5494203543180538e-06
15727.457850744071 3.926605867115324e-06
15732.457824449804 4.923749317859023e-06
15737.457798155541 4.386901376479054e-06
15742.457771861273 4.518597345468738e-06
15747.457745567006 5.716301209863469e-06
15752.45771927274 5.0184258411987894e-06
15757.45769297847 2.4021216927353743e-06
15762.45766668421 2.9488855845811553e-06
15767.457640389941 6.498399265143994e-06
15772.457614095674 7.426435305408651e-06
15777.457587801407 5.1583957896139976e-06
15782.457561507139 3.007953401302566e-06
15787.457535212876 9.949211039588794e-07
15792.45750891861 3.197049471593398e-07
15797.457482624342 9.69241450991253e-07
15802.457456330074 9.728600447560368e-07
15807.457430035807 3.255233492211368e-07
15812.457403741544 2.285874738911356e-06
15817.457377447277 7.007576825828115e-06
15822.45735115301 8.10265239196784e-06
15827.457324858742 5.318926313060409e-06
15832.457298564479 3.605258403906086e-06
15837.457272270212 2.999871619765777e-06
15842.457245975946 2.5899259976961545e-06
15847.457219681677 2.3810444788469808e-06
15852.45719338741 1.7230901655487038e-06
15857.457167093147 5.85277501324361e-07
15862.45714079888 6.310138253423848e-07
15867.457114504612 1.9167797582288476e-06
15872.457088210345 4.004085909758435e-06
15877.457061916079 6.935283124365442e-06
15882.457035621816 6.78179486073472e-06
15887.457009327549 3.4522964749961113e-06
15892.45698303328 1.7113679610499243e-06
15897.456956739014 1.6062868519820668e-06
15902.456930444747 2.3012947298797493e-06
15907.456904150484 3.827521307189596e-06
15912.456877856215 3.4715690855107722e-06
15917.456851561948 1.1713714479560872e-06
15922.456825267682 1.7459934787149286e-06
15927.456798973417 5.298327769947435e-06
15932.45677267915 5.417027322811705e-06
15937.456746384883 2.0079164116412673e-06
15942.456720090617 4.548089825274313e-07
15947.45669379635 8.13930318133415e-07
15952.456667502087 1.976597773404244e-06
15957.456641207818 3.97088289137374e-06
15962.456614913552 3.7517898193667075e-06
15967.456588619285 1.263528327761187e-06
15972.456562325016 7.95791083706261e-11
15977.456536030753 0.0
15982.456509736487 2.7209800511405783e-07
15987.45648344222 8.239766196373595e-07
15992.456457147951 1.048244442962895e-06
15997.456430853685 9.375532735484065e-07
16002.456404559422 1.107991718324936e-06
16007.456378265155 1.5577801537734491e-06
16012.456351970888 2.5453643159723126e-06
16017.45632567662 3.864651101819327e-06
16022.456299382355 4.524801030983122e-06
16027.45627308809 4.006231954099687e-06
16032.456246793823 5.423207118151689e-06
16037.456220499555 8.060461696545459e-06
16042.456194205288 7.449306206850533e-06
16047.456167911025 2.512410601767498e-06
16052.456141616758 1.288274810875335e-06
16057.45611532249 3.9828629988773875e-06
16062.456089028223 4.4835094795145316e-06
16067.456062733956 2.9049836878435435e-06
16072.456036439693 2.5268026658064015e-06
16077.456010145426 3.3694610465317965e-06
16082.455983851158 3.9244475382789275e-06
16087.455957556891 4.201825136538553e-06
16092.455931262624 4.435850672287804e-06
16097.455904968361 4.628894232059733e-06
16102.455878674093 4.169165515619912e-06
16107.455852379826 3.045830907523772e-06
16112.45582608556 2.9611482225442514e-06
16117.45579979129 3.904655895075336e-06
16122.45577349703 3.3054276084163247e-06
16127.45574720276 1.116496052158025e-06
16132.455720908494 1.7049018400607248e-07
16137.455694614227 5.111817060925922e-07
16142.455668319964 5.143103952714279e-07
16147.455642025696 1.7337195733386391e-07
16152.45561573143 1.2895388348590373e-06
16157.455589437162 3.945219159161426e-06
16162.455563142894 4.03853223988318e-06
16167.45553684863 1.4508706218226759e-06
16172.455510554364 1.0959894065384265e-06
16177.455484260097 3.0297309091441673e-06
16182.455457965829 4.5059694071603715e-06
16187.455431671562 5.54301842577953e-06
16192.455405377299 7.2815125800167306e-06
16197.455379083032 9.711998478603149e-06
16202.455352788766 9.546063127317792e-06
16207.455326494497 6.695551100140968e-06
16212.45530020023 3.961522272476367e-06
16217.455273905967 1.3361291910305676e-06
16222.4552476117 9.995086916855403e-11
16227.455221317432 0.0
16232.455195023165 0.0
16237.4551687289 0.0
16242.455142434635 0.0
16247.455116140369 0.0
16252.4550898461 0.0
16257.455063551834 0.0
16262.45503725757 0.0
16267.455010963304 0.0
16272.454984669035 1.7268971341101887e-06
16277.454958374768 5.289256216786888e-06
16282.454932080502 5.334898326777893e-06
16287.454905786239 1.7845993454884488e-06
16292.45487949197 1.488708410118912e-10
16297.454853197703 0.0
16302.454826903437 0.0
16307.45480060917 0.0
16312.454774314907 6.426359604871859e-07
16317.454748020638 1.951672199468773e-06
16322.454721726372 4.549667062883863e-06
16327.454695432105 8.452830217692382e-06
16332.45466913784 7.879343722733402e-06
16337.454642843573 2.655751217052369e-06
16342.454616549307 5.1424948487798296e-08
16347.45459025504 1.5547429166489702e-07
16352.454563960771 1.3499741390261014e-06
16357.45453766651 3.7375242652901135e-06
16362.454511372242 3.8372190053711915e-06
16367.454485077975 1.640182801580071e-06
16372.454458783708 3.9823899269392787e-07
16377.45443248944 1.3057125542421364e-07
16382.454406195176 1.7491642380306541e-06
16387.45437990091 5.294172289934986e-06
16392.45435360664 6.2854072724103e-06
16397.454327312375 4.620871161009232e-06
16402.454301018108 3.914804816615662e-06
16407.454274723845 4.611641679553438e-06
16412.454248429578 4.095962640083237e-06
16417.45422213531 2.4602684232299206e-06
16422.454195841045 1.2432554438092962e-06
16427.454169546774 4.132439244131092e-07
16432.45414325251 3.751665644813329e-11
16437.454116958244 0.0
16442.454090663978 0.0
16447.45406436971 0.0
16452.454038075448 2.405362536984624e-07
16457.45401178118 7.056741981626782e-07
16462.453985486914 7.437341207382726e-07
16467.453959192648 2.5241963300561787e-07
16472.453932898377 2.077214565931582e-11
16477.453906604114 0.0
16482.453880309848 2.0682268313082825e-07
16487.45385401558 6.506215152147365e-07
16492.453827721314 1.1215782024456676e-06
16497.453801427047 1.6306802872421704e-06
16502.453775132784 1.4242524863450368e-06
16507.453748838518 4.7503736128619926e-07
16512.45372254425 3.381095885407525e-11
16517.45369624998 0.0
16522.453669955714 7.986469542158569e-07
16527.45364366145 2.4183682974045104e-06
16532.453617367184 2.4358760919826836e-06
16537.453591072917 7.806375499431912e-07
16542.45356477865 7.76094960804918e-07
16547.453538484384 2.3677468525780605e-06
16552.45351219012 2.3866601352865744e-06
16557.45348589585 7.974395264191405e-07
16562.453459601584 6.58300926997548e-11
16567.453433307317 0.0
16572.453407013054 0.0
16577.453380718787 0.0
16582.45335442452 0.0
16587.453328130254 0.0
16592.453301835987 1.340612988970966e-06
16597.453275541724 4.116987505282064e-06
16602.453249247454 5.544496673677942e-06
16607.453222953187 5.5790698527733224e-06
16612.45319665892 4.1884103740664e-06
16617.453170364653 1.40249616226661e-06
16622.45314407039 1.6547593986615538e-06
16627.453117776124 5.081034265458584e-06
16632.453091481857 5.723848764318973e-06
16637.45306518759 3.5142577239284235e-06
16642.453038893324 2.1237446344457566e-06
16647.453012599057 1.609635090055206e-06
16652.45298630479 2.2112037627239205e-06
16657.452960010523 3.932739363003327e-06
16662.452933716257 3.895036461033735e-06
16667.452907421994 1.361033501455104e-06
16672.452881127727 1.290386699768434e-10
16677.45285483346 0.0
16682.45282853919 7.490128947181567e-09
16687.452802244923 2.2586094968815445e-08
16692.45277595066 2.2799506569431435e-08
16697.452749656393 7.68957233371874e-09
16702.452723362127 5.055057220987134e-07
16707.45269706786 1.5442807584850475e-06
16712.452670773593 1.894132847982374e-06
16717.45264447933 1.5500349679378549e-06
16722.452618185063 1.1969304941443778e-06
16727.452591890793 8.449143603105437e-07
16732.452565596526 1.137471794666492e-06
16737.452539302263 2.095620546146835e-06
16742.452513007996 1.923215061210806e-06
16747.45248671373 6.567044977030696e-07
16752.452460419463 7.490165348393317e-07
16757.452434125196 2.279822471858252e-06
16762.452407830933 3.0312214398802055e-06
16767.452381536667 2.974294761585723e-06
16772.452355242396 4.365921211693951e-06
16777.45232894813 7.071352351358248e-06
16782.452302653863 8.718375163532171e-06
16787.4522763596 8.881253865072314e-06
16792.452250065333 7.184892143606533e-06
16797.452223771066 3.5811058834803348e-06
16802.4521974768 1.3217244449318672e-06
16807.45217118253 4.379315861712204e-07
16812.45214488827 1.0146467221790357e-06
16817.452118594 3.1015226605075937e-06
16822.452092299733 3.925540721603881e-06
16827.452066005466 3.4062095586645616e-06
16832.4520397112 3.4670148557242862e-06
16837.452013416936 4.117703924077701e-06
16842.45198712267 3.2318561281473422e-06
16847.451960828403 1.1378847104659805e-06
16852.451934534132 8.515375608949323e-07
16857.45190823987 2.5692150963458864e-06
16862.451881945603 2.596810950663845e-06
16867.451855651336 8.810957708806106e-07
16872.45182935707 7.639005396169486e-11
16877.451803062802 0.0
16882.45177676854 1.1414750335142785e-07
16887.451750474273 3.4871627576649187e-07
16892.451724180006 2.2536297357633464e-06
16897.451697885735 5.857684270277158e-06
16902.45167159147 6.500831208661322e-06
16907.451645297206 3.974259046232231e-06
16912.45161900294 3.112198506897577e-06
16917.451592708672 3.5310315096453913e-06
16922.451566414406 4.373465803997518e-06
16927.45154012014 5.648914131401609e-06
16932.451513825876 4.97627687374396e-06
16937.45148753161 2.3294833302304643e-06
16942.45146123734 1.404337026372459e-06
16947.451434943072 2.224708816009531e-06
16952.45140864881 1.9925670081598533e-06
16957.451382354542 6.668852315925201e-07
16962.451356060275 5.081043733904759e-11
16967.45132976601 0.0
16972.451303471742 4.0218710637418555e-07
16977.45127717748 1.2683104311387675e-06
16982.451250883212 1.9153011332188423e-06
16987.451224588942 2.3614572184179796e-06
16992.451198294675 2.1355955143087778e-06
16997.45117200041 1.204219024733613e-06
17002.451145706145 1.6007783202158294e-06
17007.45111941188 3.26002733177938e-06
17012.451093117612 4.9503723249057595e-06
17017.451066823345 6.518774216792012e-06
17022.451040529075 5.8387725153231145e-06
17027.45101423481 2.8451014455579674e-06
17032.450987940545 1.2891604066161172e-06
17037.45096164628 1.1103359647524744e-06
17042.45093535201 1.3107379620597392e-06
17047.450909057745 1.880547619963947e-06
17052.45088276348 1.7638927953662115e-06
17057.450856469215 9.900954012808048e-07
17062.45083017495 4.443422719640167e-07
17067.450803880678 1.507224269995564e-07
17072.450777586415 1.2955502587280193e-11
17077.45075129215 0.0
17082.45072499788 5.688623648985654e-07
17087.450698703615 1.6420647621799244e-06
17092.450672409348 4.2402507056999974e-06
17097.450646115085 8.14711020365515e-06
17102.45061982082 8.788260020390467e-06
17107.45059352655 6.066830838651602e-06
17112.45056723228 5.626534402836114e-06
17117.450540938014 7.407712874444738e-06
17122.45051464375 6.50835678798257e-06
17127.450488349485 2.9049629979270594e-06
17132.450462055218 1.0766828607672908e-06
17137.45043576095 1.0978772464127235e-06
17142.450409466685 1.7000527611557157e-06
17147.45038317242 3.099280561275005e-06
17152.45035687815 3.355448357166445e-06
17157.450330583884 2.422915790964768e-06
17162.450304289618 1.6668202736949984e-06
17167.450277995355 1.30307579190651e-06
17172.450251701088 2.18239342069019e-06
17177.45022540682 4.422305831904563e-06
17182.450199112554 4.556107169477893e-06
17187.450172818288 2.539915039649822e-06
17192.450146524025 1.1582950151995078e-06
17197.450120229754 3.953822050841896e-07
17202.450093935488 1.293721851120988e-06
17207.45006764122 3.894790757758586e-06
17212.450041346954 4.775218336047242e-06
17217.45001505269 5.410955429412904e-06
17222.449988758424 5.898281869057733e-06
17227.449962464158 6.753466309859387e-06
17232.44993616989 6.931858904691725e-06
17237.44990987562 6.071143966388478e-06
17242.449883581357 7.377841925468817e-06
17247.44985728709 1.0076203816620412e-05
17252.449830992824 1.101890404868911e-05
17257.449804698557 8.941045146865031e-06
17262.44977840429 5.799921539086239e-06
17267.449752110027 2.0049552278641356e-06
17272.44972581576 1.729257831241348e-10
17277.44969952149 0.0
17282.449673227224 8.448590544609606e-07
17287.44964693296 2.4783254307382953e-06
17292.449620638694 4.1556247012101084e-06
17297.449594344427 5.559252334163236e-06
17302.44956805016 6.0562555372125095e-06
17307.449541755894 5.636360315864027e-06
17312.44951546163 5.736560502681485e-06
17317.449489167364 6.1135781512731066e-06
17322.449462873094 4.472192126849501e-06
17327.449436578827 2.8984250961408955e-06
17332.44941028456 3.862784196035532e-06
17337.449383990297 8.32314690342173e-06
17342.44935769603 1.0227195921090795e-05
17347.449331401764 9.502621998093325e-06
17352.449305107497 7.272679787352357e-06
17357.44927881323 3.350340387903657e-06
17362.449252518967 1.9774002845810973e-06
17367.449226224697 2.7436773215449013e-06
17372.44919993043 3.497775742686537e-06
17377.449173636163 3.658610436247914e-06
17382.4491473419 3.304767844828423e-06
17387.449121047634 2.4489879213819685e-06
17392.449094753367 3.196593107557825e-06
17397.4490684591 5.304514449823412e-06
17402.44904216483 6.815256205483195e-06
17407.44901587057 6.8020633893626696e-06
17412.4489895763 6.615469669269626e-06
17417.448963282033 9.04697056588096e-06
17422.448936987767 7.737711952119082e-06
17427.4489106935 2.600536390673369e-06
17432.448884399237 1.5284839229514965e-07
17437.44885810497 4.663929217064236e-07
17442.448831810703 1.6624395796967732e-06
17447.448805516433 4.560046812359424e-06
17452.448779222166 5.128404427122833e-06
17457.448752927903 3.420924683232763e-06
17462.448726633636 1.911000617436456e-06
17467.44870033937 5.359661191800572e-07
17472.448674045103 1.9298013706771743e-06
17477.448647750836 6.569418249236498e-06
17482.448621456573 7.63928828826916e-06
17487.448595162306 4.820187088819138e-06
17492.448568868036 4.396534154492439e-06
17497.44854257377 6.499559558264548e-06
17502.448516279506 6.406806306624393e-06
17507.44848998524 3.9606224518360165e-06
17512.448463690973 2.3706987146040355e-06
17517.448437396706 1.5112702159661212e-06
17522.44841110244 1.4171493239700793e-06
17527.448384808176 1.2735745662616358e-06
17532.44835851391 3.1387913946269287e-06
17537.44833221964 7.056323811411858e-06
17542.448305925373 7.646277475322208e-06
17547.448279631106 4.788890819610791e-06
17552.448253336843 3.659421329662403e-06
17557.448227042576 6.2508680847323765e-06
17562.44820074831 7.2522101228449694e-06
17567.448174454043 6.387579394297006e-06
17572.448148159776 5.112718142281543e-06
17577.44812186551 2.404472265230392e-06
17582.448095571242 1.23338999385035e-06
17587.448069276976 1.8728374799409301e-06
17592.44804298271 1.8581148482842466e-06
17597.448016688446 1.1533192847542165e-06
17602.44799039418 1.684992235872243e-06
17607.447964099912 3.424631387424516e-06
17612.447937805646 3.908552998530396e-06
17617.447911511375 4.248169781702817e-06
17622.447885217112 3.9516707484641774e-06
17627.447858922846 4.009910325488348e-06
17632.44783262858 3.889192149482584e-06
17637.447806334312 4.578507237916661e-06
17642.447780040045 5.002258616071698e-06
17647.447753745782 5.570322582980634e-06
17652.447727451516 5.850436856554872e-06
17657.44770115725 3.2460653807271506e-06
17662.44767486298 5.776155503512976e-06
17667.447648568716 7.508483028951738e-06
17672.44762227445 6.911058594658128e-06
17677.447595980182 4.717342975459001e-06
17682.447569685915 2.848685954010527e-06
17687.44754339165 1.5281298702447866e-06
17692.447517097386 8.431308569883869e-07
17697.44749080312 8.731125378791167e-07
17702.44746450885 1.2977606545111625e-06
17707.44743821458 1.6885420097388715e-06
17712.447411920315 3.5187368499761335e-06
17717.447385626052 6.088457448310863e-06
17722.447359331785 7.293691173386337e-06
17727.44733303752 7.209345626919954e-06
17732.447306743252 5.481100842272016e-06
17737.447280448985 1.8262322132893603e-06
17742.447254154722 2.861522421334151e-07
17747.44722786045 1.047719930296505e-06
17752.447201566185 3.227757731270138e-06
17757.44717527192 6.485436122826299e-06
17762.44714897765 5.290897235648545e-06
17767.44712268339 3.0768735012141605e-06
17772.44709638912 1.0619329242886268e-06
17777.447070094855 6.374281653132741e-07
17782.44704380059 1.80435324038722e-06
17787.447017506325 3.6098100953613934e-06
17792.446991212055 5.02441436195111e-06
17797.446964917788 2.2356076729728988e-06
17802.44693862352 2.5696209802745134e-06
17807.446912329255 6.524596105376686e-06
17812.44688603499 5.2083433988085445e-06
17817.446859740725 7.875574533238836e-06
17822.44683344646 7.78860733683767e-06
17827.44680715219 6.012752646294107e-06
17832.44678085792 5.145901240073659e-06
17837.446754563658 5.1752994661272944e-06
17842.44672826939 4.276834307066787e-06
17847.446701975125 2.2677963541623222e-06
17852.446675680858 4.2356340126628015e-06
17857.44664938659 3.5050548403845748e-06
17862.446623092328 3.2211882282719533e-06
17867.44659679806 1.3703190400017807e-06
17872.44657050379 1.3459384318776687e-06
17877.446544209524 4.397364622024995e-06
17882.44651791526 6.545422365888953e-06
17887.446491620994 6.575746468755554e-06
17892.446465326728 8.097041750766544e-06
17897.44643903246 7.545438671109474e-06
17902.446412738194 6.004325435615713e-06
17907.44638644393 4.8619854369842534e-06
17912.446360149665 4.686557946039533e-06
17917.446333855394 4.525808712009453e-06
17922.446307561127 4.336117566454896e-06
17927.44628126686 6.2387405836354e-06
17932.446254972598 5.839707405674596e-06
17937.44622867833 1.637840989243352e-06
17942.446202384064 1.8141226339435508e-06
17947.446176089798 4.913423173476905e-06
17952.44614979553 4.756056116394577e-06
17957.446123501268 7.011479980883239e-06
17962.446097206997 5.6186394448278945e-06
17967.44607091273 6.43997952734969e-06
17972.446044618464 7.413737391552531e-06
17977.4460183242 8.055316918055204e-06
17982.445992029934 5.648401075106036e-06
17987.445965735667 8.878026785389913e-06
17992.4459394414 6.844137333970369e-06
17997.44591314713 1.4745024255361295e-06
