3765 0.0011118342
3770 0.0016718219
3775 0.00256039
3780 0.0037803209
3785 0.0054263464
3790 0.007691864
3795 0.011050721
3800 0.016029999
3805 0.023214176
3810 0.032947793
3815 0.045456911
3820 0.061032269
3825 0.07937114
3830 0.099392871
3835 0.11893486
3840 0.13732573
3845 0.15473202
3850 0.17102659
3855 0.1862534
3860 0.20053928
3865 0.21379547
3870 0.22602687
3875 0.23726929
3880 0.24743676
3885 0.25624838
3890 0.26364267
3895 0.26982793
3900 0.27519448
3905 0.28026949
3910 0.28529939
3915 0.29022828
3920 0.29520986
3925 0.2999839
3930 0.30449616
3935 0.3088059
3940 0.31269461
3945 0.31630556
3950 0.31967549
3955 0.32280197
3960 0.32573445
3965 0.32860356
3970 0.33131763
3975 0.3339897
3980 0.33673475
3985 0.33939265
3990 0.34214775
3995 0.34499438
4000 0.34778863
4005 0.35055833
4010 0.35329646
4015 0.35589011
4020 0.35843904
4025 0.36090045
4030 0.36314187
4035 0.36543916
4040 0.36760611
4045 0.36979689
4050 0.37196838
4055 0.37418933
4060 0.37641688
4064 0.3787736
4069 0.38101472
4074 0.3831512
4079 0.38530573
4084 0.38723042
4089 0.38904763
4094 0.39092069
4100 0.3926169
4105 0.39437319
4110 0.39616155
4115 0.39788491
4120 0.39957105
4125 0.40130114
4130 0.4031037
4135 0.40478326
4140 0.40640826
4145 0.40803608
4150 0.40971976
4155 0.4112788
4160 0.41279834
4165 0.41426156
4170 0.41578534
4175 0.4173974
4180 0.41888302
4185 0.42047247
4190 0.42206443
4195 0.42359945
4200 0.42513667
4205 0.42651313
4210 0.42789086
4215 0.42926988
4220 0.43057358
4225 0.43183424
4230 0.43301861
4235 0.43415909
4240 0.4352388
4245 0.43634616
4250 0.43740888
4255 0.43836533
4260 0.43925948
4265 0.44008237
4270 0.44091254
4275 0.44172437
4280 0.44253463
4285 0.44321117
4290 0.44391058
4295 0.44460796
4300 0.44521628
4305 0.44593763
4310 0.44661142
4315 0.44721349
4320 0.44777404
4325 0.44828032
4330 0.44889934
4335 0.44942892
4340 0.45008914
4345 0.45078806
4350 0.45137516
4355 0.45213955
4360 0.45285163
4365 0.45351602
4370 0.45424759
4375 0.45501998
4380 0.45572613
4385 0.45638428
4390 0.45704082
4395 0.45756477
4400 0.45802091
4405 0.45834306
4410 0.45864305
4415 0.45887375
4420 0.45903471
4425 0.45921136
4430 0.45931795
4435 0.45946755
4440 0.45954585
4445 0.45962101
4450 0.45969205
4455 0.4595575
4460 0.45946495
4465 0.45913948
4470 0.45874037
4475 0.45813365
4480 0.45758705
4485 0.45699347
4490 0.45639086
4495 0.4556692
4500 0.45500943
4505 0.45422839
4510 0.45353211
4515 0.45300957
4520 0.45246289
4525 0.45204872
4530 0.45160615
4535 0.4510943
4540 0.45045565
4545 0.44981096
4550 0.44890493
4555 0.44796797
4560 0.44684569
4565 0.4456138
4570 0.44430332
4575 0.44292276
4580 0.44164064
4585 0.44028875
4590 0.43891846
4595 0.43740769
4600 0.43587705
4605 0.43406308
4610 0.43205231
4615 0.42996345
4620 0.42771644
4625 0.42531501
4630 0.42290236
4635 0.42040638
4640 0.41794154
4645 0.41546471
4650 0.41278877
4655 0.40995558
4660 0.40686031
4665 0.40353217
4670 0.3997831
4675 0.39567276
4680 0.39130644
4685 0.38681512
4690 0.38245186
4695 0.37824077
4700 0.37417249
4705 0.37003875
4710 0.36593845
4715 0.36158876
4720 0.35708516
4725 0.35221985
4730 0.34740815
4735 0.34247294
4740 0.33713866
4745 0.33148496
4750 0.32566043
4755 0.31997425
4760 0.3146024
4765 0.3099979
4770 0.30582974
4775 0.3016461
4780 0.29721958
4785 0.2921694
4790 0.28702493
4795 0.28175709
4800 0.27631899
4805 0.27080033
4810 0.26555675
4815 0.26050199
4820 0.25558171
4825 0.25084154
4830 0.24609132
4835 0.24132432
4840 0.23617734
4845 0.23050274
4850 0.22439378
4855 0.21837213
4860 0.2126151
4865 0.2072303
4870 0.20224485
4875 0.1974928
4880 0.19308138
4885 0.18876662
4890 0.18441858
4895 0.18003858
4900 0.1755493
4905 0.17124424
4910 0.1671413
4915 0.16308885
4920 0.15919988
4925 0.15545804
4930 0.15180011
4935 0.14828967
4940 0.14475363
4945 0.14138107
4950 0.13790429
4955 0.13449452
4960 0.13110463
4965 0.12761054
4970 0.12426622
4975 0.12114039
4980 0.11814011
4985 0.11546891
4990 0.1128713
4995 0.11027581
5000 0.10776706
5004 0.10515689
5010 0.10253112
5014 0.099886405
5020 0.097166068
5024 0.094436868
5030 0.091621105
5034 0.08879642
5040 0.085966278
5044 0.083127353
5050 0.080281342
5054 0.077601434
5060 0.074905179
5064 0.072202231
5070 0.06965707
5074 0.067187948
5080 0.064712725
5084 0.062307603
5090 0.059986824
5094 0.057653382
5100 0.055320328
5104 0.053135687
5110 0.050957928
5115 0.048857948
5120 0.046919232
5125 0.045054503
5130 0.043268997
5135 0.041645772
5140 0.040103196
5145 0.038557196
5150 0.037090917
5155 0.035705826
5160 0.034317672
5165 0.03300659
5170 0.031696648
5175 0.030380279
5180 0.029148548
5185 0.027914577
5190 0.026677516
5195 0.025522314
5200 0.024449586
5205 0.023374188
5210 0.022294221
5215 0.021297024
5220 0.020295841
5225 0.019379906
5230 0.018464093
5235 0.017631511
5240 0.016798872
5245 0.01596267
5250 0.015123159
5255 0.014453094
5260 0.013693185
5265 0.013020632
5270 0.012431277
5275 0.011840777
5280 0.011336465
5285 0.010831197
5290 0.010409826
5295 0.0099899112
5300 0.009654223
5305 0.0093179069
5310 0.0089819833
5315 0.0087308157
5320 0.0085648264
5325 0.0083119738
5330 0.0081453544
5335 0.0079792684
5340 0.0078128685
5345 0.0076453752
5350 0.0074783646
5355 0.007397322
5360 0.0072297792
5365 0.0071483779
5370 0.0070668361
5375 0.0070716742
5380 0.0069906442
5385 0.0069954208
5390 0.0070009805
5395 0.0070065389
5400 0.007011312
5405 0.00710451
5410 0.0071986488
5415 0.007292131
5420 0.0073857504
5425 0.007479507
5430 0.0076614636
5435 0.0077556341
5440 0.0079380719
5445 0.0080308033
5450 0.008213683
5455 0.0083076013
5460 0.008402495
5465 0.0084975259
5470 0.0085917437
5475 0.0085983958
5480 0.008605048
5485 0.0085211094
5490 0.0085276923
5495 0.0085324637
5500 0.0085381056
5505 0.0085446878
5510 0.0086402777
5515 0.0088242466
5520 0.0090084506
5525 0.0092830886
5530 0.0095571596
5535 0.0099219741
5540 0.010196837
5545 0.01056048
5550 0.010925634
5555 0.011201645
5560 0.011476754
5565 0.011753441
5570 0.011940701
5575 0.012035816
5580 0.012132332
5585 0.012138944
5590 0.012145555
5595 0.012153489
5600 0.012160101
5605 0.012079054
5610 0.011997955
5615 0.012005696
5620 0.012012212
5625 0.011927145
5629 0.011932393
5635 0.011848413
5639 0.011765536
5645 0.011590799
5649 0.011507642
5655 0.011241815
5659 0.010974645
5665 0.010708328
5669 0.010440651
5675 0.010081848
5679 0.0098146566
5685 0.0094562458
5689 0.0091874278
5695 0.008919335
5699 0.0086509002
5705 0.0083822214
5709 0.0082035268
5715 0.0080246755
5719 0.0078465101
5725 0.007576821
5729 0.007398177
5735 0.0071272284
5740 0.0067653559
5745 0.006401752
5750 0.0060385248
5755 0.005583452
5760 0.0050359021
5765 0.0045800526
5770 0.0040321709
5775 0.0034841744
5780 0.0029355955
5785 0.0024779672
5790 0.0021117627
