4760 0.0018071942
4765 0.0027907354
4770 0.003853092
4775 0.0051459947
4780 0.0065189706
4785 0.0082761084
4790 0.010419294
4795 0.013101438
4800 0.016707305
4805 0.021618193
4810 0.028001663
4815 0.0357146
4820 0.044452331
4825 0.053444167
4830 0.062928516
4835 0.07398658
4840 0.08714689
4845 0.10213616
4850 0.11909297
4855 0.13688999
4860 0.1554204
4865 0.17618077
4870 0.19694518
4875 0.21591505
4880 0.23405937
4885 0.25369921
4890 0.27690242
4895 0.3005356
4900 0.32199769
4905 0.34303987
4910 0.36559693
4915 0.38809619
4920 0.40792498
4925 0.42519318
4930 0.44263134
4935 0.46170747
4940 0.48055024
4945 0.4967852
4950 0.5097434
4955 0.52224444
4960 0.53617716
4965 0.55001505
4970 0.56300859
4975 0.57461355
4980 0.58507098
4985 0.59546208
4990 0.60628015
4995 0.61636592
5000 0.62469322
5004 0.63134611
5010 0.63707086
5014 0.64289195
5020 0.64929032
5024 0.65601494
5030 0.66235951
5034 0.6680524
5040 0.67279021
5044 0.67703428
5050 0.6807956
5054 0.68448234
5060 0.68801186
5064 0.69138359
5070 0.69459695
5074 0.69765133
5080 0.70054616
5084 0.70320938
5090 0.70579539
5094 0.70813573
5100 0.71046871
5104 0.71248242
5110 0.7145729
5115 0.71641705
5120 0.71818038
5125 0.71962284
5130 0.72106658
5135 0.72233297
5140 0.72344495
5145 0.72455747
5150 0.72549165
5155 0.72643754
5160 0.7272997
5165 0.72807665
5170 0.72877068
5175 0.72937917
5180 0.72997737
5185 0.7305017
5190 0.73084576
5195 0.73118893
5200 0.73137256
5205 0.73154432
5210 0.73164039
5215 0.73165034
5220 0.7316693
5225 0.73167645
5230 0.73175668
5235 0.73175031
5240 0.73173159
5245 0.73163659
5250 0.73129447
5255 0.73095028
5260 0.73044582
5265 0.73001199
5270 0.72941589
5275 0.72880839
5280 0.72828202
5285 0.72766731
5290 0.72696716
5295 0.72642156
5300 0.7256183
5305 0.72481237
5310 0.72408604
5315 0.72318816
5320 0.72212733
5325 0.72106372
5330 0.71999733
5335 0.718828
5340 0.71774219
5345 0.71640641
5350 0.7150534
5355 0.71353698
5360 0.7120026
5365 0.71039185
5370 0.70869024
5375 0.70690551
5380 0.70526861
5385 0.70338956
5390 0.70158576
5395 0.69977807
5400 0.69788847
5405 0.69597885
5410 0.69405509
5415 0.69204959
5420 0.68986426
5425 0.68767467
5430 0.68521665
5435 0.68267207
5440 0.68002816
5445 0.67714675
5450 0.6744052
5455 0.6716784
5460 0.66936929
5465 0.66723282
5470 0.66501867
5475 0.66243105
5480 0.65921765
5485 0.65559285
5490 0.65245729
5495 0.6495338
5500 0.64667256
5505 0.64378882
5510 0.64071668
5515 0.6375741
5520 0.63424844
5525 0.63089298
5530 0.62719977
5535 0.62329662
5540 0.61914481
5545 0.61528222
5550 0.61201461
5555 0.6088318
5560 0.60530913
5565 0.60130965
5570 0.59667594
5575 0.59173102
5580 0.58684539
5585 0.58212978
5590 0.57785852
5595 0.57382474
5600 0.56981331
5605 0.56564229
5610 0.56101715
5615 0.55623381
5620 0.55138762
5625 0.54684151
5629 0.54256231
5635 0.53833402
5639 0.53388384
5645 0.5288302
5649 0.52346179
5655 0.51812076
5659 0.51290592
5665 0.50791957
5669 0.50314858
5675 0.4984611
5679 0.49391351
5685 0.48926979
5689 0.48447763
5695 0.47945976
5699 0.47397827
5705 0.4677644
5709 0.46122051
5715 0.45576509
5719 0.45126557
5725 0.44694115
5729 0.44188124
5735 0.43613155
5740 0.42996579
5745 0.42388744
5750 0.41830508
5755 0.41326698
5760 0.40864056
5765 0.40423544
5770 0.39955148
5775 0.39426184
5780 0.38869119
5785 0.38289183
5790 0.37727099
5795 0.37192078
5800 0.36674966
5805 0.36184978
5810 0.35698202
5815 0.35197941
5820 0.34673322
5825 0.34107807
5830 0.33486509
5835 0.32851957
5840 0.3228497
5845 0.31772842
5850 0.3130309
5855 0.30845538
5860 0.30369114
5865 0.29852145
5870 0.29264007
5875 0.28632413
5880 0.28071111
5885 0.27567544
5890 0.27100581
5895 0.26648821
5900 0.26175573
5905 0.25680758
5910 0.25130202
5915 0.24523678
5920 0.23921856
5925 0.23386775
5930 0.22925409
5935 0.22484507
5940 0.22045512
5945 0.21608438
5950 0.21189671
5955 0.20796267
5960 0.20395452
5965 0.19980836
5970 0.19500851
5975 0.1899465
5980 0.1850871
5985 0.18087561
5990 0.17694036
5995 0.173078
6000 0.16902593
6005 0.16470798
6010 0.16001323
6015 0.15529817
6020 0.15067358
6025 0.14632654
6030 0.14247385
6035 0.13886914
6040 0.13555678
6045 0.13225548
6050 0.12893717
6055 0.12541579
6060 0.12189218
6065 0.11847252
6070 0.11513175
6075 0.11197658
6080 0.10891331
6085 0.10603593
6090 0.10307354
6095 0.10019218
6100 0.097318912
6105 0.094527663
6110 0.091743995
6115 0.089052339
6120 0.086349406
6125 0.083738959
6130 0.081221088
6135 0.078615382
6140 0.076101966
6145 0.07368061
6150 0.071155599
6155 0.068723398
6160 0.066289666
6165 0.063854402
6170 0.061417606
6175 0.059174343
6180 0.056923409
6185 0.054871518
6190 0.052801243
6195 0.050924572
6200 0.049146412
6205 0.04736677
6210 0.045680417
6215 0.044078494
6220 0.042475894
6225 0.040971623
6230 0.03956531
6235 0.038157826
6240 0.03674917
6245 0.035430734
6250 0.034111472
6254 0.032886433
6260 0.031657404
6264 0.030434056
6270 0.029209692
6274 0.027984312
6280 0.026847636
6284 0.025713141
6290 0.02467069
6294 0.023537322
6300 0.022496056
6304 0.021551688
6310 0.020606537
6314 0.019656579
6320 0.018708154
6324 0.017856435
6330 0.017002282
6334 0.016149242
6340 0.015389511
6344 0.014630815
6350 0.013871492
6354 0.013205904
6360 0.012538615
6365 0.011873477
6370 0.011302435
6375 0.010729937
6380 0.010062413
6385 0.0095862
6390 0.0090128764
6395 0.0085360932
6400 0.0080590088
6405 0.0075816363
6410 0.0071999684
6415 0.0067213472
6420 0.0063398618
6425 0.0060535409
6430 0.0057676337
6435 0.0054809305
6440 0.005194054
6445 0.0049060001
6450 0.0047150538
6455 0.004427282
6460 0.0042360876
6465 0.0040451888
6470 0.0038541312
6475 0.0037593112
6480 0.0035672542
6485 0.0033751186
6490 0.0032796904
6495 0.0030873972
6500 0.0028950254
6505 0.0027988109
6510 0.0026068514
6515 0.0025110682
6520 0.0023188526
6525 0.002126264
6530 0.0020300292
