3900.105894811154 0.010315954253287978
3901.1060124720557 0.015307768147946963
3902.106130132957 0.02029958204260368
3903.106247793858 0.025291395937260396
3904.1063654547593 0.03028320983191711
3905.106483115661 0.0352750237265761
3906.106600776562 0.040266837621232815
3907.1067184374633 0.04525865151588953
3908.1068360983645 0.050250465410546244
3909.1069537592657 0.05524227930520296
3910.107071420167 0.059272564002421105
3911.107189081068 0.055283061217692636
3912.1073067419698 0.051293558432962356
3913.107424402871 0.047304055648233895
3914.107542063772 0.043314552863505426
3915.1076597246733 0.03932505007877696
3916.107777385575 0.03533554729404668
3917.107895046476 0.031346044509318216
3918.1080127073774 0.027356541724589747
3919.1081303682786 0.02336703893986128
3920.10824802918 0.019757774605645227
3921.108365690081 0.019281344461524408
3922.1084833509826 0.018804914317403366
3923.108601011884 0.018328484173282547
3924.108718672785 0.017852054029161724
3925.108836333686 0.0173756238850409
3926.108953994588 0.016899193740919864
3927.109071655489 0.01642276359679904
3928.1091893163903 0.01594633345267822
3929.1093069772915 0.015469903308557399
3930.1094246381926 0.022598097604197943
3931.109542299094 0.09162629943643485
3932.109659959995 0.16065450126867176
3933.1097776208967 0.22968270310094008
3934.109895281798 0.298710904933177
3935.110012942699 0.3677391067654139
3936.1101306036003 0.4367673085976508
3937.110248264502 0.5057955104299191
3938.110365925403 0.574823712262156
3939.1104835863043 0.6438519140943929
3940.1106012472055 0.7038705161908593
3941.1107189081067 0.6914289331783469
3942.110836569008 0.6789873501658344
3943.1109542299096 0.6665457671533163
3944.1110718908108 0.6541041841408038
3945.111189551712 0.6416626011282914
3946.111307212613 0.6292210181157789
3947.111424873515 0.6167794351032608
3948.111542534416 0.6043378520907484
3949.111660195317 0.5918962690782359
3950.1117778562184 0.5822035917674394
3951.1118955171196 0.5943574808229053
3952.112013178021 0.6065113698783712
3953.112130838922 0.6186652589338372
3954.1122484998236 0.6308191479893086
3955.112366160725 0.6429730370447745
3956.112483821626 0.6551269261002405
3957.112601482527 0.6672808151557064
3958.112719143429 0.6794347042111778
3959.11283680433 0.6915885932666438
3960.1129544652313 0.7316816944935378
3961.1130721261325 0.9912140246500265
3962.1131897870337 1.2507463548065152
3963.113307447935 1.5102786849630037
3964.1134251088365 1.7698110151196105
3965.1135427697377 2.029343345276099
3966.113660430639 2.2888756754325876
3967.11377809154 2.548408005589076
3968.1138957524417 2.807940335745683
3969.114013413343 3.067472665902171
3970.114131074244 3.275738654555792
3971.1142487351453 3.086029847831956
3972.1143663960465 2.89632104110812
3973.1144840569477 2.706612234384284
3974.114601717849 2.5169034276604485
3975.1147193787506 2.327194620936526
3976.114837039652 2.1374858142126905
3977.114954700553 1.9477770074888545
3978.115072361454 1.7580682007650186
3979.115190022356 1.5683593940410965
3980.115307683257 1.436706458601415
3981.115425344158 1.7505434742393957
3982.1155430050594 2.0643804898773768
3983.1156606659606 2.3782175055153574
3984.115778326862 2.692054521153338
3985.115895987763 3.0058915367913186
3986.1160136486646 3.319728552429442
3987.116131309566 3.633565568067423
3988.116248970467 3.9474025837054034
3989.1163666313682 4.261239599343384
3990.11648429227 8.21844581789249
3991.116601953171 39.81373558573759
3992.1167196140723 71.40902535358268
3993.1168372749735 103.00431512142777
3994.1169549358747 134.59960488927285
3995.117072596776 166.19489465711794
3996.1171902576775 197.7901844249774
3997.1173079185787 229.3854741928225
3998.11742557948 260.9807639606676
3999.117543240381 292.5760537285127
4000.1176609012828 351.1655565597432
4001.117778562184 612.2116573657205
4002.117896223085 873.2577581716978
4003.1180138839864 1134.303858977675
4004.1181315448875 1395.3499597836524
4005.1182492057887 1656.3960605896295
4006.11836686669 1917.442161395607
4007.1184845275916 2178.488262201703
4008.118602188493 2439.5343630076804
4009.118719849394 2700.580463813658
4010.118837510295 2960.8436059452574
4011.118955171197 3215.300450580838
4012.119072832098 3469.757295216303
4013.119190492999 3724.214139851768
4014.1193081539004 3978.670984487233
4015.1194258148016 4233.127829122698
4016.119543475703 4487.584673758163
4017.1196611366045 4742.041518393744
4018.1197787975057 4996.498363029209
4019.119896458407 5250.955207664674
4020.120014119308 5488.732170928564
4021.1201317802097 5604.190004134188
4022.120249441111 5719.647837339758
4023.120367102012 5835.105670545328
4024.1204847629133 5950.563503750899
4025.1206024238145 6066.02133695647
4026.1207200847157 6181.47917016204
4027.120837745617 6296.9370033676105
4028.1209554065185 6412.394836573234
4029.1210730674197 6527.852669778804
4030.121190728321 6629.006823601395
4031.1213083892226 6626.424584228932
4032.121426050124 6623.84234485647
4033.121543711025 6621.260105484009
4034.121661371926 6618.677866111547
4035.1217790328274 6616.095626739086
4036.1218966937286 6613.513387366624
4037.1220143546298 6610.931147994162
4038.122132015531 6608.3489086217005
4039.1222496764326 6605.766669249238
4040.122367337334 6605.865964792039
4041.122484998235 6625.200116553939
4042.1226026591366 6644.534268315848
4043.122720320038 6663.868420077748
4044.122837980939 6683.202571839647
4045.1229556418402 6702.536723601547
4046.1230733027414 6721.870875363447
4047.1231909636426 6741.205027125347
4048.123308624544 6760.539178887247
4049.123426285445 6779.873330649147
4050.1235439463467 6798.110668345678
4051.123661607248 6808.565849102148
4052.1237792681495 6819.021029858623
4053.1238969290507 6829.476210615092
4054.124014589952 6839.931391371561
4055.124132250853 6850.386572128031
4056.1242499117543 6860.8417528845
4057.1243675726555 6871.296933640971
4058.1244852335567 6881.75211439744
4059.124602894458 6892.207295153909
4060.1247205553595 6902.073293538587
4061.1248382162607 6907.803898672163
4062.124955877162 6913.5345038057385
4063.1250735380636 6919.265108939317
4064.125191198965 6924.995714072892
4065.125308859866 6930.726319206467
4066.125426520767 6936.456924340044
4067.1255441816684 6942.187529473619
4068.1256618425696 6947.918134607195
4069.1257795034708 6953.64873974077
4070.125897164372 6958.759477617076
4071.1260148252736 6959.565903604104
4072.126132486175 6960.372329591131
4073.1262501470765 6961.178755578159
4074.1263678079777 6961.985181565187
4075.126485468879 6962.791607552215
4076.12660312978 6963.598033539242
4077.1267207906812 6964.40445952627
4078.1268384515824 6965.210885513298
4079.1269561124836 6966.017311500325
4080.127073773385 6968.795978679547
4081.1271914342865 6985.124673308879
4082.1273090951877 7001.453367938205
4083.127426756089 7017.7820625675295
4084.1275444169905 7034.110757196862
4085.1276620778917 7050.439451826187
4086.127779738793 7066.768146455512
4087.127897399694 7083.096841084837
4088.1280150605953 7099.425535714162
4089.1281327214965 7115.754230343487
4090.1282503823977 7130.804252803206
4091.128368043299 7137.161650697052
4092.1284857042006 7143.5190485909025
4093.1286033651018 7149.876446484749
4094.1287210260034 7156.233844378598
4095.1288386869046 7162.591242272446
4096.128956347806 7168.9486401662925
4097.129074008707 7175.306038060139
4098.129191669608 7181.663435953986
4099.129309330509 7188.020833847833
4100.129426991411 7194.214107857877
4101.129544652312 7199.303275740516
4102.129662313213 7204.3924436231555
4103.129779974115 7209.481611505799
4104.129897635015 7214.570779388435
4105.1300152959175 7219.659947271079
4106.130132956819 7224.749115153718
4107.13025061772 7229.838283036357
4108.130368278621 7234.927450918997
4109.130485939522 7240.0166188016365
4110.1306036004235 7243.78230723868
4111.130721261325 7238.736722609993
4112.130838922226 7233.691137981307
4113.130956583127 7228.6455533526205
4114.131074244029 7223.599968723929
4115.131191904929 7218.554384095247
4116.1313095658315 7213.5087994665555
4117.131427226733 7208.463214837869
4118.131544887634 7203.417630209183
4119.131662548535 7198.372045580496
4120.131780209436 7195.130470910975
4121.1318978703375 7203.776033293828
4122.132015531239 7212.42159567668
4123.132133192141 7221.067158059541
4124.132250853041 7229.712720442385
4125.132368513943 7238.358282825246
4126.132486174844 7247.003845208097
4127.132603835746 7255.6494075909495
4128.132721496647 7264.294969973802
4129.132839157548 7272.940532356654
4130.132956818449 7281.62134855421
4131.13307447935 7290.532094498993
4132.133192140252 7299.442840443775
4133.133309801153 7308.353586388556
4134.133427462055 7317.264332333347
4135.133545122955 7326.175078278121
4136.133662783857 7335.085824222911
4137.1337804447585 7343.996570167693
4138.13389810566 7352.907316112474
4139.134015766561 7361.818062057257
4140.134133427462 7370.683644683267
4141.134251088363 7379.257646584574
4142.1343687492645 7387.8316484858815
4143.134486410166 7396.405650387189
4144.134604071067 7404.979652288496
4145.134721731969 7413.553654189812
4146.134839392869 7422.127656091111
4147.134957053771 7430.701657992427
4148.135074714673 7439.275659893734
4149.135192375574 7447.84966179504
4150.135310036475 7455.6299688666195
4151.135427697376 7458.337530722111
4152.135545358277 7461.045092577603
4153.1356630191785 7463.752654433095
4154.13578068008 7466.460216288588
4155.135898340981 7469.167778144079
4156.136016001883 7471.875339999573
4157.136133662783 7474.582901855063
4158.136251323685 7477.290463710557
4159.136368984587 7479.998025566048
4160.136486645488 7483.17797147614
4161.136604306389 7489.346968214468
4162.13672196729 7495.515964952796
4163.136839628191 7501.684961691123
4164.136957289093 7507.853958429451
4165.137074949994 7514.022955167779
4166.137192610895 7520.191951906107
4167.137310271797 7526.36094864444
4168.137427932698 7532.529945382768
4169.1375455935995 7538.698942121096
4170.137663254501 7544.7127703786155
4171.137780915402 7549.754474735002
4172.137898576303 7554.796179091389
4173.138016237204 7559.837883447776
4174.1381338981055 7564.879587804163
4175.138251559007 7569.9212921605495
4176.138369219909 7574.962996516941
4177.138486880809 7580.004700873324
4178.138604541711 7585.046405229715
4179.138722202612 7590.088109586101
4180.138839863514 7594.874047976152
4181.138957524415 7598.073370371643
4182.139075185316 7601.272692767135
4183.139192846217 7604.472015162626
4184.139310507118 7607.671337558118
4185.13942816802 7610.870659953609
4186.139545828921 7614.0699823491
4187.139663489823 7617.269304744595
4188.139781150723 7620.468627140082
4189.139898811625 7623.6679495355775
4190.140016472526 7627.788649756446
4191.140134133428 7637.569242333195
4192.140251794329 7647.349834909944
4193.14036945523 7657.130427486692
4194.140487116131 7666.91102006344
4195.140604777032 7676.691612640188
4196.140722437934 7686.472205216937
4197.140840098835 7696.252797793686
4198.140957759737 7706.033390370443
4199.141075420637 7715.813982947183
4200.141193081539 7725.106351483571
4201.1413107424405 7731.428690441046
4202.141428403342 7737.75102939852
4203.141546064243 7744.073368355995
4204.141663725144 7750.395707313469
4205.141781386045 7756.718046270943
4206.1418990469465 7763.040385228418
4207.142016707848 7769.362724185892
4208.142134368749 7775.685063143366
4209.142252029651 7782.007402100847
4210.142369690551 7787.931506926515
4211.142487351453 7791.456333387863
4212.142605012355 7794.981159849209
4213.142722673256 7798.505986310553
4214.142840334157 7802.030812771898
4215.142957995058 7805.555639233244
4216.143075655959 7809.080465694588
4217.143193316861 7812.605292155933
4218.143310977763 7816.130118617281
4219.143428638663 7819.654945078623
4220.143546299565 7822.864017040287
4221.143663960466 7824.188914610394
4222.143781621367 7825.5138121805
4223.143899282269 7826.8387097506065
4224.14401694317 7828.163607320714
4225.144134604071 7829.48850489082
4226.144252264972 7830.813402460927
4227.144369925873 7832.138300031033
4228.144487586775 7833.463197601141
4229.144605247677 7834.788095171248
4230.144722908577 7836.671884575389
4231.144840569479 7841.859042787225
4232.14495823038 7847.046200999056
4233.1450758912815 7852.233359210887
4234.145193552183 7857.420517422718
4235.145311213084 7862.607675634549
4236.145428873985 7867.79483384638
4237.145546534886 7872.981992058211
4238.1456641957875 7878.169150270042
4239.145781856689 7883.356308481873
4240.145899517591 7888.2360246599865
4241.146017178491 7891.315717318079
4242.146134839393 7894.395409976178
4243.146252500294 7897.475102634273
4244.146370161196 7900.554795292368
4245.146487822097 7903.634487950464
4246.146605482998 7906.714180608559
4247.146723143899 7909.793873266654
4248.1468408048 7912.87356592475
4249.146958465702 7915.953258582846
4250.147076126603 7919.062260439961
4251.147193787505 7922.341255651401
4252.147311448405 7925.620250862835
4253.147429109307 7928.899246074275
4254.1475467702085 7932.178241285711
4255.14766443111 7935.457236497148
4256.147782092011 7938.7362317085845
4257.147899752912 7942.015226920022
4258.148017413813 7945.294222131458
4259.148135074714 7948.573217342895
4260.148252735616 7952.207494921103
4261.148370396517 7957.8832362575895
4262.148488057419 7963.558977594081
4263.14860571832 7969.2347189305665
4264.148723379221 7974.910460267053
4265.1488410401225 7980.586201603539
4266.148958701024 7986.261942940026
4267.149076361925 7991.937684276512
4268.149194022826 7997.613425612998
4269.149311683727 8003.289166949485
4270.1494293446285 8008.284845660795
4271.149547005531 8009.40898675004
4272.149664666431 8010.533127839282
4273.149782327333 8011.657268928527
4274.149899988234 8012.78141001777
4275.150017649135 8013.905551107014
4276.150135310037 8015.029692196257
4277.150252970938 8016.153833285501
4278.150370631839 8017.277974374744
4279.15048829274 8018.402115463988
4280.150605953641 8019.716525923771
4281.150723614543 8022.104174551755
4282.150841275445 8024.491823179742
4283.150958936345 8026.879471807724
4284.151076597247 8029.267120435711
4285.151194258148 8031.654769063695
4286.1513119190495 8034.04241769168
4287.151429579951 8036.430066319665
4288.151547240852 8038.817714947649
4289.151664901753 8041.205363575634
4290.151782562654 8043.957033660421
4291.1519002235555 8048.74327328285
4292.152017884457 8053.529512905278
4293.152135545359 8058.315752527711
4294.152253206259 8063.101992150136
4295.152370867161 8067.888231772568
4296.152488528062 8072.674471394997
4297.152606188964 8077.460711017426
4298.152723849865 8082.246950639855
4299.152841510766 8087.033190262283
4300.152959171667 8091.493406271511
4301.153076832568 8094.147953038397
4302.1531944934695 8096.802499805282
4303.153312154371 8099.457046572168
4304.153429815273 8102.1115933390565
4305.153547476173 8104.7661401059395
4306.153665137075 8107.420686872828
4307.153782797976 8110.075233639714
4308.153900458878 8112.729780406599
4309.154018119779 8115.384327173485
4310.15413578068 8118.675399006475
4311.154253441581 8125.460070248083
4312.154371102482 8132.244741489691
4313.1544887633845 8139.029412731305
4314.154606424285 8145.814083972906
4315.154724085187 8152.59875521452
4316.154841746088 8159.383426456127
4317.154959406989 8166.168097697735
4318.1550770678905 8172.9527689393435
4319.155194728792 8179.737440180951
4320.155312389693 8185.932369187444
4321.155430050594 8188.919457854453
4322.155547711495 8191.906546521462
4323.1556653723965 8194.89363518847
4324.155783033299 8197.88072385548
4325.155900694199 8200.867812522487
4326.156018355101 8203.854901189497
4327.156136016002 8206.841989856506
4328.156253676903 8209.829078523515
4329.156371337805 8212.816167190524
4330.156488998706 8215.65796761251
4331.156606659607 8217.716522382754
4332.156724320508 8219.775077152999
4333.156841981409 8221.833631923246
4334.1569596423105 8223.89218669349
4335.157077303213 8225.95074146374
4336.157194964113 8228.009296233982
4337.157312625015 8230.067851004229
4338.157430285916 8232.126405774476
4339.157547946817 8234.18496054472
4340.157665607719 8236.416208367811
4341.15778326862 8239.570204144911
4342.157900929521 8242.72419992201
4343.158018590422 8245.878195699108
4344.158136251323 8249.032191476208
4345.158253912225 8252.186187253306
4346.158371573127 8255.340183030408
4347.158489234027 8258.494178807505
4348.158606894929 8261.648174584607
4349.15872455583 8264.802170361705
4350.1588422167315 8267.456472273752
4351.158959877633 8267.464247419051
4352.159077538534 8267.47202256435
4353.159195199435 8267.47979770965
4354.159312860336 8267.487572854949
4355.1594305212375 8267.495348000248
4356.159548182139 8267.503123145547
4357.159665843041 8267.510898290844
4358.159783503942 8267.518673436143
4359.159901164843 8267.526448581442
4360.160018825744 8267.599455353775
4361.160136486646 8268.014928168031
4362.160254147547 8268.430400982286
4363.160371808448 8268.845873796543
4364.160489469349 8269.2613466108
4365.16060713025 8269.676819425056
4366.1607247911525 8270.092292239311
4367.160842452053 8270.507765053568
4368.160960112955 8270.923237867824
4369.161077773856 8271.338710682081
4370.161195434757 8272.708966059758
4371.161313095658 8279.048272296695
4372.16143075656 8285.387578533631
4373.161548417461 8291.726884770567
4374.161666078362 8298.066191007503
4375.161783739263 8304.405497244441
4376.161901400164 8310.744803481377
4377.1620190610665 8317.084109718318
4378.162136721967 8323.423415955249
4379.162254382869 8329.762722192192
4380.16237204377 8335.791057300019
4381.162489704671 8340.214961654761
4382.1626073655725 8344.638866009505
4383.162725026474 8349.062770364248
4384.162842687375 8353.48667471899
4385.162960348276 8357.910579073734
4386.163078009177 8362.334483428476
4387.1631956700785 8366.758387783218
4388.163313330981 8371.182292137966
4389.163430991881 8375.606196492705
4390.163548652783 8379.743615994968
4391.163666313684 8382.415634561148
4392.163783974585 8385.087653127326
4393.163901635487 8387.759671693506
4394.164019296388 8390.431690259684
4395.164136957289 8393.103708825864
4396.16425461819 8395.775727392042
4397.164372279091 8398.447745958221
4398.164489939993 8401.1197645244
4399.164607600895 8403.79178309058
4400.164725261795 8406.746686190225
4401.164842922697 8411.136217995327
4402.164960583598 8415.525749800423
4403.165078244499 8419.915281605521
4404.165195905401 8424.304813410617
4405.165313566302 8428.694345215714
4406.165431227203 8433.083877020812
4407.165548888104 8437.473408825908
4408.165666549006 8441.86294063101
4409.165784209907 8446.252472436103
4410.165901870809 8449.892673309369
4411.16601953171 8449.764961908382
4412.166137192611 8449.637250507398
4413.166254853512 8449.509539106411
4414.1663725144135 8449.381827705425
4415.166490175315 8449.254116304439
4416.166607836216 8449.126404903453
4417.166725497117 8448.998693502466
4418.166843158018 8448.870982101482
4419.16696081892 8448.743270700495
4420.167078479821 8448.82799007542
4421.167196140723 8449.971871347143
4422.167313801624 8451.115752618864
4423.167431462525 8452.259633890586
4424.167549123426 8453.403515162307
4425.167666784328 8454.547396434027
4426.167784445229 8455.69127770575
4427.16790210613 8456.83515897747
4428.168019767031 8457.979040249193
4429.168137427932 8459.122921520913
4430.1682550888345 8460.585075179213
4431.168372749735 8463.62078532218
4432.168490410637 8466.656495465155
4433.168608071538 8469.692205608126
4434.168725732439 8472.727915751097
4435.1688433933405 8475.76362589407
4436.168961054242 8478.79933603704
4437.169078715143 8481.835046180011
4438.169196376044 8484.870756322982
4439.169314036945 8487.906466465955
4440.169431697846 8490.281394076925
4441.169549358749 8489.416651774052
4442.169667019649 8488.55190947118
4443.169784680551 8487.687167168307
4444.169902341452 8486.822424865435
4445.170020002353 8485.957682562563
4446.1701376632545 8485.09294025969
4447.170255324156 8484.22819795682
4448.170372985057 8483.363455653947
4449.170490645958 8482.498713351075
4450.170608306859 8482.086373660724
4451.1707259677605 8483.873646672635
4452.170843628663 8485.660919684547
4453.170961289564 8487.44819269646
4454.171078950465 8489.23546570837
4455.171196611366 8491.022738720281
4456.171314272267 8492.810011732194
4457.171431933169 8494.597284744104
4458.17154959407 8496.384557756015
4459.171667254971 8498.171830767928
4460.171784915872 8500.504416517257
4461.171902576774 8505.466455466201
4462.172020237675 8510.428494415135
4463.172137898577 8515.39053336408
4464.172255559478 8520.352572313019
4465.172373220379 8525.314611261958
4466.17249088128 8530.276650210897
4467.1726085421815 8535.238689159836
4468.172726203083 8540.200728108775
4469.172843863984 8545.162767057715
4470.172961524885 8549.356861506301
4471.173079185786 8549.878405045032
4472.173196846688 8550.399948583763
4473.173314507589 8550.921492122494
4474.173432168491 8551.443035661225
4475.173549829392 8551.964579199956
4476.173667490293 8552.486122738688
4477.173785151194 8553.007666277419
4478.173902812096 8553.52920981615
4479.174020472997 8554.05075335488
4480.174138133898 8554.855014097995
4481.174255794799 8557.000271310553
4482.1743734557 8559.14552852311
4483.174491116602 8561.29078573567
4484.174608777503 8563.436042948226
4485.174726438405 8565.581300160786
4486.174844099306 8567.726557373342
4487.174961760207 8569.8718145859
4488.175079421108 8572.017071798458
4489.17519708201 8574.162329011016
4490.175314742911 8576.434283268953
4491.175432403812 8579.30230886119
4492.175550064713 8582.170334453427
4493.175667725614 8585.038360045664
4494.1757853865165 8587.906385637903
4495.175903047417 8590.774411230137
4496.176020708319 8593.642436822378
4497.17613836922 8596.510462414615
4498.176256030121 8599.378488006852
4499.1763736910225 8602.24651359909
4500.176491351924 8605.016525607645
4501.176609012825 8607.329140892354
4502.176726673726 8609.641756177063
4503.176844334627 8611.954371461772
4504.1769619955285 8614.266986746481
4505.177079656431 8616.579602031192
4506.177197317332 8618.8922173159
4507.177314978233 8621.20483260061
4508.177432639134 8623.517447885319
4509.177550300035 8625.830063170028
4510.177667960937 8627.902026441228
4511.177785621838 8628.859978073735
4512.177903282739 8629.817929706242
4513.17802094364 8630.77588133875
4514.178138604542 8631.733832971258
4515.1782562654425 8632.691784603765
4516.178373926345 8633.649736236272
4517.178491587246 8634.60768786878
4518.178609248147 8635.565639501287
4519.178726909048 8636.523591133795
4520.178844569949 8637.099276186706
4521.178962230851 8635.919552867532
4522.179079891752 8634.739829548356
4523.179197552653 8633.56010622918
4524.179315213554 8632.380382910005
4525.179432874456 8631.20065959083
4526.179550535357 8630.020936271656
4527.179668196259 8628.841212952479
4528.17978585716 8627.661489633303
4529.179903518061 8626.48176631413
4530.180021178962 8625.360540826963
4531.1801388398635 8624.505805463394
4532.180256500765 8623.651070099824
4533.180374161666 8622.796334736257
4534.180491822567 8621.941599372687
4535.180609483468 8621.086864009118
4536.18072714437 8620.232128645548
4537.180844805271 8619.37739328198
4538.180962466173 8618.522657918411
4539.181080127074 8617.667922554841
4540.181197787975 8617.428663914126
4541.181315448876 8619.971040332539
4542.181433109778 8622.513416750951
4543.181550770679 8625.055793169364
4544.18166843158 8627.598169587776
4545.181786092481 8630.140546006189
4546.181903753382 8632.682922424601
4547.1820214142845 8635.225298843017
4548.182139075186 8637.76767526143
4549.182256736087 8640.310051679842
4550.182374396988 8642.834008571625
4551.182492057889 8645.27537468271
4552.18260971879 8647.716740793796
4553.182727379692 8650.15810690488
4554.182845040593 8652.599473015967
4555.182962701494 8655.040839127052
4556.183080362396 8657.48220523814
4557.183198023296 8659.923571349223
4558.1833156841985 8662.364937460312
4559.1834333451 8664.806303571399
4560.183551006001 8667.021500271525
4561.183668666902 8668.230533053673
4562.183786327803 8669.43956583582
4563.1839039887045 8670.648598617969
4564.184021649606 8671.857631400115
4565.184139310507 8673.066664182263
4566.184256971408 8674.27569696441
4567.18437463231 8675.484729746559
4568.1844922932105 8676.693762528706
4569.184609954113 8677.902795310854
4570.184727615014 8679.027333725491
4571.184845275915 8679.778912925574
4572.184962936816 8680.530492125657
4573.185080597717 8681.28207132574
4574.185198258619 8682.033650525826
4575.18531591952 8682.785229725909
4576.185433580421 8683.536808925992
4577.185551241322 8684.288388126075
4578.185668902224 8685.03996732616
4579.185786563125 8685.791546526241
4580.185904224027 8686.832653599837
4581.186021884928 8689.141819461205
4582.186139545829 8691.450985322572
4583.18625720673 8693.76015118394
4584.1863748676315 8696.069317045309
4585.186492528533 8698.378482906677
4586.186610189434 8700.687648768046
4587.186727850335 8702.996814629414
4588.186845511236 8705.305980490783
4589.186963172138 8707.615146352153
4590.187080833039 8709.0973213018
4591.187198493941 8706.985466565919
4592.187316154842 8704.873611830037
4593.187433815743 8702.761757094157
4594.187551476644 8700.649902358275
4595.1876691375455 8698.538047622395
4596.187786798447 8696.426192886513
4597.187904459348 8694.314338150632
4598.188022120249 8692.20248341475
4599.18813978115 8690.09062867887
4600.188257442052 8687.855529471999
4601.188375102954 8685.088938484001
4602.188492763855 8682.322347496001
4603.188610424756 8679.555756508003
4604.188728085657 8676.789165520004
4605.188845746558 8674.022574532004
4606.18896340746 8671.255983544006
4607.189081068361 8668.489392556006
4608.189198729262 8665.722801568007
4609.189316390164 8662.956210580005
4610.189434051064 8661.153511904275
4611.1895517119665 8663.475793372345
4612.189669372868 8665.798074840415
4613.189787033769 8668.120356308485
4614.18990469467 8670.442637776554
4615.190022355571 8672.764919244624
4616.1901400164725 8675.087200712695
4617.190257677374 8677.409482180763
4618.190375338275 8679.731763648833
4619.190492999176 8682.054045116904
4620.190610660078 8684.31865480497
4621.190728320978 8686.338337427336
4622.190845981881 8688.358020049705
4623.190963642782 8690.37770267207
4624.191081303683 8692.397385294438
4625.191198964584 8694.417067916806
4626.191316625485 8696.436750539173
4627.1914342863865 8698.45643316154
4628.191551947288 8700.476115783908
4629.191669608189 8702.495798406275
4630.19178726909 8703.86780540555
4631.191904929992 8702.510038459652
4632.1920225908925 8701.152271513754
4633.192140251795 8699.794504567855
4634.192257912696 8698.436737621956
4635.192375573597 8697.078970676057
4636.192493234498 8695.72120373016
4637.192610895399 8694.36343678426
4638.192728556301 8693.005669838361
4639.192846217202 8691.647902892464
4640.192963878103 8690.756939041388
4641.193081539004 8691.81857837964
4642.193199199906 8692.880217717893
4643.1933168608075 8693.941857056145
4644.193434521709 8695.003496394398
4645.19355218261 8696.06513573265
4646.193669843511 8697.126775070901
4647.193787504412 8698.188414409153
4648.1939051653135 8699.250053747404
4649.194022826215 8700.311693085658
4650.194140487116 8701.670670417145
4651.194258148018 8704.26405093268
4652.194375808918 8706.857431448207
4653.19449346982 8709.45081196374
4654.194611130722 8712.04419247927
4655.194728791623 8714.637572994801
4656.194846452524 8717.230953510332
4657.194964113425 8719.824334025863
4658.195081774326 8722.417714541394
4659.195199435228 8725.011095056925
4660.195317096129 8726.86759833491
4661.19543475703 8725.68781227264
4662.195552417932 8724.508026210367
4663.195670078832 8723.3282401481
4664.195787739734 8722.148454085827
4665.195905400636 8720.968668023557
4666.196023061537 8719.788881961287
4667.196140722438 8718.609095899017
4668.196258383339 8717.429309836745
4669.19637604424 8716.249523774475
4670.196493705142 8715.432446280976
4671.196611366043 8716.098781676525
4672.196729026944 8716.765117072075
4673.196846687846 8717.431452467623
4674.196964348746 8718.097787863171
4675.1970820096485 8718.764123258721
4676.19719967055 8719.43045865427
4677.197317331451 8720.096794049818
4678.197434992352 8720.763129445366
4679.197552653253 8721.429464840916
4680.1976703141545 8722.122764398133
4681.197787975056 8722.925525611648
4682.197905635957 8723.728286825166
4683.198023296858 8724.531048038682
4684.19814095776 8725.333809252199
4685.1982586186605 8726.136570465715
4686.198376279563 8726.939331679232
4687.198493940464 8727.74209289275
4688.198611601365 8728.544854106265
4689.198729262266 8729.34761531978
4690.198846923167 8729.964736671232
4691.198964584069 8729.833806270814
4692.19908224497 8729.702875870393
4693.199199905871 8729.571945469972
4694.199317566772 8729.441015069553
4695.199435227674 8729.310084669132
4696.199552888575 8729.179154268711
4697.199670549477 8729.048223868293
4698.199788210378 8728.917293467872
4699.199905871279 8728.786363067453
4700.20002353218 8728.484946655739
4701.200141193081 8727.501586198858
4702.200258853983 8726.518225741975
4703.200376514884 8725.534865285092
4704.200494175786 8724.551504828209
4705.200611836686 8723.568144371327
4706.200729497588 8722.584783914444
4707.2008471584895 8721.601423457561
4708.200964819391 8720.61806300068
4709.201082480292 8719.634702543797
4710.201200141193 8719.119920390205
4711.201317802094 8720.46575032979
4712.2014354629955 8721.811580269374
4713.201553123897 8723.157410208956
4714.201670784798 8724.50324014854
4715.2017884457 8725.849070088127
4716.2019061066 8727.194900027709
4717.202023767502 8728.540729967295
4718.202141428404 8729.88655990688
4719.202259089305 8731.232389846464
4720.202376750206 8731.79781327589
4721.202494411107 8729.286983136217
4722.202612072008 8726.776152996541
4723.20272973291 8724.265322856867
4724.202847393811 8721.754492717191
4725.202965054712 8719.243662577517
4726.203082715614 8716.73283243784
4727.203200376514 8714.222002298167
4728.2033180374165 8711.71117215849
4729.203435698318 8709.200342018814
4730.203553359219 8706.323340792685
4731.20367102012 8702.013404158868
4732.203788681021 8697.703467525052
4733.203906341922 8693.393530891235
4734.204024002824 8689.08359425742
4735.204141663725 8684.773657623602
4736.204259324626 8680.463720989786
4737.204376985528 8676.153784355965
4738.204494646429 8671.84384772215
4739.2046123073305 8667.533911088332
4740.204729968232 8664.193964274498
4741.204847629133 8664.622483657833
4742.204965290034 8665.051003041168
4743.205082950935 8665.479522424503
4744.2052006118365 8665.90804180784
4745.205318272738 8666.336561191174
4746.20543593364 8666.765080574509
4747.20555359454 8667.193599957844
4748.205671255442 8667.622119341178
4749.205788916343 8668.050638724513
4750.205906577245 8669.05207788372
4751.206024238146 8672.263350464142
4752.206141899047 8675.474623044563
4753.206259559948 8678.685895624985
4754.206377220849 8681.897168205407
4755.206494881751 8685.10844078583
4756.206612542652 8688.319713366252
4757.206730203554 8691.530985946676
4758.206847864454 8694.742258527096
4759.206965525356 8697.953531107521
4760.2070831862575 8700.505191327418
4761.207200847159 8700.530836030317
4762.20731850806 8700.556480733214
4763.207436168961 8700.58212543611
4764.207553829862 8700.607770139008
4765.2076714907635 8700.633414841905
4766.207789151665 8700.659059544801
4767.207906812566 8700.684704247698
4768.208024473468 8700.710348950595
4769.208142134368 8700.735993653492
4770.20825979527 8700.356821693133
4771.208377456172 8698.438431572482
4772.208495117073 8696.52004145183
4773.208612777974 8694.601651331177
4774.208730438875 8692.683261210526
4775.208848099776 8690.764871089874
4776.2089657606775 8688.846480969223
4777.209083421579 8686.92809084857
4778.20920108248 8685.009700727918
4779.209318743382 8683.091310607266
4780.209436404282 8681.550182018316
4781.209554065184 8681.43332168388
4782.209671726086 8681.316461349443
4783.209789386987 8681.199601015007
4784.209907047888 8681.082740680571
4785.210024708789 8680.965880346133
4786.21014236969 8680.849020011698
4787.210260030592 8680.732159677262
4788.210377691493 8680.615299342826
4789.210495352394 8680.498439008388
4790.210613013296 8680.198057453863
4791.210730674197 8679.209727638558
4792.2108483350985 8678.221397823252
4793.210965996 8677.233068007949
4794.211083656901 8676.244738192643
4795.211201317802 8675.256408377338
4796.211318978703 8674.268078562032
4797.2114366396045 8673.279748746727
4798.211554300506 8672.291418931423
4799.211671961408 8671.303089116116
4800.211789622308 8670.1453794463
4801.21190728321 8668.357200318014
4802.212024944111 8666.569021189729
4803.212142605013 8664.780842061446
4804.212260265914 8662.992662933162
4805.212377926815 8661.204483804877
4806.212495587716 8659.416304676593
4807.212613248617 8657.628125548308
4808.2127309095185 8655.839946420025
4809.21284857042 8654.051767291741
4810.212966231322 8652.852715236028
4811.213083892222 8653.831154956837
4812.213201553124 8654.809594677648
4813.213319214025 8655.788034398458
4814.213436874927 8656.76647411927
4815.213554535828 8657.744913840079
4816.213672196729 8658.723353560888
4817.21378985763 8659.7017932817
4818.213907518531 8660.68023300251
4819.214025179433 8661.658672723319
4820.214142840334 8662.879832157021
4821.214260501236 8664.99185295453
4822.214378162136 8667.103873752036
4823.214495823038 8669.215894549545
4824.2146134839395 8671.327915347052
4825.214731144841 8673.43993614456
4826.214848805742 8675.551956942067
4827.214966466643 8677.663977739574
4828.215084127544 8679.77599853708
4829.2152017884455 8681.888019334587
4830.215319449347 8683.911864952008
4831.215437110248 8685.614328902118
4832.21555477115 8687.316792852229
4833.215672432051 8689.01925680234
4834.215790092952 8690.72172075245
4835.215907753854 8692.424184702559
4836.216025414755 8694.12664865267
4837.216143075656 8695.82911260278
4838.216260736557 8697.531576552889
4839.216378397458 8699.234040502999
4840.21649605836 8700.34435497349
4841.216613719262 8699.311345784052
4842.216731380162 8698.278336594614
4843.216849041064 8697.245327405177
4844.216966701965 8696.21231821574
4845.217084362866 8695.1793090263
4846.217202023768 8694.146299836862
4847.217319684669 8693.113290647425
4848.21743734557 8692.080281457987
4849.217555006471 8691.04727226855
4850.217672667372 8690.080628084941
4851.217790328274 8689.352539192558
4852.217907989176 8688.624450300173
4853.218025650076 8687.896361407787
4854.218143310978 8687.168272515402
4855.218260971879 8686.440183623017
4856.2183786327805 8685.712094730634
4857.218496293682 8684.984005838249
4858.218613954583 8684.255916945864
4859.218731615484 8683.52782805348
4860.218849276385 8682.338201142009
4861.2189669372865 8679.500933130144
4862.219084598188 8676.66366511828
4863.21920225909 8673.826397106413
4864.21931991999 8670.989129094552
4865.219437580892 8668.151861082686
4866.219555241793 8665.314593070822
4867.219672902695 8662.477325058957
4868.219790563596 8659.640057047092
4869.219908224497 8656.802789035228
4870.220025885398 8654.381724295821
4871.220143546299 8653.43628934058
4872.220261207201 8652.490854385338
4873.220378868102 8651.545419430098
4874.220496529004 8650.599984474857
4875.220614189904 8649.654549519615
4876.220731850806 8648.709114564374
4877.2208495117075 8647.763679609132
4878.220967172609 8646.818244653892
4879.22108483351 8645.87280969865
4880.221202494411 8645.32564889045
4881.221320155312 8646.180921514913
4882.221437816213 8647.036194139377
4883.221555477115 8647.891466763838
4884.221673138016 8648.746739388302
4885.221790798918 8649.602012012765
4886.221908459819 8650.457284637228
4887.22202612072 8651.312557261692
4888.2221437816215 8652.167829886155
4889.222261442523 8653.023102510619
4890.222379103424 8653.61065331288
4891.222496764325 8653.261885996231
4892.222614425226 8652.91311867958
4893.2227320861275 8652.56435136293
4894.22284974703 8652.21558404628
4895.22296740793 8651.86681672963
4896.223085068832 8651.51804941298
4897.223202729733 8651.169282096329
4898.223320390634 8650.82051477968
4899.223438051536 8650.471747463029
4900.223555712437 8649.12240604874
4901.223673373338 8644.297386190021
4902.223791034239 8639.472366331302
4903.22390869514 8634.647346472582
4904.224026356042 8629.822326613863
4905.224144016944 8624.99730675514
4906.224261677844 8620.172286896426
4907.224379338746 8615.347267037703
4908.224496999647 8610.522247178984
4909.2246146605485 8605.697227320265
4910.22473232145 8601.158174252081
4911.224849982351 8597.605781471662
4912.224967643252 8594.053388691245
4913.225085304153 8590.500995910827
4914.225202965054 8586.948603130408
4915.225320625956 8583.396210349989
4916.225438286858 8579.843817569568
4917.225555947758 8576.291424789153
4918.22567360866 8572.73903200873
4919.225791269561 8569.186639228312
4920.2259089304625 8566.245977426172
4921.226026591364 8565.401768664164
4922.226144252265 8564.557559902156
4923.226261913166 8563.71335114015
4924.226379574067 8562.869142378142
4925.2264972349685 8562.024933616134
4926.22661489587 8561.180724854128
4927.226732556772 8560.33651609212
4928.226850217673 8559.492307330112
4929.226967878574 8558.648098568105
4930.227085539475 8558.123996063641
4931.227203200377 8558.689581700142
4932.227320861278 8559.255167336642
4933.227438522179 8559.82075297314
4934.22755618308 8560.386338609642
4935.227673843981 8560.951924246141
4936.2277915048835 8561.517509882642
4937.227909165784 8562.083095519141
4938.228026826686 8562.648681155642
4939.228144487587 8563.214266792142
4940.228262148488 8563.10678039464
4941.2283798093895 8560.72333907805
4942.228497470291 8558.339897761456
4943.228615131192 8555.956456444865
4944.228732792093 8553.573015128271
4945.228850452994 8551.18957381168
4946.2289681138955 8548.806132495087
4947.229085774798 8546.422691178492
4948.229203435698 8544.039249861902
4949.2293210966 8541.655808545307
4950.229438757501 8539.910050710909
4951.229556418402 8540.306255342335
4952.229674079304 8540.702459973762
4953.229791740205 8541.098664605188
4954.229909401106 8541.494869236616
4955.230027062007 8541.891073868042
4956.230144722908 8542.287278499469
4957.2302623838095 8542.683483130895
4958.230380044712 8543.079687762322
4959.230497705612 8543.475892393748
4960.230615366514 8543.982684433804
4961.230733027415 8544.858477316939
4962.230850688316 8545.734270200071
4963.230968349218 8546.610063083206
4964.231086010119 8547.48585596634
4965.23120367102 8548.361648849474
4966.231321331921 8549.237441732608
4967.231438992822 8550.113234615741
4968.231556653724 8550.989027498876
4969.231674314626 8551.86482038201
4970.231791975526 8552.350273221262
4971.231909636428 8551.541857793229
4972.232027297329 8550.733442365197
4973.2321449582305 8549.925026937164
4974.232262619132 8549.116611509133
4975.232380280033 8548.308196081101
4976.232497940934 8547.499780653068
4977.232615601835 8546.691365225037
4978.2327332627365 8545.882949797005
4979.232850923638 8545.074534368972
4980.23296858454 8543.917920858526
4981.233086245441 8541.614715682766
4982.233203906342 8539.311510507006
4983.233321567243 8537.008305331245
4984.233439228145 8534.705100155485
4985.233556889046 8532.401894979725
4986.233674549947 8530.098689803963
4987.233792210848 8527.795484628203
4988.233909871749 8525.492279452441
4989.234027532651 8523.18907427668
4990.234145193552 8521.525772535622
4991.234262854454 8521.955823236736
4992.234380515355 8522.38587393785
4993.234498176256 8522.815924638962
4994.234615837157 8523.245975340076
4995.234733498059 8523.67602604119
4996.23485115896 8524.106076742302
4997.234968819861 8524.536127443416
4998.235086480762 8524.96617814453
4999.235204141663 8525.396228845642
5000.2353218025655 8526.811348432384
5001.235439463466 8531.427941897397
5002.235557124368 8536.044535362418
5003.235674785269 8540.661128827436
5004.23579244617 8545.277722292454
5005.2359101070715 8549.894315757472
5006.236027767973 8554.51090922249
5007.236145428874 8559.127502687506
5008.236263089775 8563.744096152524
5009.236380750676 8568.360689617542
5010.2364984115775 8572.047160450711
5011.23661607248 8572.730399502436
5012.23673373338 8573.413638554157
5013.236851394282 8574.09687760588
5014.236969055183 8574.780116657603
5015.237086716084 8575.463355709326
5016.237204376986 8576.146594761049
5017.237322037887 8576.829833812772
5018.237439698788 8577.513072864493
5019.237557359689 8578.196311916216
5020.23767502059 8578.22828744259
5021.237792681492 8576.171061164869
5022.237910342394 8574.113834887145
5023.238028003295 8572.056608609424
5024.238145664196 8569.999382331704
5025.238263325097 8567.942156053983
5026.238380985998 8565.88492977626
5027.2384986469 8563.82770349854
5028.238616307801 8561.77047722082
5029.238733968702 8559.7132509431
5030.238851629603 8558.169070432981
5031.238969290505 8558.260065349661
5032.239086951406 8558.351060266341
5033.239204612308 8558.44205518302
5034.239322273209 8558.5330500997
5035.23943993411 8558.624045016379
5036.239557595011 8558.715039933059
5037.2396752559125 8558.806034849738
5038.239792916814 8558.897029766418
5039.239910577715 8558.988024683098
5040.240028238616 8559.279738164772
5041.240145899517 8560.207060435596
5042.240263560419 8561.134382706421
5043.24038122132 8562.061704977243
5044.240498882222 8562.989027248068
5045.240616543123 8563.916349518891
5046.240734204024 8564.843671789715
5047.240851864925 8565.770994060538
5048.240969525827 8566.698316331362
5049.241087186728 8567.625638602185
5050.241204847629 8567.85882286448
5051.241322508531 8565.908011929208
5052.241440169431 8563.957200993938
5053.2415578303335 8562.006390058665
5054.241675491234 8560.055579123395
5055.241793152136 8558.104768188123
5056.241910813037 8556.15395725285
5057.242028473938 8554.203146317579
5058.2421461348395 8552.252335382309
5059.242263795741 8550.301524447037
5060.242381456642 8548.328883936196
5061.242499117543 8546.287999509494
5062.242616778445 8544.24711508279
5063.242734439345 8542.206230656091
5064.242852100248 8540.165346229387
5065.242969761148 8538.124461802689
5066.24308742205 8536.083577375985
5067.243205082951 8534.042692949282
5068.243322743852 8532.001808522582
5069.2434404047535 8529.96092409588
5070.243558065655 8528.739340330561
5071.243675726556 8530.062733981998
5072.243793387457 8531.386127633437
5073.243911048359 8532.709521284878
5074.2440287092595 8534.032914936315
5075.244146370162 8535.356308587756
5076.244264031062 8536.679702239193
5077.244381691964 8538.003095890632
5078.244499352865 8539.32648954207
5079.244617013766 8540.64988319351
5080.244734674668 8541.779101672995
5081.244852335569 8542.30899101597
5082.24496999647 8542.838880358946
5083.245087657371 8543.368769701921
5084.245205318273 8543.898659044899
5085.245322979174 8544.428548387874
5086.245440640076 8544.95843773085
5087.245558300976 8545.488327073825
5088.245675961878 8546.0182164168
5089.245793622779 8546.548105759775
5090.2459112836805 8545.741745157065
5091.246028944582 8540.837125151555
5092.246146605483 8535.932505146044
5093.246264266385 8531.02788514053
5094.246381927285 8526.123265135024
5095.246499588187 8521.21864512951
5096.246617249088 8516.314025124002
5097.24673490999 8511.409405118487
5098.24685257089 8506.504785112982
5099.246970231792 8501.600165107468
5100.247087892693 8497.356992509904
5101.2472055535945 8495.129659631797
5102.247323214496 8492.902326753689
5103.247440875397 8490.674993875582
5104.247558536299 8488.447660997472
5105.247676197199 8486.220328119365
5106.247793858101 8483.992995241257
5107.247911519002 8481.76566236315
5108.248029179904 8479.538329485042
5109.248146840805 8477.310996606933
5110.248264501706 8476.299754102358
5111.248382162607 8478.971363487293
5112.248499823509 8481.642972872229
5113.24861748441 8484.314582257164
5114.248735145311 8486.986191642098
5115.248852806213 8489.657801027035
5116.248970467113 8492.329410411969
5117.2490881280155 8495.001019796906
5118.249205788916 8497.672629181838
5119.249323449818 8500.344238566775
5120.249441110719 8503.103011912424
5121.24955877162 8506.124099441735
5122.2496764325215 8509.145186971045
5123.249794093423 8512.166274500356
5124.249911754324 8515.187362029666
5125.250029415225 8518.208449558975
5126.250147076127 8521.22953708829
5127.2502647370275 8524.250624617596
5128.25038239793 8527.271712146909
5129.25050005883 8530.292799676216
5130.250617719732 8532.31348623001
5131.250735380633 8531.34236329364
5132.250853041534 8530.371240357268
5133.250970702436 8529.400117420897
5134.251088363337 8528.428994484526
5135.251206024238 8527.457871548153
5136.251323685139 8526.486748611782
5137.251441346041 8525.51562567541
5138.2515590069415 8524.54450273904
5139.251676667844 8523.573379802667
5140.251794328744 8522.884577966484
5141.251911989646 8523.034823886002
5142.252029650547 8523.185069805519
5143.252147311448 8523.335315725035
5144.25226497235 8523.485561644553
5145.252382633251 8523.63580756407
5146.252500294153 8523.786053483585
5147.252617955053 8523.936299403103
5148.252735615955 8524.08654532262
5149.252853276856 8524.236791242136
5150.252970937758 8524.327465940187
5151.253088598659 8524.242197728323
5152.25320625956 8524.156929516459
5153.253323920461 8524.071661304595
5154.2534415813625 8523.986393092731
5155.253559242264 8523.901124880867
5156.253676903165 8523.815856669004
5157.253794564067 8523.73058845714
5158.253912224967 8523.645320245276
5159.254029885869 8523.560052033412
5160.25414754677 8523.5835226785
5161.254265207672 8523.926162005571
5162.254382868573 8524.268801332644
5163.254500529474 8524.611440659715
5164.254618190375 8524.954079986786
5165.254735851277 8525.296719313857
5166.254853512178 8525.639358640929
5167.254971173079 8525.981997968
5168.255088833981 8526.32463729507
5169.255206494881 8526.667276622142
5170.2553241557835 8526.311336866305
5171.255441816684 8523.917606513785
5172.255559477586 8521.523876161264
5173.255677138487 8519.130145808742
5174.255794799388 8516.73641545622
5175.255912460289 8514.3426851037
5176.256030121191 8511.948954751178
5177.256147782092 8509.555224398659
5178.256265442993 8507.161494046137
5179.256383103895 8504.767763693613
5180.256500764795 8502.505921931954
5181.2566184256975 8500.626436085076
5182.256736086598 8498.746950238203
5183.2568537475 8496.867464391324
5184.256971408401 8494.987978544448
5185.257089069302 8493.108492697573
5186.2572067302035 8491.229006850697
5187.257324391105 8489.34952100382
5188.257442052007 8487.470035156943
5189.257559712907 8485.590549310069
5190.257677373809 8484.847767800617
5191.2577950347095 8487.380148103555
5192.257912695612 8489.9125284065
5193.258030356512 8492.444908709438
5194.258148017414 8494.977289012382
5195.258265678315 8497.509669315323
5196.258383339216 8500.042049618265
5197.258501000118 8502.574429921206
5198.258618661019 8505.106810224146
5199.258736321921 8507.63919052709
5200.258853982821 8509.009137628953
5201.258971643723 8507.05029874591
5202.259089304624 8505.09145986287
5203.259206965526 8503.132620979826
5204.259324626427 8501.173782096785
5205.259442287328 8499.214943213743
5206.259559948229 8497.256104330701
5207.25967760913 8495.29726544766
5208.259795270032 8493.338426564618
5209.259912930933 8491.379587681578
5210.260030591835 8488.661278956191
5211.260148252735 8483.781402217992
5212.260265913637 8478.901525479785
5213.260383574538 8474.021648741587
5214.26050123544 8469.14177200338
5215.260618896341 8464.261895265177
5216.260736557242 8459.382018526976
5217.260854218143 8454.502141788773
5218.2609718790445 8449.62226505057
5219.261089539946 8444.742388312367
5220.261207200847 8440.819537119985
5221.261324861749 8439.603947381553
5222.261442522649 8438.38835764312
5223.261560183551 8437.172767904685
5224.261677844452 8435.957178166254
5225.261795505354 8434.74158842782
5226.261913166255 8433.525998689387
5227.262030827156 8432.310408950954
5228.262148488057 8431.094819212522
5229.262266148959 8429.879229474087
5230.26238380986 8430.299551809672
5231.262501470761 8435.319501366825
5232.262619131663 8440.339450923982
5233.262736792563 8445.359400481131
5234.2628544534655 8450.379350038289
5235.262972114366 8455.399299595438
5236.263089775268 8460.419249152594
5237.263207436169 8465.439198709748
5238.26332509707 8470.4591482669
5239.2634427579715 8475.479097824053
5240.263560418873 8479.911787708701
5241.263678079775 8482.703296544298
5242.263795740675 8485.494805379889
5243.263913401577 8488.286314215486
5244.264031062477 8491.077823051077
5245.26414872338 8493.869331886672
5246.264266384281 8496.660840722267
5247.264384045182 8499.45234955786
5248.264501706083 8502.243858393453
5249.264619366984 8505.035367229048
5250.2647370278855 8505.898856293514
5251.264854688787 8501.406734882625
5252.264972349689 8496.914613471732
5253.265090010589 8492.422492060847
5254.265207671491 8487.930370649954
5255.2653253323915 8483.438249239069
5256.265442993294 8478.946127828176
5257.265560654195 8474.454006417287
5258.265678315096 8469.961885006398
5259.265795975997 8465.469763595509
5260.265913636898 8460.881596495676
5261.2660312978 8456.028241298938
5262.266148958701 8451.174886102199
5263.266266619603 8446.321530905456
5264.266384280503 8441.468175708722
5265.266501941405 8436.614820511979
5266.266619602306 8431.761465315245
5267.266737263208 8426.908110118502
5268.266854924109 8422.054754921764
5269.26697258501 8417.201399725025
5270.267090245911 8414.50380529488
5271.2672079068125 8417.722682043539
5272.267325567714 8420.941558792198
5273.267443228615 8424.160435540856
5274.267560889517 8427.379312289519
5275.267678550417 8430.598189038174
5276.267796211319 8433.817065786834
5277.26791387222 8437.03594253549
5278.268031533122 8440.254819284151
5279.268149194023 8443.47369603281
5280.268266854924 8446.59394678269
5281.268384515825 8449.445138886786
5282.2685021767265 8452.29633099088
5283.268619837629 8455.147523094975
5284.268737498529 8457.998715199066
5285.268855159431 8460.849907303162
5286.268972820331 8463.701099407253
5287.269090481233 8466.552291511349
5288.269208142134 8469.40348361544
5289.269325803036 8472.254675719536
5290.269443463937 8473.657212965913
5291.269561124838 8471.13130188634
5292.269678785739 8468.605390806768
5293.269796446641 8466.079479727197
5294.269914107543 8463.553568647623
5295.270031768443 8461.027657568053
5296.270149429345 8458.501746488479
5297.270267090245 8455.97583540891
5298.2703847511475 8453.449924329336
5299.270502412049 8450.924013249763
5300.27062007295 8448.50345302434
5301.270737733851 8446.366882057919
5302.270855394752 8444.2303110915
5303.2709730556535 8442.093740125081
5304.271090716555 8439.95716915866
5305.271208377457 8437.82059819224
5306.271326038357 8435.684027225823
5307.271443699259 8433.5474562594
5308.2715613601595 8431.410885292984
5309.271679021062 8429.274314326562
5310.271796681963 8428.837655687588
5311.271914342864 8432.956173371935
5312.272032003765 8437.074691056281
5313.272149664666 8441.19320874063
5314.272267325568 8445.311726424976
5315.272384986469 8449.430244109322
5316.272502647371 8453.548761793674
5317.272620308271 8457.667279478017
5318.272737969173 8461.785797162367
5319.2728556300735 8465.90431484671
5320.272973290976 8469.250424187925
5321.273090951877 8470.538997511647
5322.273208612778 8471.82757083537
5323.273326273679 8473.116144159092
5324.27344393458 8474.404717482814
5325.273561595482 8475.693290806536
5326.273679256383 8476.981864130257
5327.273796917285 8478.27043745398
5328.273914578185 8479.559010777702
5329.274032239087 8480.847584101424
5330.274149899988 8480.918232808615
5331.27426756089 8477.763733496913
5332.274385221791 8474.609234185213
5333.274502882692 8471.454734873512
5334.274620543593 8468.300235561814
5335.2747382044945 8465.145736250113
5336.274855865397 8461.991236938411
5337.274973526297 8458.836737626714
5338.275091187199 8455.682238315012
5339.275208848099 8452.527739003315
5340.275326509001 8449.766049067088
5341.275444169903 8448.038421418441
5342.275561830804 8446.310793769793
5343.275679491705 8444.583166121147
5344.275797152606 8442.8555384725
5345.275914813507 8441.127910823852
5346.276032474409 8439.400283175206
5347.276150135311 8437.672655526558
5348.276267796211 8435.945027877911
5349.276385457113 8434.217400229263
5350.276503118013 8434.293392808348
5351.2766207789155 8439.089497898318
5352.276738439817 8443.885602988283
5353.276856100718 8448.681708078248
5354.276973761619 8453.477813168212
5355.27709142252 8458.273918258177
5356.277209083421 8463.070023348142
5357.277326744323 8467.866128438107
5358.277444405225 8472.662233528077
5359.277562066125 8477.458338618038
5360.277679727027 8480.348473692566
5361.277797387927 8478.2798562693
5362.2779150488295 8476.211238846034
5363.278032709731 8474.142621422767
5364.278150370632 8472.0740039995
5365.278268031533 8470.005386576233
5366.278385692434 8467.936769152968
5367.2785033533355 8465.868151729701
5368.278621014237 8463.799534306434
5369.278738675139 8461.730916883165
5370.278856336039 8458.074070532033
5371.278973996941 8450.309273409646
5372.2790916578415 8442.544476287274
5373.279209318744 8434.779679164887
5374.279326979645 8427.014882042507
5375.279444640546 8419.250084920128
5376.279562301447 8411.485287797748
5377.279679962348 8403.720490675369
5378.2797976232505 8395.955693552982
5379.279915284151 8388.19089643061
5380.280032945053 8382.022462218212
5381.280150605953 8379.95896120293
5382.280268266855 8377.895460187645
5383.280385927756 8375.831959172363
5384.280503588658 8373.768458157077
5385.280621249559 8371.704957141794
5386.28073891046 8369.64145612651
5387.280856571361 8367.577955111226
5388.280974232262 8365.514454095943
5389.281091893165 8363.450953080657
5390.281209554065 8364.465796989562
5391.281327214967 8373.350384616799
5392.281444875867 8382.23497224402
5393.281562536769 8391.119559871257
5394.2816801976705 8400.004147498486
5395.281797858572 8408.888735125714
5396.281915519473 8417.773322752944
5397.282033180374 8426.657910380174
5398.282150841275 8435.542498007402
5399.2822685021765 8444.427085634632
5400.282386163079 8451.703506588716
5401.282503823979 8454.892503915207
5402.282621484881 8458.081501241704
5403.282739145781 8461.270498568196
5404.282856806683 8464.459495894691
5405.282974467585 8467.648493221186
5406.283092128486 8470.83749054768
5407.283209789387 8474.026487874173
5408.283327450288 8477.215485200668
5409.283445111189 8480.404482527161
5410.283562772091 8481.897750190845
5411.283680432993 8479.105958250164
5412.283798093893 8476.314166309487
5413.283915754795 8473.522374368804
5414.284033415695 8470.730582428127
5415.2841510765975 8467.938790487446
5416.284268737499 8465.146998546767
5417.2843863984 8462.355206606086
5418.284504059301 8459.563414665407
5419.284621720202 8456.771622724727
5420.2847393811035 8454.364361471402
5421.284857042005 8452.923193845807
5422.284974702907 8451.482026220212
5423.285092363807 8450.04085859462
5424.285210024709 8448.599690969026
5425.285327685609 8447.158523343433
5426.285445346512 8445.717355717838
5427.285563007413 8444.276188092244
5428.285680668314 8442.83502046665
5429.285798329215 8441.393852841056
5430.285915990116 8440.499052337993
5431.286033651018 8440.96904542907
5432.286151311919 8441.439038520146
5433.286268972821 8441.909031611223
5434.286386633721 8442.379024702299
5435.286504294623 8442.849017793376
5436.286621955524 8443.319010884454
5437.286739616426 8443.78900397553
5438.286857277327 8444.258997066607
5439.286974938228 8444.728990157682
5440.287092599129 8443.681337000568
5441.28721026003 8438.86444766966
5442.2873279209325 8434.04755833875
5443.287445581833 8429.230669007848
5444.287563242735 8424.413779676937
5445.287680903635 8419.596890346034
5446.287798564537 8414.780001015124
5447.2879162254385 8409.963111684217
5448.28803388634 8405.14622235331
5449.288151547241 8400.329333022404
5450.288269208142 8394.47558494354
5451.288386869043 8386.061430568698
5452.2885045299445 8377.647276193857
5453.288622190847 8369.233121819007
5454.288739851747 8360.818967444171
5455.288857512649 8352.404813069323
5456.288975173549 8343.990658694487
5457.289092834451 8335.576504319637
5458.289210495353 8327.162349944796
5459.289328156254 8318.748195569953
5460.289445817155 8282.759732507675
5461.289563478056 8179.068495269745
5462.289681138957 8075.3772580318155
5463.2897987998585 7971.686020793886
5464.289916460761 7867.994783555862
5465.290034121661 7764.303546318027
5466.290151782563 7660.612309080003
5467.290269443463 7556.921071842167
5468.290387104365 7453.229834604143
5469.290504765267 7349.538597366214
5470.290622426168 7158.818666465248
5471.290740087069 6755.635973301958
5472.29085774797 6352.4532801386695
5473.290975408872 5949.270586975013
5474.291093069773 5546.087893812091
5475.291210730675 5142.905200648435
5476.291328391575 4739.722507485512
5477.291446052477 4336.539814321857
5478.291563713377 3933.357121158934
5479.2916813742795 3530.1744279952786
5480.291799035181 3170.238850891216
5481.291916696082 2915.2821603502152
5482.292034356983 2660.3254698092146
5483.292152017884 2405.368779268214
5484.292269678786 2150.412088726982
5485.292387339687 1895.455398186213
5486.292505000589 1640.4987076449806
5487.292622661489 1385.542017104212
5488.292740322391 1130.5853265629794
5489.292857983292 875.6286360219788
5490.292975644194 679.5041633799691
5491.293093305095 625.380345184808
5492.293210965996 571.2565269896468
5493.293328626897 517.1327087944856
5494.293446287798 463.0088905993244
5495.2935639487005 408.88507240411394
5496.293681609601 354.761254209002
5497.293799270503 300.63743601379156
5498.293916931403 246.51361781867962
5499.294034592305 192.38979962346923
5500.294152253206 150.61304598737053
5501.294269914108 138.46924729299118
5502.294387575009 126.32544859861187
5503.29450523591 114.18164990423256
5504.294622896811 102.03785120985322
5505.294740557712 89.8940525154739
5506.2948582186145 77.75025382108353
5507.294975879515 65.60645512671526
5508.295093540417 53.46265643232489
5509.295211201317 41.31885773795662
5510.295328862219 32.061723189021684
5511.2954465231205 29.69348036569789
5512.295564184022 27.3252375423741
5513.295681844923 24.95699471905031
5514.295799505824 22.588751895726524
5515.295917166725 20.220509072402734
5516.2960348276265 17.852266249078944
5517.296152488529 15.484023425753001
5518.296270149429 13.115780602431364
5519.296387810331 10.747537779105421
5520.296505471231 8.908425874565758
5521.296623132133 8.324950039200118
5522.296740793035 7.7414742038350095
5523.296858453936 7.157998368469901
5524.296976114837 6.574522533104792
5525.297093775738 5.991046697739683
5526.29721143664 5.407570862374044
5527.297329097541 4.824095027009466
5528.297446758443 4.240619191643826
5529.297564419343 3.6571433562792475
5530.297682080245 3.192033168129967
5531.297799741146 3.0062284795387106
5532.2979174020475 2.820423790947454
5533.298035062949 2.634619102356198
5534.29815272385 2.448814413764941
5535.298270384751 2.263009725173685
5536.298388045652 2.077205036582428
5537.298505706554 1.8914003479910027
5538.298623367455 1.705595659399915
5539.298741028357 1.5197909708084896
5540.298858689257 1.3694163355000002
5541.298976350159 1.3021767858467106
5542.29909401106 1.234937236193482
5543.2992116719615 1.1676976865402535
5544.299329332863 1.100458136887025
5545.299446993764 1.0332185872337964
5546.299564654665 0.965979037580568
5547.299682315566 0.8987394879273396
5548.299799976468 0.8314999382740499
5549.299917637369 0.7642603886208825
5550.300035298271 0.708709953170966
5551.300152959171 0.6804341175289477
5552.300270620073 0.6521582818868781
5553.300388280974 0.6238824462448341
5554.300505941876 0.5956066106027902
5555.300623602777 0.5673307749607461
5556.300741263678 0.5390549393187022
5557.300858924579 0.5107791036766582
5558.30097658548 0.4825032680346143
5559.3010942463825 0.4542274323925446
5560.301211907283 0.4305337834717036
5561.301329568185 0.4174722396773272
5562.301447229085 0.4044106958829746
5563.301564889987 0.3913491520885982
5564.3016825508885 0.37828760829423375
5565.30180021179 0.3652260644998692
5566.301917872691 0.35216452070550475
5567.302035533592 0.3391029769111402
5568.302153194494 0.3260414331167638
5569.302270855394 0.3129798893224112
5570.302388516297 0.3016317222974793
5571.302506177197 0.2942369888300676
5572.302623838099 0.2868422553626425
5573.302741498999 0.27944752189523087
5574.302859159901 0.2720527884278057
5575.3029768208025 0.26465805496038736
5576.303094481704 0.257263321492969
5577.303212142605 0.24986858802555056
5578.303329803506 0.2424738545581322
5579.303447464408 0.23507912109070708
5580.3035651253085 0.22865667435737008
5581.303682786211 0.22446521113787152
5582.303800447111 0.22027374791838059
5583.303918108013 0.21608228469888205
5584.304035768914 0.21189082147938731
5585.304153429815 0.20769935825989258
5586.304271090717 0.20350789504039785
5587.304388751618 0.1993164318209031
5588.304506412519 0.19512496860140838
5589.30462407342 0.19093350538191362
5590.304741734322 0.18710249762020842
5591.304859395223 0.1840939963278349
5592.304977056125 0.18108549503545593
5593.305094717025 0.17807699374308242
5594.305212377927 0.17506849245070344
5595.305330038828 0.1720599911583272
5596.3054476997295 0.16905148986595098
5597.305565360631 0.16604298857357472
5598.305683021532 0.1630344872811985
5599.305800682433 0.16002598598882223
5600.305918343334 0.15675008395080747
5601.306036004236 0.15286738791307045
5602.306153665137 0.14898469187534047
5603.306271326039 0.14510199583760341
5604.306388986939 0.14121929979987344
5605.306506647841 0.1373366037621364
5606.306624308742 0.1334539077244029
5607.306741969644 0.12957121168666938
5608.306859630545 0.12568851564893588
5609.306977291446 0.12180581961120238
5610.307094952347 0.11855163526146066
5611.307212613248 0.11671581636852917
5612.30733027415 0.114879997475596
5613.307447935051 0.11304417858266619
5614.307565595953 0.11120835968973303
5615.307683256853 0.1093725407968032
5616.307800917755 0.10753672190387004
5617.307918578656 0.10570090301093854
5618.308036239558 0.10386508411800704
5619.308153900459 0.10202926522507555
5620.30827156136 0.09999893420338862
5621.308389222262 0.09753206451105727
5622.308506883162 0.09506519481873038
5623.3086245440645 0.09259832512639903
5624.308742204965 0.09013145543407214
5625.308859865867 0.08766458574174078
5626.308977526768 0.08519771604941165
5627.309095187669 0.08273084635708253
5628.3092128485705 0.0802639766647534
5629.309330509472 0.07779710697242428
5630.309448170373 0.07559160705057266
5631.309565831274 0.07396946855560446
5632.309683492176 0.07234733006063479
5633.3098011530765 0.07072519156566806
5634.309918813979 0.06910305307069839
5635.310036474879 0.06748091457573166
5636.310154135781 0.06585877608076199
5637.310271796682 0.06423663758579379
5638.310389457583 0.06261449909082559
5639.310507118485 0.06099236059585739
5640.310624779386 0.059711489287072
5641.310742440287 0.0591881277173137
5642.310860101188 0.058664766147555406
5643.31097776209 0.05814140457779664
5644.311095422991 0.05761804300803882
5645.311213083893 0.057094681438280045
5646.311330744793 0.05657131986852223
5647.311448405695 0.05604795829876345
5648.311566066596 0.055524596729005164
5649.311683727497 0.05500123515924687
5650.311801388399 0.05474976679137589
5651.3119190493 0.05509851549182211
5652.312036710201 0.05544726419226834
5653.312154371102 0.05579601289271457
5654.312272032004 0.05614476159316111
5655.312389692905 0.056493510293607024
5656.312507353807 0.05684225899405357
5657.312625014707 0.05719100769449948
5658.312742675609 0.057539756394946025
5659.31286033651 0.05788850509539225
5660.3129779974115 0.05828838036160359
5661.313095658313 0.05880050342633678
5662.313213319214 0.05931262649106997
5663.313330980116 0.05982474955580363
5664.313448641016 0.06033687262053636
5665.313566301918 0.06084899568527002
5666.313683962819 0.06136111875000274
5667.313801623721 0.0618732418147364
5668.313919284621 0.06238536487946913
5669.314036945523 0.06289748794420279
5670.314154606424 0.06379519649270661
5671.314272267326 0.0655348388877953
5672.314389928227 0.06727448128288396
5673.314507589128 0.06901412367797263
5674.31462525003 0.0707537660730629
5675.31474291093 0.07249340846814999
5676.3148605718325 0.07423305086324025
5677.314978232733 0.07597269325832734
5678.315095893635 0.07771233565341759
5679.315213554536 0.07945197804850626
5680.315331215437 0.08162835504980817
5681.315448876338 0.08475316317355747
5682.31556653724 0.08787797129730676
5683.315684198141 0.09100277942105606
5684.315801859042 0.09412758754480535
5685.315919519944 0.09725239566855749
5686.316037180844 0.10037720379230394
5687.3161548417465 0.10350201191605607
5688.316272502647 0.10662682003980253
5689.316390163549 0.10975162816355466
5690.31650782445 0.11432564409439779
5691.316625485351 0.1220297333929757
5692.3167431462525 0.12973382269155362
5693.316860807154 0.13743791199013153
5694.316978468055 0.14514200128870944
5695.317096128956 0.15284609058728735
5696.317213789858 0.16055017988587228
5697.3173314507585 0.1682542691844432
5698.317449111661 0.1759583584830281
5699.317566772561 0.18366244778159901
5700.317684433463 0.19308924944899372
5701.317802094364 0.20621669250122754
5702.317919755265 0.21934413555346136
5703.318037416167 0.23247157860569517
5704.318155077068 0.245599021657929
5705.318272737969 0.2587264647101628
5706.31839039887 0.2718539077623966
5707.318508059772 0.2849813508146424
5708.318625720673 0.29810879386686423
5709.318743381575 0.31123623691911
5710.318861042475 0.32530897104677897
5711.318978703377 0.34140134920652393
5712.319096364278 0.35749372736625423
5713.3192140251795 0.37358610552598454
5714.319331686081 0.38967848368571484
5715.319449346982 0.40577086184544514
5716.319567007884 0.4218632400051901
5717.319684668784 0.43795561816490575
5718.319802329686 0.4540479963246507
5719.319919990587 0.47014037448436635
5720.320037651489 0.485233555140781
5721.32015531239 0.4982034411026077
5722.320272973291 0.5111733270644344
5723.320390634192 0.5241432130262612
5724.3205082950935 0.5371130989880879
5725.320625955995 0.5500829849499146
5726.320743616896 0.5630528709117413
5727.320861277798 0.5760227568735798
5728.320978938698 0.5889926428353948
5729.3210965996 0.6019625287972332
5730.321214260501 0.6094977671544105
5731.321331921403 0.6055465891457239
5732.321449582304 0.6015954111370408
5733.321567243205 0.5976442331283579
5734.321684904106 0.5936930551196749
5735.321802565008 0.5897418771109918
5736.321920225909 0.5857906991023087
5737.32203788681 0.5818395210936257
5738.322155547712 0.5778883430849391
5739.322273208612 0.5739371650762597
5740.3223908695145 0.5674327721619178
5741.322508530415 0.5555610369641802
5742.322626191317 0.5436893017664212
5743.322743852218 0.5318175665686729
5744.322861513119 0.5199458313709246
5745.3229791740205 0.5080740961731763
5746.323096834922 0.496202360975428
5747.323214495823 0.4843306257776797
5748.323332156724 0.47245889057993146
5749.323449817626 0.4605871553821724
5750.3235674785265 0.4494528850673529
5751.323685139429 0.4398605867804363
5752.323802800329 0.4302682884935372
5753.323920461231 0.42067599020662066
5754.324038122132 0.4110836919197128
5755.324155783033 0.40149139363280495
5756.3242734439345 0.3918990953458971
5757.324391104836 0.3823067970589893
5758.324508765738 0.3727144987720727
5759.324626426638 0.3631222004851736
5760.32474408754 0.3542267895556332
5761.3248617484405 0.3467807023331116
5762.324979409343 0.33933461511057644
5763.325097070243 0.33188852788805484
5764.325214731145 0.3244424406655197
5765.325332392046 0.31699635344299126
5766.325450052947 0.3095502662204629
5767.325567713849 0.3021041789979345
5768.32568537475 0.29465809177540614
5769.325803035652 0.287212004552871
5770.325920696552 0.28129879140127195
5771.326038357454 0.27855646937832734
5772.326156018355 0.27581414735538773
5773.326273679257 0.2730718253324431
5774.326391340158 0.270329503309501
5775.326509001059 0.2675871812865589
5776.32662666196 0.2648448592636168
5777.3267443228615 0.26210253724067467
5778.326861983763 0.2593602152177325
5779.326979644664 0.2566178931947904
5780.327097305566 0.2548079077009534
5781.327214966466 0.2549162549216799
5782.327332627368 0.25502460214240663
5783.327450288269 0.2551329493631331
5784.327567949171 0.2552412965838598
5785.327685610072 0.2553496438045864
5786.327803270973 0.25545799102531297
5787.327920931874 0.2555663382460396
5788.328038592776 0.2556746854667662
5789.328156253677 0.25578303268749275
5790.328273914578 0.25704751211346133
5791.32839157548 0.26067812590930345
5792.32850923638 0.26430873970513896
5793.328626897282 0.2679393535009811
5794.328744558183 0.2715699672968166
5795.328862219085 0.2752005810926587
5796.328979879986 0.2788311948884975
5797.329097540887 0.28246180868433635
5798.329215201788 0.28609242248017513
5799.32933286269 0.2897230362760139
