5400.282386163079 0.02410300697270658
5401.282503823979 0.0229136571230695
5402.282621484881 0.021724307273430256
5403.282739145781 0.020534957423793174
5404.282856806683 0.019345607574153927
5405.282974467585 0.018156257724515762
5406.283092128486 0.016966907874877597
5407.283209789387 0.015777558025239436
5408.283327450288 0.014588208175601271
5409.283445111189 0.013398858325963109
5410.283562772091 0.012424822978980789
5411.283680432993 0.011994881126261778
5412.283798093893 0.011564939273543547
5413.283915754795 0.011134997420824536
5414.284033415695 0.010705055568106307
5415.2841510765975 0.010275113715387295
5416.284268737499 0.009845171862668676
5417.2843863984 0.009415230009950055
5418.284504059301 0.008985288157231434
5419.284621720202 0.008555346304512813
5420.2847393811035 0.008165750656606912
5421.284857042005 0.007877520680296691
5422.284974702907 0.007589290703986206
5423.285092363807 0.007301060727676247
5424.285210024709 0.007012830751365763
5425.285327685609 0.006724600775055803
5426.285445346512 0.006436370798745319
5427.285563007413 0.006148140822435097
5428.285680668314 0.005859910846124875
5429.285798329215 0.005571680869814653
5430.285915990116 0.005415905313615319
5431.286033651018 0.0055909932677344855
5432.286151311919 0.005766081221853334
5433.286268972821 0.0059411691759725
5434.286386633721 0.006116257130091349
5435.286504294623 0.006291345084210516
5436.286621955524 0.006466433038329523
5437.286739616426 0.006641520992448531
5438.286857277327 0.006816608946567538
5439.286974938228 0.006991696900686546
5440.287092599129 0.007169014375745354
5441.28721026003 0.007351869103630063
5442.2873279209325 0.0075347238315149395
5443.287445581833 0.007717578559399483
5444.287563242735 0.007900433287284358
5445.287680903635 0.008083288015168902
5446.287798564537 0.008266142743053777
5447.2879162254385 0.008448997470938488
5448.28803388634 0.008631852198823196
5449.288151547241 0.008814706926707907
5450.288269208142 0.009000852985399538
5451.288386869043 0.009195126616083779
5452.2885045299445 0.009389400246768018
5453.288622190847 0.009583673877452435
5454.288739851747 0.009777947508136497
5455.288857512649 0.009972221138820915
5456.288975173549 0.010166494769504977
5457.289092834451 0.010360768400189393
5458.289210495353 0.010555042030873634
5459.289328156254 0.010749315661557873
5460.289445817155 0.011373075041289442
5461.289563478056 0.013051344146324102
5462.289681138957 0.014729613251358761
5463.2897987998585 0.01640788235639342
5464.289916460761 0.018086151461429605
5465.290034121661 0.01976442056646274
5466.290151782563 0.021442689671498927
5467.290269443463 0.023120958776532058
5468.290387104365 0.024799227881568242
5469.290504765267 0.026477496986602903
5470.290622426168 0.029234280664604307
5471.290740087069 0.0346240371664872
5472.29085774797 0.0400137936683701
5473.290975408872 0.04540355017025789
5474.291093069773 0.050793306672135885
5475.291210730675 0.05618306317402368
5476.291328391575 0.061572819675901676
5477.291446052477 0.06696257617778947
5478.291563713377 0.07235233267966747
5479.2916813742795 0.07774208918155526
5480.291799035181 0.0822771663965146
5481.291916696082 0.08473757856821715
5482.292034356983 0.0871979907399197
5483.292152017884 0.08965840291162225
5484.292269678786 0.09211881508332703
5485.292387339687 0.09457922725502733
5486.292505000589 0.09703963942673212
5487.292622661489 0.09950005159843242
5488.292740322391 0.1019604637701372
5489.292857983292 0.10442087594183976
5490.292975644194 0.10469353041294747
5491.293093305095 0.09968569340591689
5492.293210965996 0.09467785639888629
5493.293328626897 0.08967001939185569
5494.293446287798 0.08466218238482509
5495.2935639487005 0.07965434537778995
5496.293681609601 0.07464650837076392
5497.293799270503 0.06963867136372875
5498.293916931403 0.06463083435670272
5499.294034592305 0.05962299734966757
5500.294152253206 0.05539140545783088
5501.294269914108 0.053022801842457674
5502.294387575009 0.05065419822708446
5503.29450523591 0.048285594611711245
5504.294622896811 0.04591699099633803
5505.294740557712 0.043548387380964816
5506.2948582186145 0.04117978376558945
5507.294975879515 0.03881118015021839
5508.295093540417 0.03644257653484302
5509.295211201317 0.034073972919471965
5510.295328862219 0.03228179407438937
5511.2954465231205 0.03186522653371109
5512.295564184022 0.03144865899303281
5513.295681844923 0.03103209145235453
5514.295799505824 0.03061552391167625
5515.295917166725 0.03019895637099797
5516.2960348276265 0.029782388830319688
5517.296152488529 0.02936582128964103
5518.296270149429 0.02894925374896313
5519.296387810331 0.028532686208284468
5520.296505471231 0.02831002398143102
5521.296623132133 0.028547502142146273
5522.296740793035 0.02878498030286131
5523.296858453936 0.02902245846357635
5524.296976114837 0.029259936624291386
5525.297093775738 0.029497414785006424
5526.29721143664 0.02973489294572168
5527.297329097541 0.0299723711064365
5528.297446758443 0.030209849267151756
5529.297564419343 0.03044732742786658
5530.297682080245 0.030998589956905756
5531.297799741146 0.03229028437483429
5532.2979174020475 0.033581978792762826
5533.298035062949 0.034873673210691354
5534.29815272385 0.03616536762861989
5535.298270384751 0.037457062046548424
5536.298388045652 0.03874875646447696
5537.298505706554 0.04004045088240667
5538.298623367455 0.04133214530033402
5539.298741028357 0.04262383971826374
5540.298858689257 0.04430082873895105
5541.298976350159 0.04688189485903354
5542.29909401106 0.049462960979113686
5543.2992116719615 0.05204402709919383
5544.299329332863 0.054625093219273974
5545.299446993764 0.05720615933935412
5546.299564654665 0.05978722545943427
5547.299682315566 0.062368291579514415
5548.299799976468 0.06494935769959691
5549.299917637369 0.06753042381967471
5550.300035298271 0.07131917914246358
5551.300152959171 0.07792587593821955
5552.300270620073 0.08453257273398752
5553.300388280974 0.09113926952974949
5554.300505941876 0.09774596632551147
5555.300623602777 0.10435266312127345
5556.300741263678 0.11095935991703541
5557.300858924579 0.11756605671279738
5558.30097658548 0.12417275350855936
5559.3010942463825 0.13077945030432733
5560.301211907283 0.14138156563104778
5561.301329568185 0.16125430051793874
5562.301447229085 0.18112703540479355
5563.301564889987 0.2009997702916845
5564.3016825508885 0.2208725051785574
5565.30180021179 0.24074524006543024
5566.301917872691 0.26061797495230316
5567.302035533592 0.280490709839176
5568.302153194494 0.300363444726067
5569.302270855394 0.3202361796129218
5570.302388516297 0.3557219101012226
5571.302506177197 0.4272329572883193
5572.302623838099 0.498744004475546
5573.302741498999 0.5702550516626426
5574.302859159901 0.6417660988498692
5575.3029768208025 0.713277146037031
5576.303094481704 0.7847881932241927
5577.303212142605 0.8562992404113543
5578.303329803506 0.927810287598516
5579.303447464408 0.9993213347857427
5580.3035651253085 1.1549014731146539
5581.303682786211 1.503384332203742
5582.303800447111 1.8518671912921965
5583.303918108013 2.2003500503812847
5584.304035768914 2.5488329094700557
5585.304153429815 2.897315768558827
5586.304271090717 3.2457986276475985
5587.304388751618 3.59428148673637
5588.304506412519 3.9427643458251413
5589.30462407342 4.291247204913912
5590.304741734322 5.339023063764863
5591.304859395223 7.982482949091846
5592.304977056125 10.625942834423638
5593.305094717025 13.269402719750623
5594.305212377927 15.912862605082413
5595.305330038828 18.5563224904118
5596.3054476997295 21.199782375741187
5597.305565360631 23.843242261070575
5598.305683021532 26.486702146399963
5599.305800682433 29.130162031729352
5600.305918343334 43.62816767301858
5601.306036004236 85.02687329905068
5602.306153665137 126.42557892500747
5603.306271326039 167.82428455103954
5604.306388986939 209.22299017699635
5605.306506647841 250.62169580302844
5606.306624308742 292.0204014290229
5607.306741969644 333.4191070550173
5608.306859630545 374.8178126810118
5609.306977291446 416.21651830700625
5610.307094952347 546.1430039264147
5611.307212613248 875.8505716000818
5612.30733027415 1205.558139274049
5613.307447935051 1535.2657069474162
5614.307565595953 1864.973274621383
5615.307683256853 2194.6808422947506
5616.307800917755 2524.3884099687175
5617.307918578656 2854.0959776423847
5618.308036239558 3183.803545316052
5619.308153900459 3513.511112989719
5620.30827156136 3827.056110476586
5621.308389222262 4104.3278588421645
5622.308506883162 4381.5996072072385
5623.3086245440645 4658.871355572816
5624.308742204965 4936.14310393789
5625.308859865867 5213.414852303468
5626.308977526768 5490.686600668794
5627.309095187669 5767.95834903412
5628.3092128485705 6045.230097399446
5629.309330509472 6322.501845764772
5630.309448170373 6546.059810991273
5631.309565831274 6649.731880010546
5632.309683492176 6753.403949029914
5633.3098011530765 6857.076018049092
5634.309918813979 6960.74808706846
5635.310036474879 7064.420156087639
5636.310154135781 7168.092225107007
5637.310271796682 7271.76429412628
5638.310389457583 7375.4363631455535
5639.310507118485 7479.108432164827
5640.310624779386 7569.721127536383
5641.310742440287 7631.34597079596
5642.310860101188 7692.970814055536
5643.31097776209 7754.595657315168
5644.311095422991 7816.220500574688
5645.311213083893 7877.84534383432
5646.311330744793 7939.470187093841
5647.311448405695 8001.095030353472
5648.311566066596 8062.719873613049
5649.311683727497 8124.344716872624
5650.311801388399 8165.258798169253
5651.3119190493 8160.452895509947
5652.312036710201 8155.64699285064
5653.312154371102 8150.841090191334
5654.312272032004 8146.035187532023
5655.312389692905 8141.229284872721
5656.312507353807 8136.42338221341
5657.312625014707 8131.617479554108
5658.312742675609 8126.811576894797
5659.31286033651 8122.005674235491
5660.3129779974115 8127.566905096977
5661.313095658313 8155.889060680798
5662.313213319214 8184.211216264618
5663.313330980116 8212.533371848465
5664.313448641016 8240.855527432259
5665.313566301918 8269.177683016105
5666.313683962819 8297.4998385999
5667.313801623721 8325.821994183747
5668.313919284621 8354.14414976754
5669.314036945523 8382.466305351387
5670.314154606424 8402.412564051829
5671.314272267326 8404.069879370218
5672.314389928227 8405.727194688607
5673.314507589128 8407.384510006998
5674.31462525003 8409.041825325388
5675.31474291093 8410.699140643777
5676.3148605718325 8412.356455962168
5677.314978232733 8414.013771280557
5678.315095893635 8415.671086598948
5679.315213554536 8417.328401917337
5680.315331215437 8415.621163918557
5681.315448876338 8406.607321328018
5682.31556653724 8397.593478737477
5683.315684198141 8388.579636146938
5684.315801859042 8379.565793556398
5685.315919519944 8370.55195096585
5686.316037180844 8361.538108375318
5687.3161548417465 8352.52426578477
5688.316272502647 8343.510423194239
5689.316390163549 8334.49658060369
5690.31650782445 8331.482253728625
5691.316625485351 8341.425988677673
5692.3167431462525 8351.369723626722
5693.316860807154 8361.31345857577
5694.316978468055 8371.257193524818
5695.317096128956 8381.200928473867
5696.317213789858 8391.144663422923
5697.3173314507585 8401.088398371963
5698.317449111661 8411.03213332102
5699.317566772561 8420.97586827006
5700.317684433463 8430.355405701906
5701.317802094364 8438.522963281957
5702.317919755265 8446.69052086201
5703.318037416167 8454.858078442063
5704.318155077068 8463.025636022114
5705.318272737969 8471.193193602167
5706.31839039887 8479.360751182217
5707.318508059772 8487.528308762277
5708.318625720673 8495.695866342323
5709.318743381575 8503.863423922381
5710.318861042475 8507.592747534638
5711.318978703377 8501.83964506809
5712.319096364278 8496.08654260155
5713.3192140251795 8490.333440135008
5714.319331686081 8484.580337668465
5715.319449346982 8478.827235201923
5716.319567007884 8473.074132735375
5717.319684668784 8467.321030268839
5718.319802329686 8461.567927802293
5719.319919990587 8455.814825335756
5720.320037651489 8451.349321405209
5721.32015531239 8449.619964363666
5722.320272973291 8447.890607322122
5723.320390634192 8446.16125028058
5724.3205082950935 8444.431893239036
5725.320625955995 8442.702536197494
5726.320743616896 8440.97317915595
5727.320861277798 8439.243822114406
5728.320978938698 8437.514465072863
5729.3210965996 8435.78510803132
5730.321214260501 8436.650071153264
5731.321331921403 8442.998267734318
5732.321449582304 8449.346464315366
5733.321567243205 8455.694660896415
5734.321684904106 8462.042857477463
5735.321802565008 8468.391054058511
5736.321920225909 8474.739250639559
5737.32203788681 8481.087447220607
5738.322155547712 8487.43564380166
5739.322273208612 8493.783840382703
5740.3223908695145 8498.151817706123
5741.322508530415 8498.356998341964
5742.322626191317 8498.562178977805
5743.322743852218 8498.767359613646
5744.322861513119 8498.972540249488
5745.3229791740205 8499.17772088533
5746.323096834922 8499.38290152117
5747.323214495823 8499.588082157012
5748.323332156724 8499.793262792853
5749.323449817626 8499.998443428694
5750.3235674785265 8498.554233019086
5751.323685139429 8493.66129587807
5752.323802800329 8488.768358737061
5753.323920461231 8483.875421596045
5754.324038122132 8478.982484455033
5755.324155783033 8474.08954731402
5756.3242734439345 8469.196610173009
5757.324391104836 8464.303673031998
5758.324508765738 8459.41073589098
5759.324626426638 8454.517798749974
5760.32474408754 8451.544394873225
5761.3248617484405 8452.56306379969
5762.324979409343 8453.581732726157
5763.325097070243 8454.600401652622
5764.325214731145 8455.61907057909
5765.325332392046 8456.637739505557
5766.325450052947 8457.656408432022
5767.325567713849 8458.675077358488
5768.32568537475 8459.693746284955
5769.325803035652 8460.712415211423
5770.325920696552 8462.74210244039
5771.326038357454 8466.86317410017
5772.326156018355 8470.984245759944
5773.326273679257 8475.105317419724
5774.326391340158 8479.226389079502
5775.326509001059 8483.347460739278
5776.32662666196 8487.468532399056
5777.3267443228615 8491.589604058832
5778.326861983763 8495.710675718608
5779.326979644664 8499.831747378386
5780.327097305566 8502.156111723498
5781.327214966466 8500.783653824048
5782.327332627368 8499.411195924595
5783.327450288269 8498.038738025145
5784.327567949171 8496.666280125692
5785.327685610072 8495.29382222624
5786.327803270973 8493.921364326789
5787.327920931874 8492.548906427337
5788.328038592776 8491.176448527885
5789.328156253677 8489.803990628434
5790.328273914578 8487.274162528274
5791.32839157548 8482.375666382932
5792.32850923638 8477.477170237597
5793.328626897282 8472.578674092254
5794.328744558183 8467.68017794692
5795.328862219085 8462.781681801578
5796.328979879986 8457.88318565624
5797.329097540887 8452.984689510902
5798.329215201788 8448.086193365563
5799.32933286269 8443.187697220224
5800.329450523591 8439.823568167065
5801.329568184492 8439.58297212298
5802.329685845394 8439.342376078896
5803.329803506294 8439.10178003481
5804.3299211671965 8438.861183990726
5805.330038828097 8438.620587946642
5806.330156488999 8438.379991902557
5807.3302741499 8438.139395858474
5808.330391810801 8437.89879981439
5809.3305094717025 8437.658203770305
5810.330627132604 8439.595477942268
5811.330744793506 8445.942745541044
5812.330862454406 8452.290013139807
5813.330980115308 8458.637280738583
5814.3310977762085 8464.984548337346
5815.331215437111 8471.331815936122
5816.331333098012 8477.679083534893
5817.331450758913 8484.026351133662
5818.331568419814 8490.373618732432
5819.331686080715 8496.7208863312
5820.331803741617 8501.382547189347
5821.331921402518 8502.649085250774
5822.33203906342 8503.915623312203
5823.33215672432 8505.182161373628
5824.332274385222 8506.448699435057
5825.332392046123 8507.715237496483
5826.332509707025 8508.981775557912
5827.332627367926 8510.248313619339
5828.332745028827 8511.514851680766
5829.332862689728 8512.781389742193
5830.332980350629 8511.93184156619
5831.333098011531 8506.842643578795
5832.333215672432 8501.753445591401
5833.333333333334 8496.664247604003
5834.333450994234 8491.575049616613
5835.333568655136 8486.485851629215
5836.333686316037 8481.396653641827
5837.333803976939 8476.307455654427
5838.33392163784 8471.218257667033
5839.334039298741 8466.12905967964
5840.334156959642 8461.136879927428
5841.3342746205435 8456.338053418567
5842.334392281445 8451.539226909708
5843.334509942346 8446.74040040085
5844.334627603248 8441.941573891985
5845.334745264148 8437.14274738313
5846.33486292505 8432.343920874267
5847.334980585951 8427.545094365412
5848.335098246853 8422.746267856548
5849.335215907754 8417.94744134769
5850.335333568655 8415.57862398016
5851.335451229556 8418.02719315597
5852.335568890458 8420.475762331778
5853.33568655136 8422.92433150759
5854.33580421226 8425.372900683396
5855.335921873162 8427.821469859207
5856.336039534062 8430.270039035015
5857.3361571949645 8432.718608210827
5858.336274855865 8435.167177386633
5859.336392516767 8437.615746562446
5860.336510177668 8441.141793582021
5861.336627838569 8446.792657048747
5862.33674549947 8452.443520515473
5863.336863160372 8458.094383982198
5864.336980821274 8463.74524744893
5865.337098482174 8469.39611091565
5866.337216143076 8475.04697438238
5867.337333803976 8480.6978378491
5868.3374514648785 8486.348701315832
5869.33756912578 8491.999564782556
5870.337686786681 8496.330113577496
5871.337804447582 8498.070637423954
5872.337922108483 8499.811161270412
5873.3380397693845 8501.55168511687
5874.338157430286 8503.292208963328
5875.338275091188 8505.032732809788
5876.338392752088 8506.773256656244
5877.33851041299 8508.513780502704
5878.3386280738905 8510.25430434916
5879.338745734793 8511.99482819562
5880.338863395694 8512.190972913968
5881.338981056595 8509.373433361488
5882.339098717496 8506.55589380901
5883.339216378397 8503.738354256533
5884.339334039299 8500.920814704055
5885.3394517002 8498.103275151576
5886.339569361102 8495.285735599096
5887.339687022002 8492.46819604662
5888.339804682904 8489.65065649414
5889.339922343805 8486.833116941665
5890.340040004707 8484.252452762308
5891.340157665608 8482.131605483723
5892.340275326509 8480.010758205137
5893.34039298741 8477.889910926551
5894.3405106483115 8475.769063647966
5895.340628309213 8473.64821636938
5896.340745970114 8471.527369090794
5897.340863631016 8469.406521812207
5898.340981291916 8467.285674533623
5899.341098952818 8465.164827255036
5900.341216613719 8464.781604115607
5901.341334274621 8467.753793106971
5902.341451935522 8470.725982098334
5903.341569596423 8473.698171089696
5904.341687257324 8476.670360081058
5905.3418049182255 8479.64254907242
5906.341922579128 8482.614738063785
5907.342040240028 8485.586927055145
5908.34215790093 8488.559116046508
5909.34227556183 8491.531305037868
5910.342393222732 8494.199678286122
5911.342510883633 8496.284432976301
5912.342628544535 8498.369187666483
5913.342746205436 8500.453942356664
5914.342863866337 8502.538697046844
5915.342981527238 8504.623451737027
5916.34309918814 8506.708206427207
5917.343216849042 8508.79296111739
5918.343334509942 8510.877715807568
5919.343452170844 8512.96247049775
5920.343569831744 8513.424540413049
5921.3436874926465 8510.785726409222
5922.343805153548 8508.146912405395
5923.343922814449 8505.50809840157
5924.34404047535 8502.869284397742
5925.344158136251 8500.230470393917
5926.3442757971525 8497.59165639009
5927.344393458054 8494.952842386265
5928.344511118956 8492.314028382436
5929.344628779856 8489.675214378613
5930.344746440758 8486.277510063639
5931.3448641016585 8481.437137136705
5932.344981762561 8476.596764209764
5933.345099423462 8471.756391282826
5934.345217084363 8466.916018355887
5935.345334745264 8462.07564542895
5936.345452406165 8457.235272502012
5937.345570067067 8452.394899575074
5938.345687727968 8447.554526648137
5939.34580538887 8442.714153721194
5940.34592304977 8438.900222985052
5941.346040710672 8437.027455031495
5942.3461583715725 8435.154687077942
5943.346276032475 8433.281919124385
5944.346393693376 8431.40915117083
5945.346511354277 8429.536383217273
5946.346629015178 8427.663615263718
5947.346746676079 8425.790847310163
5948.3468643369815 8423.918079356607
5949.346981997882 8422.045311403052
5950.347099658784 8422.425140361884
5951.347217319684 8427.042905884684
5952.347334980586 8431.660671407493
5953.347452641487 8436.278436930295
5954.347570302389 8440.896202453105
5955.34768796329 8445.513967975909
5956.347805624191 8450.131733498714
5957.347923285092 8454.74949902152
5958.3480409459935 8459.367264544326
5959.348158606896 8463.985030067135
5960.348276267796 8468.809620388314
5961.348393928698 8474.021308474035
5962.348511589598 8479.232996559747
5963.3486292505 8484.444684645468
5964.348746911402 8489.656372731186
5965.348864572303 8494.868060816903
5966.348982233204 8500.079748902619
5967.349099894105 8505.291436988336
5968.349217555006 8510.503125074052
5969.349335215908 8515.71481315977
5970.34945287681 8519.4268030302
5971.34957053771 8520.3464255166
5972.349688198612 8521.266048003004
5973.349805859512 8522.185670489407
5974.349923520414 8523.10529297581
5975.350041181316 8524.024915462212
5976.350158842217 8524.944537948617
5977.350276503118 8525.86416043502
5978.350394164019 8526.783782921422
5979.35051182492 8527.703405407825
5980.350629485822 8526.962641271162
5981.350747146724 8523.146261644788
5982.350864807624 8519.32988201842
5983.350982468526 8515.513502392048
5984.351100129426 8511.697122765681
5985.3512177903285 8507.880743139307
5986.35133545123 8504.064363512936
5987.351453112131 8500.247983886566
5988.351570773032 8496.431604260197
5989.351688433933 8492.615224633826
5990.3518060948345 8489.084002786934
5991.351923755736 8486.078272366445
5992.352041416638 8483.072541945952
5993.352159077538 8480.066811525465
5994.35227673844 8477.061081104972
5995.3523943993405 8474.055350684484
5996.352512060243 8471.049620263992
5997.352629721144 8468.043889843502
5998.352747382045 8465.038159423011
5999.352865042946 8462.032429002522
6000.352982703847 8460.759199999346
6001.3531003647495 8462.662223594585
6002.35321802565 8464.565247189821
6003.353335686552 8466.46827078506
6004.353453347452 8468.371294380297
6005.353571008354 8470.274317975536
6006.353688669255 8472.17734157077
6007.353806330157 8474.08036516601
6008.353923991058 8475.983388761248
6009.354041651959 8477.886412356485
6010.35415931286 8480.472090174533
6011.354276973761 8484.302874864088
6012.354394634664 8488.133659553647
6013.354512295564 8491.964444243198
6014.354629956466 8495.795228932755
6015.354747617366 8499.626013622306
6016.354865278268 8503.456798311865
6017.3549829391695 8507.28758300142
6018.355100600071 8511.118367690975
6019.355218260972 8514.94915238053
6020.355335921873 8518.056195532212
6021.355453582774 8519.849959337027
6022.3555712436755 8521.643723141842
6023.355688904578 8523.437486946657
6024.355806565478 8525.23125075147
6025.35592422638 8527.025014556288
6026.35604188728 8528.818778361101
6027.356159548182 8530.612542165916
6028.356277209084 8532.406305970731
6029.356394869985 8534.200069775547
6030.356512530886 8534.922286824185
6031.356630191787 8533.710061379004
6032.356747852688 8532.497835933822
6033.35686551359 8531.28561048864
6034.356983174492 8530.073385043457
6035.357100835392 8528.861159598277
6036.357218496294 8527.648934153092
6037.357336157194 8526.436708707912
6038.3574538180965 8525.22448326273
6039.357571478998 8524.012257817547
6040.357689139899 8522.663255295594
6041.3578068008 8521.068593944969
6042.357924461701 8519.473932594345
6043.358042122603 8517.879271243717
6044.358159783504 8516.284609893093
6045.358277444406 8514.689948542466
6046.358395105306 8513.095287191842
6047.358512766208 8511.500625841214
6048.358630427108 8509.90596449059
6049.3587480880105 8508.311303139963
6050.358865748912 8507.685160798486
6051.358983409813 8508.789650784833
6052.359101070714 8509.894140771177
6053.359218731615 8510.998630757524
6054.359336392517 8512.10312074387
6055.359454053418 8513.207610730215
6056.35957171432 8514.312100716561
6057.35968937522 8515.416590702906
6058.359807036122 8516.521080689252
6059.359924697023 8517.625570675596
6060.360042357925 8519.541347214323
6061.360160018826 8522.899410957281
6062.360277679727 8526.25747470024
6063.360395340628 8529.615538443197
6064.360513001529 8532.973602186155
6065.3606306624315 8536.331665929116
6066.360748323332 8539.68972967207
6067.360865984234 8543.047793415031
6068.360983645134 8546.405857157986
6069.361101306036 8549.763920900949
6070.3612189669375 8552.136176591064
6071.361336627839 8552.764804357099
6072.36145428874 8553.393432123134
6073.361571949641 8554.022059889168
6074.361689610542 8554.650687655203
6075.3618072714435 8555.27931542124
6076.361924932346 8555.907943187274
6077.362042593246 8556.536570953309
6078.362160254148 8557.165198719344
6079.362277915048 8557.793826485378
6080.36239557595 8557.557769373543
6081.362513236852 8555.800091470133
6082.362630897753 8554.042413566722
6083.362748558654 8552.28473566331
6084.362866219555 8550.5270577599
6085.362983880456 8548.769379856489
6086.3631015413575 8547.011701953077
6087.36321920226 8545.254024049666
6088.36333686316 8543.496346146256
6089.363454524062 8541.738668242842
6090.363572184962 8539.5564927519
6091.363689845864 8536.631103038117
6092.363807506766 8533.705713324338
6093.363925167667 8530.780323610557
6094.364042828568 8527.854933896777
6095.364160489469 8524.929544182996
6096.364278150371 8522.004154469214
6097.364395811272 8519.078764755437
6098.364513472174 8516.153375041655
6099.364631133074 8513.227985327876
6100.364748793976 8511.744843271776
6101.364866454876 8512.774003587121
6102.3649841157785 8513.803163902467
6103.36510177668 8514.832324217812
6104.365219437581 8515.861484533156
6105.365337098482 8516.890644848501
6106.365454759383 8517.919805163847
6107.365572420285 8518.948965479192
6108.365690081186 8519.978125794536
6109.365807742088 8521.007286109883
6110.365925402988 8522.912021722812
6111.36604306389 8526.334233494588
6112.366160724791 8529.756445266361
6113.366278385693 8533.178657038134
6114.366396046594 8536.600868809906
6115.366513707495 8540.023080581681
6116.366631368396 8543.445292353454
6117.366749029297 8546.867504125226
6118.3668666901995 8550.289715897003
6119.3669843511 8553.711927668772
6120.367102012002 8556.989193821873
6121.367219672902 8560.016521696614
6122.367337333804 8563.04384957136
6123.367454994705 8566.071177446105
6124.367572655607 8569.09850532085
6125.367690316508 8572.125833195594
6126.367807977409 8575.153161070337
6127.36792563831 8578.180488945081
6128.368043299211 8581.207816819826
6129.3681609601135 8584.235144694572
6130.368278621014 8586.126046222069
6131.368396281916 8586.067232259244
6132.368513942816 8586.008418296418
6133.368631603718 8585.949604333593
6134.3687492646195 8585.890790370768
6135.368866925521 8585.831976407942
6136.368984586422 8585.773162445117
6137.369102247323 8585.714348482292
6138.369219908225 8585.655534519467
6139.3693375691255 8585.596720556641
6140.369455230028 8584.15765896017
6141.369572890928 8580.36250586169
6142.36969055183 8576.567352763206
6143.36980821273 8572.772199664727
6144.369925873632 8568.977046566242
6145.370043534534 8565.18189346776
6146.370161195435 8561.386740369277
6147.370278856336 8557.591587270796
6148.370396517237 8553.796434172313
6149.370514178139 8550.001281073828
6150.37063183904 8547.2494942695
6151.370749499942 8546.269774028247
6152.370867160842 8545.290053786997
6153.370984821744 8544.310333545745
6154.371102482645 8543.330613304493
6155.371220143546 8542.350893063243
6156.371337804448 8541.371172821991
6157.371455465349 8540.391452580741
6158.37157312625 8539.411732339491
6159.371690787151 8538.43201209824
6160.371808448053 8538.621450013225
6161.371926108954 8540.78661721754
6162.372043769856 8542.951784421859
6163.372161430756 8545.116951626174
6164.372279091658 8547.282118830495
6165.372396752559 8549.447286034812
6166.3725144134605 8551.61245323913
6167.372632074362 8553.777620443447
6168.372749735263 8555.942787647764
6169.372867396164 8558.107954852081
6170.372985057065 8560.815862817148
6171.373102717967 8564.436328591302
6172.373220378868 8568.056794365451
6173.37333803977 8571.677260139604
6174.37345570067 8575.297725913753
6175.373573361572 8578.918191687906
6176.373691022473 8582.538657462059
6177.373808683375 8586.15912323621
6178.373926344276 8589.77958901036
6179.374044005177 8593.400054784512
6180.374161666078 8596.41987835497
6181.374279326979 8598.434853962017
6182.3743969878815 8600.449829569066
6183.374514648782 8602.464805176112
6184.374632309684 8604.47978078316
6185.374749970584 8606.494756390206
6186.374867631486 8608.509731997256
6187.3749852923875 8610.524707604303
6188.375102953289 8612.539683211351
6189.37522061419 8614.554658818397
6190.375338275091 8615.305683348035
6191.375455935993 8613.952764234711
6192.375573596893 8612.599845121389
6193.375691257796 8611.246926008063
6194.375808918696 8609.894006894741
6195.375926579598 8608.541087781416
6196.376044240498 8607.188168668094
6197.3761619014 8605.83524955477
6198.3762795623015 8604.482330441446
6199.376397223203 8603.129411328122
6200.376514884104 8600.956871257118
6201.376632545005 8597.426833974958
6202.376750205907 8593.896796692792
6203.3768678668075 8590.366759410635
6204.37698552771 8586.83672212847
6205.37710318861 8583.306684846313
6206.377220849512 8579.776647564147
6207.377338510413 8576.246610281987
6208.377456171314 8572.716572999825
6209.377573832216 8569.186535717665
6210.377691493117 8567.048473001752
6211.377809154018 8567.204349680063
6212.377926814919 8567.360226358373
6213.378044475821 8567.516103036683
6214.378162136722 8567.671979714994
6215.378279797624 8567.827856393305
6216.378397458524 8567.983733071615
6217.378515119426 8568.139609749926
6218.378632780327 8568.295486428236
6219.3787504412285 8568.451363106546
6220.37886810213 8569.466682162467
6221.378985763031 8571.891273191612
6222.379103423932 8574.315864220755
6223.379221084833 8576.7404552499
6224.379338745735 8579.165046279046
6225.379456406636 8581.589637308189
6226.379574067538 8584.014228337335
6227.379691728438 8586.438819366476
6228.37980938934 8588.863410395623
6229.379927050241 8591.288001424768
6230.380044711143 8593.995106664901
6231.380162372044 8597.163156144014
6232.380280032945 8600.331205623126
6233.380397693847 8603.499255102242
6234.380515354747 8606.667304581353
6235.380633015649 8609.83535406047
6236.38075067655 8613.00340353958
6237.380868337452 8616.171453018696
6238.380985998352 8619.339502497807
6239.381103659254 8622.507551976923
6240.381221320155 8625.076769268706
6241.381338981057 8626.673808379825
6242.381456641958 8628.270847490945
6243.381574302859 8629.867886602064
6244.381691963761 8631.464925713182
6245.381809624661 8633.061964824301
6246.3819272855635 8634.659003935421
6247.382044946464 8636.256043046538
6248.382162607366 8637.853082157659
6249.382280268267 8639.450121268777
6250.382397929168 8640.01110829802
6251.3825155900695 8638.898472733468
6252.382633250971 8637.785837168916
6253.382750911872 8636.673201604362
6254.382868572773 8635.56056603981
6255.382986233675 8634.447930475257
6256.3831038945755 8633.335294910705
6257.383221555478 8632.222659346153
6258.383339216378 8631.1100237816
6259.38345687728 8629.997388217047
6260.383574538181 8628.983553493785
6261.383692199082 8628.128527484741
6262.383809859984 8627.2735014757
6263.383927520885 8626.418475466658
6264.384045181786 8625.563449457615
6265.384162842687 8624.708423448574
6266.384280503589 8623.85339743953
6267.3843981644895 8622.99837143049
6268.384515825392 8622.143345421448
6269.384633486292 8621.288319412406
6270.384751147194 8620.791129203664
6271.384868808095 8620.866257415591
6272.384986468996 8620.941385627517
6273.385104129898 8621.016513839442
6274.385221790799 8621.091642051368
6275.3853394517 8621.166770263293
6276.385457112601 8621.241898475218
6277.385574773503 8621.317026687146
6278.385692434404 8621.392154899071
6279.385810095306 8621.467283110997
6280.385927756206 8622.100778478029
6281.386045417108 8623.622894744352
6282.386163078009 8625.145011010674
6283.3862807389105 8626.667127276996
6284.386398399812 8628.189243543318
6285.386516060713 8629.71135980964
6286.386633721615 8631.233476075962
6287.386751382515 8632.755592342282
6288.386869043417 8634.277708608606
6289.386986704318 8635.799824874926
6290.38710436522 8637.035972721487
6291.38722202612 8637.819264803016
6292.387339687022 8638.602556884545
6293.387457347923 8639.385848966074
6294.387575008825 8640.169141047601
6295.387692669726 8640.95243312913
6296.387810330627 8641.73572521066
6297.387927991529 8642.519017292188
6298.388045652429 8643.302309373716
6299.3881633133315 8644.085601455245
6300.388280974232 8644.44680007367
6301.388398635134 8644.142881719936
6302.388516296035 8643.838963366201
6303.388633956936 8643.535045012466
6304.388751617837 8643.23112665873
6305.388869278739 8642.927208304995
6306.38898693964 8642.62328995126
6307.389104600541 8642.319371597525
6308.389222261443 8642.01545324379
6309.389339922343 8641.711534890055
6310.3894575832455 8641.236400641634
6311.389575244146 8640.492804008494
6312.389692905048 8639.749207375353
6313.389810565949 8639.005610742213
6314.38992822685 8638.262014109072
6315.3900458877515 8637.518417475932
6316.390163548653 8636.774820842793
6317.390281209554 8636.031224209652
6318.390398870455 8635.287627576512
6319.390516531357 8634.54403094337
6320.3906341922575 8634.16468461998
6321.39075185316 8634.353656550957
6322.39086951406 8634.542628481931
6323.390987174962 8634.731600412908
6324.391104835863 8634.920572343884
6325.391222496764 8635.109544274861
6326.391340157666 8635.298516205836
6327.391457818567 8635.487488136812
6328.391575479468 8635.676460067789
6329.391693140369 8635.865431998764
6330.391810801271 8636.75961354107
6331.391928462172 8638.74867006552
6332.392046123074 8640.737726589978
6333.392163783974 8642.726783114429
6334.392281444876 8644.715839638886
6335.392399105777 8646.70489616334
6336.392516766678 8648.693952687794
6337.39263442758 8650.683009212249
6338.392752088481 8652.672065736702
6339.392869749383 8654.66112226116
6340.392987410283 8656.667898763308
6341.393105071185 8658.702051039385
6342.393222732086 8660.73620331546
6343.393340392988 8662.770355591538
6344.393458053889 8664.804507867615
6345.39357571479 8666.83866014369
6346.393693375691 8668.872812419768
6347.3938110365925 8670.906964695843
6348.393928697494 8672.94111697192
6349.394046358395 8674.975269247996
6350.394164019297 8675.721422122047
6351.394281680197 8674.487516213885
6352.394399341099 8673.253610305717
6353.394517002 8672.019704397555
6354.394634662902 8670.785798489387
6355.394752323803 8669.551892581223
6356.394869984704 8668.317986673057
6357.394987645605 8667.084080764893
6358.395105306507 8665.850174856727
6359.395222967408 8664.616268948563
6360.395340628309 8662.750679770304
6361.395458289211 8659.918765589578
6362.395575950111 8657.086851408856
6363.3956936110135 8654.25493722813
6364.395811271914 8651.42302304741
6365.395928932816 8648.591108866683
6366.396046593717 8645.75919468596
6367.396164254618 8642.927280505237
6368.3962819155195 8640.095366324513
6369.396399576421 8637.263452143789
6370.396517237322 8634.286424464186
6371.396634898223 8631.088497007357
6372.396752559125 8627.890569550524
6373.396870220025 8624.692642093698
6374.396987880928 8621.494714636865
6375.397105541828 8618.29678718004
6376.39722320273 8615.098859723206
6377.397340863631 8611.900932266377
6378.397458524532 8608.703004809548
6379.3975761854335 8605.505077352718
6380.397693846335 8603.000318852868
6381.397811507237 8601.545567767136
6382.397929168137 8600.090816681408
6383.398046829039 8598.636065595678
6384.3981644899395 8597.181314509948
6385.398282150842 8595.726563424218
6386.398399811742 8594.27181233849
6387.398517472644 8592.817061252757
6388.398635133545 8591.362310167027
6389.398752794446 8589.907559081297
6390.398870455348 8590.326996847547
6391.398988116249 8593.571539343473
6392.399105777151 8596.816081839403
6393.399223438051 8600.060624335327
6394.399341098953 8603.305166831258
6395.399458759854 8606.549709327182
6396.399576420756 8609.794251823112
6397.399694081657 8613.038794319038
6398.399811742558 8616.283336814966
6399.399929403459 8619.527879310892
6400.4000470643605 8622.672027972973
6401.400164725262 8625.665585884282
6402.400282386163 8628.659143795592
6403.400400047065 8631.652701706904
6404.400517707965 8634.64625961821
6405.400635368867 8637.639817529523
6406.400753029768 8640.63337544083
6407.40087069067 8643.626933352141
6408.400988351571 8646.620491263451
6409.401106012472 8649.614049174761
6410.401223673373 8651.760946574359
6411.401341334275 8652.644060394892
6412.401458995176 8653.527174215425
6413.401576656077 8654.410288035957
6414.401694316979 8655.293401856492
6415.401811977879 8656.176515677023
6416.401929638781 8657.059629497557
6417.402047299682 8657.94274331809
6418.402164960584 8658.825857138623
6419.402282621485 8659.708970959156
6420.402400282386 8659.592207703075
6421.402517943287 8657.990246917989
6422.402635604189 8656.388286132904
6423.40275326509 8654.786325347817
6424.402870925991 8653.184364562732
6425.402988586893 8651.582403777644
6426.403106247793 8649.98044299256
6427.4032239086955 8648.378482207472
6428.403341569596 8646.77652142239
6429.403459230498 8645.1745606373
6430.403576891399 8642.720154177308
6431.4036945523 8639.005718687644
6432.4038122132015 8635.29128319798
6433.403929874103 8631.576847708313
6434.404047535005 8627.862412218645
6435.404165195905 8624.147976728984
6436.404282856807 8620.433541239316
6437.4044005177075 8616.719105749655
6438.40451817861 8613.004670259987
6439.404635839511 8609.290234770322
6440.404753500412 8606.55331121725
6441.404871161313 8605.254239524404
6442.404988822214 8603.955167831555
6443.405106483116 8602.656096138708
6444.405224144017 8601.357024445859
6445.405341804919 8600.05795275301
6446.405459465819 8598.758881060163
6447.405577126721 8597.459809367314
6448.4056947876215 8596.160737674467
6449.405812448524 8594.861665981618
6450.405930109425 8595.048598377927
6451.406047770326 8597.4106961801
6452.406165431227 8599.772793982273
6453.406283092128 8602.134891784446
6454.40640075303 8604.49698958662
6455.406518413931 8606.859087388793
6456.406636074833 8609.221185190969
6457.406753735733 8611.58328299314
6458.406871396635 8613.945380795316
6459.406989057536 8616.307478597486
6460.407106718438 8618.622967633322
6461.407224379339 8620.870564130906
6462.40734204024 8623.11816062849
6463.407459701141 8625.365757126072
6464.4075773620425 8627.613353623656
6465.407695022944 8629.86095012124
6466.407812683845 8632.108546618823
6467.407930344747 8634.356143116407
6468.408048005647 8636.60373961399
6469.408165666549 8638.851336111575
6470.40828332745 8639.896187310793
6471.408400988352 8639.1975777461
6472.408518649253 8638.498968181406
6473.408636310154 8637.800358616712
6474.408753971055 8637.101749052019
6475.408871631957 8636.403139487325
6476.408989292859 8635.704529922632
6477.409106953759 8635.005920357939
6478.409224614661 8634.307310793245
6479.409342275561 8633.608701228553
6480.4094599364635 8631.78371398518
6481.409577597364 8628.333894573147
6482.409695258266 8624.884075161106
6483.409812919167 8621.434255749069
6484.409930580068 8617.984436337032
6485.410048240969 8614.534616924995
6486.410165901871 8611.084797512958
6487.410283562773 8607.63497810092
6488.410401223673 8604.185158688884
6489.410518884575 8600.735339276845
6490.410636545475 8597.406423141585
6491.4107542063775 8594.251067297617
6492.410871867279 8591.095711453654
6493.41098952818 8587.94035560969
6494.411107189081 8584.784999765727
6495.411224849982 8581.629643921762
6496.4113425108835 8578.474288077798
6497.411460171785 8575.318932233835
6498.411577832687 8572.163576389868
6499.411695493587 8569.008220545908
6500.411813154489 8566.997066625347
6501.4119308153895 8566.620486881084
6502.412048476292 8566.24390713682
6503.412166137193 8565.867327392558
6504.412283798094 8565.490747648295
6505.412401458995 8565.11416790403
6506.412519119896 8564.737588159767
6507.412636780798 8564.361008415504
6508.412754441699 8563.984428671241
6509.412872102601 8563.607848926977
6510.412989763501 8563.82376568405
6511.413107424403 8564.882006527072
6512.413225085304 8565.94024737009
6513.413342746206 8566.99848821311
6514.413460407107 8568.05672905613
6515.413578068008 8569.114969899148
6516.413695728909 8570.173210742169
6517.4138133898105 8571.231451585189
6518.413931050712 8572.289692428209
6519.414048711613 8573.347933271227
6520.414166372515 8574.872936539172
6521.414284033415 8577.05830255601
6522.414401694317 8579.243668572852
6523.414519355218 8581.42903458969
6524.41463701612 8583.614400606531
6525.414754677021 8585.799766623371
6526.414872337922 8587.985132640211
6527.414989998823 8590.170498657053
6528.4151076597245 8592.355864673893
6529.415225320627 8594.541230690735
6530.415342981527 8595.917470913379
6531.415460642429 8596.154517029187
6532.415578303329 8596.391563144995
6533.415695964231 8596.628609260802
6534.415813625133 8596.86565537661
6535.415931286034 8597.102701492417
6536.416048946935 8597.339747608225
6537.416166607836 8597.576793724033
6538.416284268737 8597.81383983984
6539.416401929639 8598.050885955647
6540.416519590541 8596.728516148443
6541.416637251441 8593.22120199714
6542.416754912343 8589.71388784583
6543.416872573243 8586.206573694526
6544.4169902341455 8582.699259543217
6545.417107895047 8579.19194539191
6546.417225555948 8575.684631240605
6547.417343216849 8572.177317089298
6548.41746087775 8568.670002937992
6549.4175785386515 8565.162688786686
6550.417696199553 8561.431873671509
6551.417813860455 8557.389416367272
6552.417931521355 8553.346959063041
6553.418049182257 8549.304501758805
6554.418166843157 8545.262044454574
6555.41828450406 8541.219587150337
6556.418402164961 8537.177129846103
6557.418519825862 8533.13467254187
6558.418637486763 8529.092215237635
6559.418755147664 8525.049757933402
6560.4188728085655 8522.28942796013
6561.418990469467 8521.308229732631
6562.419108130369 8520.327031505132
6563.419225791269 8519.345833277635
6564.419343452171 8518.364635050135
6565.4194611130715 8517.383436822638
6566.419578773974 8516.40223859514
6567.419696434875 8515.42104036764
6568.419814095776 8514.439842140142
6569.419931756677 8513.458643912643
6570.420049417578 8513.271830058251
6571.4201670784805 8514.18202319529
6572.420284739381 8515.092216332328
6573.420402400283 8516.002409469367
6574.420520061183 8516.912602606404
6575.420637722085 8517.822795743443
6576.420755382986 8518.732988880482
6577.420873043888 8519.64318201752
6578.420990704789 8520.553375154559
6579.42110836569 8521.463568291596
6580.421226026591 8522.824110976182
6581.4213436874925 8524.803569798734
6582.421461348395 8526.78302862129
6583.421579009295 8528.762487443842
6584.421696670197 8530.741946266398
6585.421814331097 8532.721405088949
6586.421931991999 8534.700863911505
6587.422049652901 8536.680322734059
6588.422167313802 8538.659781556613
6589.422284974703 8540.639240379165
6590.422402635604 8541.971067704539
6591.422520296505 8542.417137188364
6592.422637957407 8542.86320667219
6593.422755618309 8543.309276156015
6594.422873279209 8543.75534563984
6595.422990940111 8544.201415123665
6596.423108601011 8544.64748460749
6597.423226261913 8545.093554091316
6598.423343922815 8545.539623575141
6599.423461583716 8545.985693058967
6600.423579244617 8545.345645524709
6601.423696905518 8543.227272049171
6602.423814566419 8541.108898573633
6603.423932227321 8538.990525098097
6604.424049888223 8536.872151622558
6605.424167549123 8534.753778147022
6606.424285210025 8532.635404671482
6607.424402870925 8530.517031195948
6608.4245205318275 8528.398657720409
6609.424638192729 8526.280284244871
6610.42475585363 8523.442189805692
6611.424873514531 8519.629182482244
6612.424991175432 8515.816175158798
6613.4251088363335 8512.00316783535
6614.425226497235 8508.190160511902
6615.425344158137 8504.37715318845
6616.425461819037 8500.564145865008
6617.425579479939 8496.751138541556
6618.4256971408395 8492.938131218112
6619.425814801742 8489.12512389466
6620.425932462643 8486.143649332704
6621.426050123544 8484.28313606248
6622.426167784445 8482.422622792255
6623.426285445346 8480.56210952203
6624.4264031062485 8478.701596251805
6625.426520767149 8476.841082981582
6626.426638428051 8474.980569711355
6627.426756088951 8473.120056441134
6628.426873749853 8471.259543170907
6629.426991410754 8469.399029900682
6630.427109071656 8468.343677143623
6631.427226732557 8468.368525956568
6632.427344393458 8468.393374769512
6633.427462054359 8468.418223582457
6634.42757971526 8468.443072395401
6635.4276973761625 8468.467921208345
6636.427815037063 8468.49277002129
6637.427932697965 8468.517618834234
6638.428050358865 8468.54246764718
6639.428168019767 8468.567316460123
6640.4282856806685 8468.92479436759
6641.42840334157 8469.726386945213
6642.428521002471 8470.527979522834
6643.428638663372 8471.329572100458
6644.428756324273 8472.13116467808
6645.4288739851745 8472.932757255703
6646.428991646077 8473.734349833327
6647.429109306977 8474.535942410948
6648.429226967879 8475.337534988572
6649.429344628779 8476.139127566194
6650.429462289681 8475.56965227219
6651.429579950583 8473.178347066574
6652.429697611484 8470.787041860958
6653.429815272385 8468.395736655342
6654.429932933286 8466.004431449726
6655.430050594187 8463.61312624411
6656.430168255089 8461.221821038494
6657.430285915991 8458.830515832875
6658.430403576891 8456.439210627263
6659.430521237793 8454.047905421643
6660.430638898693 8450.9012006678
6661.4307565595955 8446.755552249078
6662.430874220497 8442.60990383036
6663.430991881398 8438.46425541164
6664.431109542299 8434.318606992922
6665.4312272032 8430.172958574203
6666.431344864102 8426.027310155481
6667.431462525003 8421.881661736767
6668.431580185905 8417.736013318043
6669.431697846805 8413.590364899328
6670.431815507707 8409.217526740927
6671.431933168607 8404.545689551842
6672.4320508295095 8399.873852362747
6673.432168490411 8395.202015173658
6674.432286151312 8390.530177984567
6675.432403812213 8385.858340795477
6676.432521473114 8381.186503606386
6677.432639134016 8376.514666417292
6678.432756794917 8371.842829228206
6679.432874455819 8367.170992039111
6680.432992116719 8363.850536412623
6681.433109777621 8362.300096854531
6682.433227438522 8360.749657296443
6683.433345099424 8359.199217738353
6684.433462760325 8357.648778180264
6685.433580421226 8356.098338622174
6686.433698082127 8354.547899064086
6687.433815743028 8352.997459505996
6688.4339334039305 8351.447019947906
6689.434051064831 8349.896580389817
6690.434168725733 8349.909128296367
6691.434286386633 8351.959066366846
6692.434404047535 8354.009004437328
6693.4345217084365 8356.058942507809
6694.434639369338 8358.10888057829
6695.434757030239 8360.15881864877
6696.43487469114 8362.20875671925
6697.434992352041 8364.25869478973
6698.4351100129425 8366.308632860211
6699.435227673845 8368.358570930694
6700.435345334745 8370.165140162308
6701.435462995647 8371.655987657023
6702.435580656547 8373.146835151736
6703.435698317449 8374.637682646451
6704.435815978351 8376.128530141164
6705.435933639252 8377.619377635878
6706.436051300153 8379.110225130591
6707.436168961054 8380.601072625304
6708.436286621955 8382.09192012002
6709.4364042828565 8383.582767614733
6710.436521943759 8383.838914247483
6711.436639604659 8382.50093227409
6712.436757265561 8381.162950300693
6713.436874926461 8379.8249683273
6714.436992587363 8378.486986353904
6715.437110248265 8377.14900438051
6716.437227909166 8375.811022407115
6717.437345570067 8374.473040433719
6718.437463230968 8373.135058460324
6719.43758089187 8371.797076486928
6720.437698552771 8369.495554588899
6721.437816213673 8365.955935690925
6722.437933874573 8362.416316792958
6723.438051535475 8358.876697894986
6724.438169196376 8355.337078997016
6725.4382868572775 8351.797460099047
6726.438404518179 8348.257841201077
6727.43852217908 8344.718222303107
6728.438639839981 8341.178603405138
6729.438757500882 8337.638984507168
6730.438875161784 8333.555494974418
6731.438992822685 8328.776492592375
6732.439110483587 8323.997490210324
6733.439228144487 8319.218487828282
6734.439345805389 8314.439485446232
6735.43946346629 8309.660483064186
6736.439581127192 8304.88148068214
6737.439698788093 8300.102478300094
6738.439816448994 8295.323475918047
6739.439934109895 8290.544473536002
6740.440051770796 8287.577955932766
6741.440169431698 8286.918237138927
6742.440287092599 8286.25851834509
6743.440404753501 8285.59879955125
6744.440522414401 8284.939080757413
6745.440640075303 8284.279361963574
6746.440757736204 8283.619643169735
6747.440875397106 8282.959924375898
6748.440993058007 8282.30020558206
6749.441110718908 8281.640486788221
6750.441228379809 8281.65999713486
6751.44134604071 8282.539864392773
6752.4414637016125 8283.419731650683
6753.441581362513 8284.299598908594
6754.441699023415 8285.179466166506
6755.441816684315 8286.059333424417
6756.441934345217 8286.93920068233
6757.4420520061185 8287.81906794024
6758.44216966702 8288.69893519815
6759.442287327921 8289.578802456062
6760.442404988822 8290.121828555879
6761.442522649724 8290.240219791505
6762.4426403106245 8290.358611027132
6763.442757971527 8290.477002262758
6764.442875632427 8290.595393498385
6765.442993293329 8290.713784734011
6766.443110954229 8290.832175969636
6767.443228615131 8290.950567205262
6768.443346276033 8291.068958440888
6769.443463936934 8291.187349676515
6770.443581597835 8290.013822302088
6771.443699258736 8287.219399695417
6772.443816919638 8284.424977088745
6773.443934580539 8281.630554482079
6774.444052241441 8278.836131875407
6775.444169902341 8276.04170926874
6776.444287563243 8273.247286662068
6777.444405224144 8270.4528640554
6778.444522885045 8267.65844144873
6779.444640545947 8264.864018842061
6780.444758206848 8261.40762073549
6781.444875867749 8257.124628883012
6782.44499352865 8252.841637030533
6783.445111189552 8248.55864517805
6784.445228850453 8244.275653325574
6785.445346511355 8239.992661473092
6786.445464172255 8235.709669620617
6787.445581833157 8231.426677768135
6788.445699494058 8227.143685915655
6789.4458171549595 8222.860694063176
6790.445934815861 8219.031492448412
6791.446052476762 8215.76623595756
6792.446170137663 8212.50097946671
6793.446287798564 8209.23572297586
6794.446405459466 8205.970466485005
6795.446523120367 8202.705209994157
6796.446640781269 8199.439953503304
6797.446758442169 8196.174697012457
6798.446876103071 8192.909440521602
6799.446993763972 8189.644184030752
6800.447111424874 8187.297576415453
6801.447229085775 8186.087192409387
6802.447346746676 8184.876808403323
6803.447464407577 8183.666424397257
6804.447582068478 8182.456040391193
6805.4476997293805 8181.2456563851265
6806.447817390281 8180.035272379063
6807.447935051183 8178.824888372997
6808.448052712083 8177.614504366933
6809.448170372985 8176.404120360867
6810.4482880338865 8175.657694287115
6811.448405694788 8175.482387032932
6812.448523355689 8175.307079778748
6813.44864101659 8175.1317725245635
6814.448758677492 8174.956465270379
6815.448876338392 8174.781158016196
6816.4489939992945 8174.605850762012
6817.449111660195 8174.430543507828
6818.449229321097 8174.2552362536435
6819.449346981998 8174.07992899946
6820.449464642899 8172.917054967247
6821.4495823038005 8170.544282369285
6822.449699964702 8168.171509771321
6823.449817625603 8165.798737173359
6824.449935286504 8163.4259645753955
6825.450052947406 8161.05319197743
6826.4501706083065 8158.68041937947
6827.450288269209 8156.307646781504
6828.450405930109 8153.934874183543
6829.450523591011 8151.562101585578
6830.450641251912 8147.563830463266
6831.450758912813 8141.583554612832
6832.450876573715 8135.603278762399
6833.450994234616 8129.623002911965
6834.451111895517 8123.642727061532
6835.451229556418 8117.662451211098
6836.45134721732 8111.68217536066
6837.451464878221 8105.701899510232
6838.451582539123 8099.721623659793
6839.451700200023 8093.741347809365
6840.451817860925 8088.850077339891
6841.451935521826 8085.280360275446
6842.4520531827275 8081.710643211
6843.452170843629 8078.140926146555
6844.45228850453 8074.571209082109
6845.452406165431 8071.001492017664
6846.452523826332 8067.431774953218
6847.452641487234 8063.862057888769
6848.452759148135 8060.292340824328
6849.452876809037 8056.722623759879
6850.452994469937 8055.279305165386
6851.453112130839 8056.404234073563
6852.45322979174 8057.529162981738
6853.4533474526415 8058.6540918899145
6854.453465113543 8059.779020798091
6855.453582774444 8060.903949706267
6856.453700435346 8062.028878614443
6857.453818096246 8063.153807522618
6858.453935757148 8064.278736430795
6859.454053418049 8065.40366533897
6860.454171078951 8067.575102870083
6861.454288739851 8071.004519678504
6862.454406400753 8074.433936486931
6863.454524061654 8077.8633532953545
6864.454641722556 8081.292770103779
6865.454759383457 8084.722186912202
6866.454877044358 8088.151603720626
6867.45499470526 8091.581020529053
6868.45511236616 8095.010437337473
6869.4552300270625 8098.4398541459
6870.455347687963 8099.968943774444
6871.455465348865 8099.2245153557415
6872.455583009766 8098.48008693704
6873.455700670667 8097.735658518339
6874.4558183315685 8096.991230099637
6875.45593599247 8096.246801680935
6876.456053653371 8095.502373262234
6877.456171314272 8094.757944843533
6878.456288975174 8094.01351642483
6879.4564066360745 8093.26908800613
6880.456524296977 8090.225808195692
6881.456641957877 8084.445236264176
6882.456759618779 8078.66466433265
6883.45687727968 8072.88409240113
6884.456994940581 8067.10352046961
6885.457112601483 8061.322948538089
6886.457230262384 8055.542376606569
6887.457347923285 8049.761804675049
6888.457465584186 8043.981232743528
6889.457583245088 8038.200660812003
6890.4577009059885 8032.4695862385
6891.457818566891 8026.797170487721
6892.457936227791 8021.124754736952
6893.458053888693 8015.452338986172
6894.458171549594 8009.779923235399
6895.458289210495 8004.107507484625
6896.458406871397 7998.435091733851
6897.458524532298 7992.762675983077
6898.458642193199 7987.090260232303
6899.4587598541 7981.41784448153
6900.458877515002 7976.493152970669
6901.458995175903 7972.450392614593
6902.459112836805 7968.407632258508
6903.459230497705 7964.364871902431
6904.459348158607 7960.3221115463475
6905.459465819508 7956.279351190266
6906.4595834804095 7952.236590834186
6907.459701141311 7948.193830478105
6908.459818802212 7944.151070122025
6909.459936463114 7940.10830976594
6910.460054124014 7923.574778413531
6911.460171784916 7892.378168065378
6912.460289445817 7861.181557717282
6913.460407106719 7829.984947369129
6914.46052476762 7798.788337021005
6915.460642428521 7767.59172667288
6916.460760089422 7736.395116324757
6917.460877750324 7705.198505976632
6918.460995411225 7674.001895628508
6919.461113072126 7642.805285280383
6920.461230733028 7551.4988518781975
6921.461348393928 7389.962063989781
6922.46146605483 7228.42527610107
6923.461583715731 7066.888488212654
6924.461701376633 6905.351700323944
6925.461819037534 6743.81491243538
6926.461936698435 6582.278124546817
6927.462054359336 6420.741336658253
6928.462172020238 6259.2045487696905
6929.462289681139 6097.667760881127
6930.46240734204 5868.603896759533
6931.462525002942 5561.016180631256
6932.462642663842 5253.428464503539
6933.4627603247445 4945.840748375262
6934.462877985645 4638.253032247544
6935.462995646547 4330.665316119267
6936.463113307448 4023.0775999912694
6937.463230968349 3715.489883863272
6938.4633486292505 3407.902167735275
6939.463466290152 3100.314451607277
6940.463583951053 2830.520548714865
6941.463701611954 2604.4677088565545
6942.463819272856 2378.414868998038
6943.4639369337565 2152.362029139933
6944.464054594659 1926.3091892814164
6945.464172255559 1700.2563494233111
6946.464289916461 1474.2035095647946
6947.464407577362 1248.1506697064838
6948.464525238263 1022.097829848173
6949.464642899165 796.0449899898622
6950.464760560066 653.3037700026716
6951.464878220968 606.5290994872662
6952.464995881868 559.7544289719458
6953.46511354277 512.9797584565404
6954.465231203671 466.20508794122003
6955.465348864573 419.4304174258146
6956.465466525473 372.65574691049426
6957.465584186375 325.8810763950888
6958.465701847276 279.1064058797259
6959.465819508177 232.331735364363
6960.465937169079 200.3560113596504
6961.46605482998 185.34675633432195
6962.466172490882 170.33750130897988
6963.466290151782 155.3282462836651
6964.466407812684 140.31899125832302
6965.466525473585 125.30973623300822
6966.466643134487 110.30048120766614
6967.466760795388 95.2912261823377
6968.466878456289 80.28197115700927
6969.46699611719 65.27271613168082
6970.4671137780915 55.449517632081616
6971.467231438993 51.54391007997654
6972.467349099894 47.63830252787146
6973.467466760796 43.73269497576284
6974.467584421696 39.82708742366131
6975.467702082598 35.92147987155269
6976.467819743499 32.01587231945116
6977.467937404401 28.11026476734254
6978.468055065302 24.20465721523746
6979.468172726203 20.299049663132386
6980.468290387104 17.6841102309525
6981.468408048006 16.534954693762632
6982.468525708907 15.385799156572766
6983.468643369808 14.236643619382901
6984.46876103071 13.08748808219199
6985.46887869161 11.93833254500317
6986.4689963525125 10.78917700781226
6987.469114013413 9.64002147062344
6988.469231674315 8.490865933432529
6989.469349335216 7.341710396242663
6990.469466996117 6.547173701626251
6991.4695846570185 6.153471839091429
6992.46970231792 5.759769976556606
6993.469819978821 5.3660681140217825
6994.469937639722 4.97236625148696
6995.470055300624 4.578664388951779
6996.470172961524 4.184962526417315
6997.470290622427 3.791260663882134
6998.470408283327 3.397558801347669
6999.470525944229 3.0038569388124885
7000.47064360513 2.724775673535987
7001.470761266031 2.5746425801750146
7002.4708789269325 2.424509486814042
7003.470996587834 2.2743763934530694
7004.471114248736 2.12424330009196
7005.471231909636 1.9741102067311238
7006.471349570538 1.8239771133700144
7007.4714672314385 1.6738440200091784
7008.471584892341 1.523710926648069
7009.471702553242 1.3735778332870965
7010.471820214143 1.2639794426246136
7011.471937875044 1.1997677888988059
7012.472055535945 1.1355561351729984
7013.472173196847 1.0713444814471909
7014.472290857748 1.0071328277213831
7015.47240851865 0.9429211739955172
7016.47252617955 0.878709520269768
7017.472643840452 0.814497866543902
7018.472761501353 0.7502862128181529
7019.472879162255 0.6860745590922869
7020.472996823156 0.6385366918130534
7021.473114484057 0.6095805566931669
7022.473232144958 0.5806244215732803
7023.4733498058595 0.5516682864533937
7024.473467466761 0.5227121513335072
7025.473585127662 0.49375601621362064
7026.473702788564 0.4647998810937078
7027.473820449464 0.43584374597384756
7028.473938110366 0.40688761085393466
7029.474055771267 0.3779314757340745
7030.474173432169 0.3553252863730042
7031.47429109307 0.33976233709682174
7032.474408753971 0.3241993878206393
7033.474526414872 0.3086364385444568
7034.4746440757735 0.29307348926827437
7035.474761736675 0.2775105399920919
7036.474879397576 0.26194759071590945
7037.474997058478 0.24638464143971284
7038.475114719378 0.23082169216354453
7039.47523238028 0.21525874288734792
7040.475350041181 0.2035024884038784
7041.475467702083 0.19594867421134693
7042.475585362984 0.1883948600188223
7043.475703023885 0.18084104582629767
7044.475820684786 0.17328723163377308
7045.475938345688 0.16573341744124845
7046.47605600659 0.15817960324871697
7047.47617366749 0.15062578905619922
7048.476291328392 0.14307197486366774
7049.476408989292 0.13551816067114997
7050.4765266501945 0.12957925292044128
7051.476644311095 0.12541474854408893
7052.476761971997 0.121250244167729
7053.476879632898 0.11708573979137286
7054.476997293799 0.11292123541501672
7055.4771149547005 0.10875673103866058
7056.477232615602 0.10459222666230444
7057.477350276504 0.10042772228594452
7058.477467937404 0.09626321790959216
7059.477585598306 0.09209871353323223
7060.4777032592065 0.08871137295343871
7061.477820920109 0.08617393563884292
7062.47793858101 0.08363649832424944
7063.478056241911 0.08109906100965594
7064.478173902812 0.07856162369506246
7065.478291563713 0.07602418638046897
7066.478409224615 0.07348674906587549
7067.478526885516 0.070949311751282
7068.478644546418 0.06841187443668621
7069.478762207318 0.06587443712209504
7070.47887986822 0.06375693352850452
7071.4789975291205 0.06209650767055655
7072.479115190023 0.06043608181260557
7073.479232850924 0.0587756559546561
7074.479350511825 0.05711523009670663
7075.479468172726 0.05545480423875716
7076.479585833627 0.05379437838080769
7077.479703494529 0.05213395252285822
7078.47982115543 0.050473526664908744
7079.479938816332 0.04881310080695776
7080.480056477232 0.047511660889699284
7081.480174138134 0.04659912240818596
7082.480291799035 0.04568658392667429
7083.480409459937 0.04477404544516096
7084.480527120838 0.04386150696364846
7085.480644781739 0.04294896848213597
7086.48076244264 0.042036430000623466
7087.4808801035415 0.04112389151911097
7088.480997764443 0.04021135303759847
7089.481115425344 0.03929881455608598
7090.481233086246 0.03861003879359771
7091.481350747146 0.03816253285773614
7092.481468408048 0.037715026921873764
7093.481586068949 0.037267520986012194
7094.481703729851 0.03682001505014981
7095.481821390752 0.03637250911428784
7096.481939051653 0.03592500317842587
7097.482056712554 0.035477497242563896
7098.482174373456 0.035029991306701924
7099.482292034357 0.03458248537083995
7100.482409695258 0.034238298704837467
7101.482527356159 0.034004991255269665
7102.482645017061 0.033771683805701655
7103.4827626779625 0.03353837635613386
7104.482880338864 0.03330506890656606
7105.482997999765 0.03307176145699826
7106.483115660666 0.03283845400743046
7107.483233321567 0.03260514655786266
7108.483350982468 0.032371839108294866
7109.48346864337 0.032138531658727064
7110.483586304271 0.032067324487782246
7111.483703965172 0.03216926092344461
7112.483821626074 0.03227119735910707
7113.483939286975 0.032373133794769436
7114.4840569478765 0.0324750702304318
7115.484174608778 0.03257700666609417
7116.484292269679 0.032678943101756536
7117.48440993058 0.0327808795374189
7118.484527591481 0.032882815973081264
7119.4846452523825 0.03298475240874363
7120.484762913284 0.03310529407387885
7121.484880574185 0.03324561508490997
7122.484998235086 0.033385936095941086
7123.485115895988 0.03352625710697234
7124.485233556889 0.03366657811800346
7125.485351217791 0.03380689912903458
7126.485468878692 0.0339472201400657
7127.485586539593 0.03408754115109682
7128.485704200494 0.03422786216212795
7129.485821861395 0.03436818317315907
7130.485939522297 0.03498405582781197
7131.486057183198 0.03610311508842812
7132.486174844099 0.03722217434904426
7133.486292505001 0.038341233609661435
7134.486410165902 0.03946029287027758
7135.4865278268035 0.040579352130893726
7136.486645487705 0.04169841139150988
7137.486763148606 0.04281747065212602
7138.486880809507 0.043936529912742175
7139.486998470408 0.04505558917335832
7140.487116131309 0.04641217910248767
7141.487233792211 0.048018922102804916
7142.487351453112 0.049625665103122156
7143.487469114013 0.051232408103439396
7144.487586774915 0.0528391511037581
7145.487704435816 0.05444589410407534
7146.4878220967175 0.05605263710439258
7147.487939757619 0.05765938010470983
7148.48805741852 0.05926612310502707
7149.488175079421 0.060872866105344314
7150.488292740322 0.06304469851172238
7151.4884104012235 0.06580885354854982
7152.488528062125 0.06857300858537725
7153.488645723026 0.07133716362220469
7154.488763383927 0.07410131865903213
7155.488881044829 0.07686547369586208
7156.48899870573 0.07962962873268951
7157.489116366632 0.08239378376951695
7158.489234027533 0.0851579388063444
7159.489351688434 0.08792209384317183
7160.489469349335 0.09151210096820152
7161.489587010236 0.09596369416601908
7162.489704671138 0.10041528736383663
7163.489822332039 0.10486688056165419
7164.48993999294 0.10931847375947173
7165.490057653842 0.11377006695729334
7166.490175314743 0.1182216601551109
7167.4902929756445 0.12267325335292845
7168.490410636546 0.12712484655074602
7169.490528297447 0.13157643974856356
7170.490645958348 0.13529745524282344
7171.490763619249 0.13825986127511597
7172.4908812801505 0.14122226730740853
7173.490998941052 0.14418467333970106
7174.491116601953 0.1471470793719936
7175.491234262854 0.15010948540428612
7176.491351923756 0.15307189143658134
7177.491469584657 0.15603429746887387
7178.491587245559 0.15899670350116643
7179.49170490646 0.16195910953345896
7180.491822567361 0.16237177963364374
7181.491940228262 0.16014931594753662
7182.492057889163 0.1579268522614295
7183.4921755500645 0.15570438857532237
7184.492293210966 0.15348192488921525
7185.492410871867 0.1512594612031081
7186.492528532769 0.14903699751699895
7187.49264619367 0.14681453383089182
7188.492763854571 0.1445920701447847
7189.492881515473 0.14236960645867758
7190.492999176374 0.1386744860243781
7191.493116837275 0.13346453251497012
7192.493234498176 0.1282545790055621
7193.493352159077 0.12304462549615412
7194.493469819979 0.11783467198674613
7195.49358748088 0.11262471847733813
7196.493705141781 0.10741476496793013
7197.493822802683 0.1022048114585174
7198.493940463584 0.09699485794910942
7199.4940581244855 0.09178490443970141
7200.494175785387 0.0876711427548546
7201.494293446288 0.08467967269991472
7202.494411107189 0.08168820264497482
7203.49452876809 0.07869673259003493
7204.4946464289915 0.07570526253509505
7205.494764089893 0.07271379248015515
7206.494881750794 0.06972232242521526
7207.494999411696 0.06673085237027265
7208.495117072597 0.06373938231533276
7209.495234733498 0.060747912260392875
7210.4953523944 0.058226992760345646
7211.495470055301 0.05618556539343083
7212.495587716202 0.054144138026516006
7213.495705377103 0.05210271065960119
7214.495823038004 0.050061283292686366
7215.4959406989055 0.04801985592577154
7216.496058359807 0.045978428558856727
7217.496176020708 0.0439370011919419
7218.49629368161 0.041895573825025234
7219.496411342511 0.039854146458110404
7220.496529003412 0.03852833370711785
7221.496646664314 0.0379283101874389
7222.496764325215 0.037328286667759954
7223.496881986116 0.03672826314808101
7224.496999647017 0.036128239628402066
7225.497117307918 0.03552821610872312
7226.49723496882 0.03492819258904418
7227.497352629721 0.034328169069365234
7228.497470290623 0.03372814554968574
7229.497587951524 0.0331281220300068
7230.497705612425 0.03246900609867791
7231.4978232733265 0.03175023896220838
7232.497940934228 0.03103147182573885
7233.498058595129 0.03031270468926932
7234.49817625603 0.029593937552799793
7235.498293916931 0.02887517041633026
7236.4984115778325 0.028156403279860732
7237.498529238734 0.027437636143391203
7238.498646899635 0.02671886900692167
7239.498764560537 0.026000101870451486
7240.498882221438 0.025805638190160397
7241.498999882339 0.02613795109555716
7242.499117543241 0.026470264000953925
7243.499235204142 0.02680257690635069
7244.499352865043 0.027134889811747456
7245.499470525944 0.027467202717144222
7246.499588186845 0.027799515622540984
7247.499705847747 0.02813182852793775
7248.499823508648 0.028464141433334516
7249.499941169549 0.028796454338731278
7250.500058830451 0.029117345100739205
7251.500176491352 0.029426813719357705
7252.500294152253 0.029736282337976205
7253.500411813155 0.03004575095659471
7254.500529474056 0.03035521957521321
7255.500647134957 0.03066468819383171
7256.500764795858 0.03097415681245021
7257.500882456759 0.03128362543106871
7258.501000117661 0.031593094049687215
7259.501117778562 0.03190256266830571
7260.501235439464 0.032607402792566124
7261.501353100365 0.03370575821821525
7262.501470761266 0.034804113643864376
7263.5015884221675 0.0359024690695135
7264.501706083069 0.03700082449516263
7265.50182374397 0.03809917992081175
7266.501941404871 0.03919753534646088
7267.502059065772 0.04029589077211
7268.5021767266735 0.04139424619775913
7269.502294387575 0.042492601623408253
7270.502412048476 0.044378428526353174
7271.502529709378 0.04704435012460872
7272.502647370279 0.04971027172286183
7273.50276503118 0.05237619332111495
7274.502882692082 0.055042114919368064
7275.503000352983 0.05770803651762118
7276.503118013884 0.060373958115874295
7277.503235674785 0.06303987971412742
7278.503353335686 0.06570580131238052
7279.503470996588 0.06837172291063365
7280.503588657489 0.07304091337236548
7281.503706318391 0.07968528948921805
7282.503823979292 0.08632966560606455
7283.503941640193 0.09297404172291106
7284.5040593010945 0.09961841783975757
7285.504176961996 0.10626279395660408
7286.504294622897 0.11290717007345058
7287.504412283798 0.11955154619029709
7288.504529944699 0.1261959223071436
7289.5046476056 0.13284029842399012
7290.504765266502 0.14474380894998673
7291.504882927403 0.16180838144860463
7292.505000588305 0.178872953947238
7293.505118249206 0.19593752644585588
7294.505235910107 0.21300209894447378
7295.5053535710085 0.23006667144309165
7296.50547123191 0.24713124394170954
7297.505588892811 0.2641958164403274
7298.505706553712 0.2812603889389453
7299.505824214613 0.29832496143756315
7300.5059418755145 0.3190840016175962
7301.506059536416 0.3434515916259913
7302.506177197318 0.3678191816344086
7303.506294858219 0.3921867716428037
7304.50641251912 0.41655436165119875
7305.506530180021 0.44092195165959386
7306.506647840923 0.46528954166798897
7307.506765501824 0.4896571316763841
7308.506883162725 0.5140247216847792
7309.507000823626 0.5383923116931743
7310.507118484527 0.5447196889765908
7311.507236145429 0.5335091332396569
7312.50735380633 0.5222985775027229
7313.507471467232 0.5110880217657788
7314.507589128133 0.4998774660288449
7315.507706789034 0.48866691029191095
7316.5078244499355 0.47745635455497704
7317.507942110837 0.4662457988180431
7318.508059771738 0.4550352430811092
7319.508177432639 0.44382468734417524
7320.50829509354 0.42691861935516473
7321.508412754441 0.4045016159000219
7322.508530415343 0.3820846124448791
7323.508648076245 0.35966760898971595
7324.508765737146 0.3372506055345731
7325.508883398047 0.31483360207943034
7326.509001058948 0.2924165986242875
7327.5091187198495 0.26999959516914473
7328.509236380751 0.2475825917140019
7329.509354041652 0.2251655882588591
7330.509471702553 0.20950332714351474
7331.509589363454 0.20034621049860163
7332.5097070243555 0.19118909385368854
7333.509824685257 0.18203197720877545
7334.509942346159 0.172874860563854
7335.51006000706 0.1637177439189409
7336.510177667961 0.1545606272740278
7337.510295328862 0.14540351062911472
7338.510412989764 0.1362463939842016
7339.510530650665 0.1270892773392885
7340.510648311566 0.12068080897420895
7341.510765972467 0.11690698965155072
7342.510883633368 0.11313317032889249
7343.51100129427 0.10935935100623426
7344.511118955171 0.10558553168357603
7345.511236616073 0.10181171236091437
7346.511354276974 0.09803789303825614
7347.511471937875 0.0942640737155979
7348.5115895987765 0.09049025439293967
7349.511707259678 0.08671643507028143
7350.511824920579 0.08422235108701635
7351.51194258148 0.08294916403673541
7352.512060242381 0.08167597698645448
7353.5121779032825 0.08040278993617354
7354.512295564184 0.0791296028858926
7355.512413225086 0.07785641583561051
7356.512530885987 0.07658322878532957
7357.512648546888 0.07531004173504863
7358.512766207789 0.07403685468476769
7359.512883868691 0.07276366763448676
7360.513001529592 0.07251008612172226
7361.513119190493 0.07322466216063593
7362.513236851394 0.07393923819954962
7363.513354512295 0.07465381423846329
7364.5134721731965 0.07536839027737696
7365.513589834098 0.07608296631629063
7366.513707495 0.07679754235520496
7367.513825155901 0.07751211839411863
7368.513942816802 0.07822669443303232
7369.514060477703 0.07894127047194599
7370.514178138605 0.0798055093138597
7371.514295799506 0.08081119149133173
7372.514413460407 0.08181687366880376
7373.514531121308 0.08282255584627579
7374.514648782209 0.08382823802374782
7375.514766443111 0.08483392020121985
7376.514884104013 0.08583960237869281
7377.515001764914 0.08684528455616485
7378.515119425815 0.08785096673363688
7379.515237086716 0.08885664891110891
7380.5153547476175 0.09067768618309696
7381.515472408519 0.09326567847549683
7382.51559006942 0.09585367076789668
7383.515707730321 0.09844166306029654
7384.515825391222 0.10102965535269641
7385.5159430521235 0.10361764764509628
7386.516060713025 0.10620563993749613
7387.516178373927 0.10879363222989835
7388.516296034828 0.11138162452229822
7389.516413695729 0.11396961681469807
7390.51653135663 0.116976625261531
7391.516649017532 0.12037592445886927
7392.516766678433 0.12377522365620752
7393.516884339334 0.1271745228535458
7394.517002000235 0.13057382205088405
7395.517119661136 0.1339731212482223
7396.5172373220375 0.13737242044556058
7397.51735498294 0.14077171964290194
7398.517472643841 0.1441710188402402
7399.517590304742 0.14757031803757847
7400.517707965643 0.15040514057528984
7401.517825626544 0.15271397349834942
7402.517943287446 0.15502280642140903
7403.518060948347 0.15733163934446862
7404.518178609248 0.15964047226752823
7405.518296270149 0.1619493051905878
7406.51841393105 0.16425813811364742
7407.518531591952 0.16656697103670703
7408.518649252854 0.16887580395976873
7409.518766913755 0.1711846368828283
7410.518884574656 0.17155865282286822
7411.519002235557 0.1701382466630123
7412.5191198964585 0.16871784050315639
7413.51923755736 0.16729743434330047
7414.519355218261 0.16587702818344455
7415.519472879162 0.16445662202358863
7416.519590540063 0.1630362158637327
7417.5197082009645 0.1616158097038768
7418.519825861867 0.1601954035440196
7419.519943522768 0.15877499738416367
7420.520061183669 0.15625882955669024
7421.52017884457 0.15273118942064826
7422.520296505471 0.14920354928460627
7423.520414166373 0.1456759091485643
7424.520531827274 0.1421482690125223
7425.520649488175 0.1386206288764803
7426.520767149076 0.13509298874043832
7427.520884809977 0.13156534860439634
7428.521002470879 0.12803770846835436
7429.521120131781 0.12451006833230915
7430.521237792682 0.1211603198107934
7431.521355453583 0.11797400670036577
7432.521473114484 0.11478769358993815
7433.521590775385 0.11160138047951053
7434.521708436287 0.10841506736908291
7435.521826097188 0.10522875425865529
7436.521943758089 0.10204244114822766
7437.52206141899 0.09885612803780004
7438.522179079891 0.09566981492737242
7439.522296740793 0.09248350181694481
7440.522414401695 0.08971791851494752
7441.522532062596 0.08733705661435759
7442.522649723497 0.08495619471376765
7443.522767384398 0.08257533281317772
7444.5228850452995 0.08019447091258779
7445.523002706201 0.07781360901199785
7446.523120367102 0.07543274711140793
7447.523238028003 0.073051885210818
7448.523355688904 0.07067102331022806
7449.5234733498055 0.06829016140963813
7450.523591010708 0.06681777684535284
7451.523708671609 0.06617220873321242
7452.52382633251 0.06552664062107198
7453.523943993411 0.06488107250893156
7454.524061654312 0.06423550439679114
7455.524179315214 0.06358993628465072
7456.524296976115 0.0629443681725103
7457.524414637016 0.06229880006036988
7458.524532297917 0.06165323194822945
7459.524649958818 0.06100766383608903
7460.52476761972 0.060705936718430824
7461.524885280622 0.06071567095003499
7462.525002941523 0.060725405181639144
7463.525120602424 0.060735139413243294
7464.525238263325 0.06074487364484745
7465.5253559242265 0.06075460787645161
7466.525473585128 0.06076434210805576
7467.525591246029 0.060774076339659915
7468.52570890693 0.06078381057126407
7469.525826567831 0.06079354480286823
7470.525944228732 0.060702490940370196
7471.526061889635 0.06052056995947552
7472.526179550536 0.06033864897858101
7473.526297211437 0.0601567279976865
7474.526414872338 0.05997480701679199
7475.526532533239 0.059792886035897476
7476.5266501941405 0.05961096505500297
7477.526767855042 0.059429044074108456
7478.526885515943 0.05924712309321395
7479.527003176844 0.059065202112319436
7480.527120837745 0.060134191184020275
7481.5272384986465 0.062325648651131486
7482.527356159549 0.0645171061182447
7483.52747382045 0.06670856358535592
7484.527591481351 0.06890002105246712
7485.527709142252 0.07109147851957834
7486.527826803153 0.07328293598668956
7487.527944464055 0.07547439345380078
7488.528062124956 0.07766585092091198
7489.528179785857 0.0798573083880232
7490.528297446758 0.08249968568164706
7491.528415107659 0.08554477756420573
7492.5285327685615 0.08858986944676717
7493.528650429463 0.09163496132932583
7494.528768090364 0.09468005321188451
7495.528885751265 0.09772514509444317
7496.529003412166 0.10077023697700184
7497.5291210730675 0.10381532885956052
7498.529238733969 0.10686042074211918
7499.52935639487 0.10990551262467785
7500.529474055771 0.11467583853795486
7501.529591716672 0.12097970581187141
7502.529709377573 0.12728357308578794
7503.529827038476 0.1335874403597102
7504.529944699377 0.13989130763362675
7505.530062360278 0.1461951749075433
7506.530180021179 0.15249904218145982
7507.53029768208 0.15880290945537637
7508.5304153429815 0.16510677672929291
7509.530533003883 0.17141064400320943
7510.530650664784 0.17904987390830393
7511.530768325685 0.18787050002146993
7512.530885986586 0.19669112613463594
7513.531003647488 0.20551175224780996
7514.53112130839 0.21433237836097596
7515.531238969291 0.223153004474142
7516.531356630192 0.23197363058730797
7517.531474291093 0.240794256700474
7518.531591951994 0.24961488281363997
7519.531709612896 0.258435508926806
7520.531827273797 0.26394318065165606
7521.531944934698 0.26653369342396177
7522.532062595599 0.2691242061962675
7523.5321802565 0.2717147189685732
7524.5322979174025 0.27430523174088123
7525.532415578304 0.2768957445131869
7526.532533239205 0.2794862572854926
7527.532650900106 0.2820767700577983
7528.532768561007 0.284667282830104
7529.5328862219085 0.28725779560240966
7530.53300388281 0.2835856333160339
7531.533121543711 0.2744249897972151
7532.533239204612 0.26526434627839623
7533.533356865513 0.2561037027595774
7534.5334745264145 0.24694305924075854
7535.533592187317 0.23778241572193137
7536.533709848218 0.22862177220311253
7537.533827509119 0.21946112868429368
7538.53394517002 0.21030048516547487
7539.534062830921 0.20113984164665602
7540.534180491823 0.19182977468790474
7541.534298152724 0.18238937362736216
7542.534415813625 0.17294897256681957
7543.534533474526 0.163508571506277
7544.534651135427 0.15406817044573443
7545.534768796329 0.14462776938518324
7546.534886457231 0.13518736832464068
7547.535004118132 0.1257469672640981
7548.535121779033 0.1163065662035555
7549.535239439934 0.10686616514301293
7550.535357100835 0.10046738355006196
7551.535474761737 0.09670912874765672
7552.535592422638 0.09295087394525148
7553.535710083539 0.08919261914284624
7554.53582774444 0.08543436434044098
7555.535945405341 0.08167610953803574
7556.5360630662435 0.07791785473562708
7557.536180727145 0.07415959993322183
7558.536298388046 0.07040134513081658
7559.536416048947 0.06664309032841134
7560.536533709848 0.0633412291592414
7561.5366513707495 0.06043370810299825
7562.536769031651 0.057526187046755106
7563.536886692552 0.054618665990511954
7564.537004353453 0.0517111449342688
7565.537122014354 0.048803623878025656
7566.537239675256 0.04589610282177986
7567.537357336158 0.042988581765536715
7568.537474997059 0.04008106070929356
7569.53759265796 0.03717353965305041
7570.537710318861 0.03507355403466809
7571.537827979762 0.033668013552126196
7572.537945640664 0.0322624730695843
7573.538063301565 0.03085693258704241
7574.538180962466 0.02945139210450052
7575.538298623367 0.028045851621958627
7576.538416284268 0.026640311139416735
7577.5385339451705 0.025234770656873566
7578.538651606072 0.023829230174331674
7579.538769266973 0.022423689691789782
7580.538886927874 0.021390463345470408
7581.539004588775 0.020675898879935085
7582.539122249676 0.019961334414399762
7583.539239910578 0.019246769948864435
7584.539357571479 0.018532205483329112
7585.53947523238 0.01781764101779379
7586.539592893281 0.017103076552258466
7587.539710554183 0.01638851208672249
7588.5398282150845 0.015673947621187168
7589.539945875986 0.014959383155651845
7590.540063536887 0.01430284031283512
7591.540181197788 0.013695723296778628
7592.540298858689 0.013088606280722136
7593.5404165195905 0.012481489264665642
7594.540534180492 0.011874372248609152
7595.540651841393 0.011267255232552658
7596.540769502294 0.010660138216496168
7597.540887163195 0.010053021200439674
7598.541004824097 0.00944590418438263
7599.541122484999 0.008838787168326138
