3010.001176609013 9.923796502210042e-10
3011.001294269914 8.445150823035556e-07
3012.0014119308153 1.6880377849568902e-06
3013.0015295917165 2.531560487610225e-06
3014.001647252618 3.375083190263943e-06
3015.0017649135193 4.218605892917278e-06
3016.0018825744205 5.062128595570612e-06
3017.0020002353217 5.905651298223946e-06
3018.002117896223 6.749174000877282e-06
3019.0022355571245 7.592696703531e-06
3020.0023532180257 8.499418432083695e-06
3021.002470878927 3.620252714086563e-05
3022.002588539828 6.390563584964757e-05
3023.0027062007293 9.16087445584295e-05
3024.002823861631 0.00011931185326722404
3025.002941522532 0.00014701496197600596
3026.0030591834334 0.0001747180706847879
3027.0031768443346 0.00020242117939356984
3028.0032945052358 0.00023012428810235177
3029.003412166137 0.0002578273968111337
3030.0035298270386 0.0002855181459508014
3031.00364748794 0.00030971937674046193
3032.003765148841 0.0003339206075301224
3033.003882809742 0.0003581218383197829
3034.0040004706434 0.0003823230691094434
3035.004118131545 0.0004065242998991149
3036.0042357924463 0.00043072553068877533
3037.0043534533474 0.00045492676147843584
3038.0044711142486 0.00047912799226809634
3039.00458877515 0.0005033292230577568
3040.0047064360515 0.0005272491861051659
3041.0048240969527 0.00049168102166651
3042.004941757854 0.00045611285722785397
3043.005059418755 0.000420544692789198
3044.0051770796563 0.000384976528350542
3045.005294740558 0.0003494083639118699
3046.005412401459 0.00031384019947321395
3047.0055300623603 0.00027827203503455797
3048.0056477232615 0.00024270387059590205
3049.0057653841627 0.00020713570615724607
3050.005883045064 0.00017216505425642629
3051.0060007059656 0.0002381740212536405
3052.0061183668668 0.00030418298825082466
3053.006236027768 0.0003701919552480089
3054.006353688669 0.00043620092224519306
3055.0064713495703 0.0005022098892423773
3056.006589010472 0.0005682188562395915
3057.006706671373 0.0006342278232367757
3058.0068243322744 0.0007002367902339599
3059.0069419931756 0.0007662457572311441
3060.007059654077 0.0008343224859662914
3061.0071773149784 0.0011932643658486225
3062.0072949758796 0.0015522062457307903
3063.007412636781 0.001911148125612958
3064.007530297682 0.002270090005495126
3065.007647958583 0.0026290318853772936
3066.0077656194844 0.0029879737652594614
3067.007883280386 0.0033469156451417926
3068.0080009412873 0.0037058575250239604
3069.0081186021885 0.004064799404906129
3070.0082362630897 0.004422709870935736
3071.008353923991 0.004656408640148177
3072.0084715848925 0.0048901074093607244
3073.0085892457937 0.005123806178573166
3074.008706906695 0.005357504947785607
3075.008824567596 0.005591203716998048
3076.0089422284973 0.005824902486210489
3077.009059889399 0.006058601255423037
3078.0091775503 0.006292300024635478
3079.0092952112013 0.0065259987938479196
3080.0094128721025 0.006799736158087684
3081.0095305330037 0.01128753564898477
3082.0096481939054 0.015775335139883898
3083.0097658548066 0.020263134630780985
3084.0098835157078 0.02475093412167807
3085.010001176609 0.029238733612575157
3086.01011883751 0.03372653310347224
3087.0102364984114 0.03821433259436933
3088.010354159313 0.04270213208526845
3089.010471820214 0.047189931576165536
3090.0105894811154 0.0516481867221153
3091.0107071420166 0.053345686967981816
3092.010824802918 0.055043187213848335
3093.0109424638194 0.05674068745971562
3094.0110601247206 0.05843818770558214
3095.011177785622 0.060135687951448656
3096.011295446523 0.061833188197315175
3097.0114131074242 0.06353068844318169
3098.011530768326 0.06522818868904898
3099.011648429227 0.06692568893491549
3100.0117660901283 0.06856246429293057
3101.0118837510295 0.06509834907143622
3102.0120014119307 0.06163423384994186
3103.0121190728323 0.05817011862844593
3104.0122367337335 0.054706003406951566
3105.0123543946347 0.05124188818545721
3106.012472055536 0.04777777296396285
3107.012589716437 0.044313657742468496
3108.0127073773383 0.04084954252097414
3109.01282503824 0.037385427299478205
3110.012942699141 0.03399842248660169
3111.0130603600423 0.03649283884008735
3112.0131780209435 0.03898725519357301
3113.0132956818447 0.041481671547058674
3114.0134133427464 0.04397608790054547
3115.0135310036476 0.04647050425403113
3116.013648664549 0.048964920607516796
3117.01376632545 0.05145933696100245
3118.013883986351 0.05395375331448812
3119.014001647253 0.05644816966797492
3120.014119308154 0.05904961337112497
3121.014236969055 0.06912513365910557
3122.0143546299564 0.07920065394708617
3123.0144722908576 0.08927617423506677
3124.0145899517593 0.09935169452305195
3125.0147076126605 0.10942721481103254
3126.0148252735617 0.11950273509901314
3127.014942934463 0.12957825538699375
3128.015060595364 0.13965377567497433
3129.0151782562652 0.14972929596295495
3130.015295917167 0.15955698538398874
3131.015413578068 0.1534281797560988
3132.0155312389693 0.14729937412820882
3133.0156488998705 0.14117056850031887
3134.0157665607717 0.1350417628724289
3135.0158842216733 0.12891295724453616
3136.0160018825745 0.12278415161664619
3137.0161195434757 0.11665534598875624
3138.016237204377 0.11052654036086626
3139.016354865278 0.10439773473297631
3140.0164725261793 0.10401220604085894
3141.016590187081 0.4465823572328719
3142.016707847982 0.7891525084247291
3143.0168255088834 1.1317226596165861
3144.0169431697846 1.4742928108084434
3145.017060830686 1.8168629620004564
3146.0171784915874 2.1594331131923132
3147.0172961524886 2.5020032643841708
3148.01741381339 2.8445734155760283
3149.017531474291 3.187143566767885
3150.017649135192 3.6144089030183513
3151.017766796094 8.756372874251301
3152.017884456995 13.898336845481914
3153.0180021178962 19.040300816712527
3154.0181197787974 24.18226478794314
3155.0182374396986 29.324228759173753
3156.0183551006003 34.4661927304067
3157.0184727615015 39.60815670163732
3158.0185904224027 44.75012067286793
3159.018708083304 49.892084644098546
3160.018825744205 54.981649330728146
3161.0189434051063 57.33990130750937
3162.019061066008 59.698153284291664
3163.019178726909 62.0564052610729
3164.0192963878103 64.41465723785412
3165.0194140487115 66.77290921463535
3166.0195317096127 69.13116119141657
3167.0196493705143 71.48941316819887
3168.0197670314155 73.8476651449801
3169.0198846923167 76.20591712176132
3170.020002353218 78.64203917023745
3171.020120014119 84.89379473178201
3172.020237675021 91.14555029332939
3173.020355335922 97.39730585487395
3174.020472996823 103.6490614164185
3175.0205906577244 109.90081697796305
3176.0207083186256 116.15257253950759
3177.020825979527 122.40432810105499
3178.0209436404284 128.65608366259954
3179.0210613013296 134.90783922414408
3180.021178962231 141.2679161879131
3181.021296623132 152.63484907673433
3182.021414284033 164.00178196555558
3183.021531944935 175.36871485438198
3184.021649605836 186.7356477432032
3185.0217672667372 198.10258063202446
3186.0218849276384 209.46951352084568
3187.0220025885396 220.8364464096669
3188.0221202494413 232.2033792984933
3189.0222379103425 243.57031218731456
3190.0223555712437 254.99165562648335
3191.022473232145 268.79274471506324
3192.022590893046 282.59383380364307
3193.0227085539477 296.3949228922292
3194.022826214849 310.1960119808091
3195.02294387575 323.9971010693889
3196.0230615366513 337.7981901579688
3197.0231791975525 351.5992792465487
3198.023296858454 365.40036833513483
3199.0234145193554 379.20145742371466
3200.0235321802566 393.1350877919182
3201.0236498411577 412.569181264489
3202.023767502059 432.0032747370598
3203.02388516296 451.4373682096307
3204.024002823862 470.87146168221034
3205.024120484763 490.30555515478113
3206.024238145664 509.739648627352
3207.0243558065654 529.1737420999228
3208.0244734674666 548.6078355724936
3209.0245911283682 568.0419290450734
3210.0247087892694 587.3619436620821
3211.0248264501706 602.1785596476362
3212.024944111072 616.9951756331905
3213.025061771973 631.8117916187446
3214.0251794328747 646.6284076043054
3215.025297093776 661.4450235898596
3216.025414754677 676.2616395754137
3217.0255324155783 691.0782555609678
3218.0256500764795 705.894871546522
3219.025767737381 720.7114875320829
3220.0258853982823 735.3848518849312
3221.0260030591835 744.6667456977933
3222.0261207200847 753.9486395106554
3223.026238380986 763.2305333235175
3224.026356041887 772.5124271363796
3225.0264737027887 781.794320949246
3226.02659136369 791.0762147621081
3227.026709024591 800.3581085749702
3228.0268266854923 809.6400023878323
3229.0269443463935 818.9218962006944
3230.027062007295 828.1970734546345
3231.0271796681964 837.2307466115299
3232.0272973290976 846.2644197684252
3233.0274149899988 855.2980929253206
3234.0275326509 864.331766082216
3235.027650311801 873.3654392391113
3236.027767972703 882.3991123960108
3237.027885633604 891.4327855529061
3238.028003294505 900.4664587098015
3239.0281209554064 909.5001318666968
3240.028238616308 918.4377811977479
3241.0283562772092 924.0706105225431
3242.0284739381104 929.7034398473382
3243.0285915990116 935.3362691721335
3244.028709259913 940.9690984969286
3245.028826920814 946.6019278217237
3246.0289445817157 952.2347571465215
3247.029062242617 957.8675864713167
3248.029179903518 963.5004157961118
3249.0292975644193 969.1332451209071
3250.0294152253205 974.7961460126659
3251.029532886222 981.4514086142357
3252.0296505471233 988.1066712158024
3253.0297682080245 994.7619338173691
3254.0298858689257 1001.4171964189359
3255.030003529827 1008.0724590205026
3256.030121190728 1014.7277216220693
3257.0302388516297 1021.3829842236391
3258.030356512531 1028.0382468252058
3259.030474173432 1034.6935094267726
3260.0305918343333 1041.3613677718674
3261.030709495235 1048.4284142964743
3262.030827156136 1055.495460821078
3263.0309448170374 1062.5625073456818
3264.0310624779386 1069.6295538702855
3265.0311801388398 1076.696600394889
3266.031297799741 1083.7636469194927
3267.0314154606426 1090.8306934440996
3268.031533121544 1097.8977399687033
3269.031650782445 1104.964786493307
3270.031768443346 1111.9836182987442
3271.0318861042474 1117.5327940347718
3272.032003765149 1123.0819697708018
3273.0321214260503 1128.6311455068294
3274.0322390869514 1134.180321242857
3275.0323567478526 1139.7294969788845
3276.032474408754 1145.278672714912
3277.032592069655 1150.8278484509397
3278.0327097305567 1156.3770241869697
3279.032827391458 1161.9261999229973
3280.032945052359 1167.4988022558807
3281.0330627132603 1173.759142539316
3282.0331803741615 1180.019482822751
3283.033298035063 1186.2798231061888
3284.0334156959643 1192.540163389624
3285.0335333568655 1198.8005036730592
3286.0336510177667 1205.0608439564942
3287.033768678668 1211.3211842399294
3288.033886339569 1217.5815245233646
3289.0340040004708 1223.8418648068025
3290.034121661372 1230.1291556589006
3291.034239322273 1237.1794264031464
3292.0343569831743 1244.2296971473925
3293.034474644076 1251.2799678916415
3294.034592304977 1258.3302386358873
3295.0347099658784 1265.3805093801334
3296.0348276267796 1272.4307801243792
3297.034945287681 1279.481050868625
3298.035062948582 1286.5313216128711
3299.0351806094836 1293.5815923571201
3300.035298270385 1300.5591805161073
3301.035415931286 1305.550111344694
3302.035533592187 1310.5410421732804
3303.0356512530884 1315.5319730018668
3304.03576891399 1320.5229038304558
3305.0358865748913 1325.5138346590422
3306.0360042357925 1330.504765487629
3307.0361218966937 1335.4956963162153
3308.036239557595 1340.4866271448018
3309.036357218496 1345.4775579733885
3310.0364748793977 1350.5533143154298
3311.036592540299 1357.8701059967404
3312.0367102012 1365.186897678051
3313.0368278621013 1372.503689359362
3314.036945523003 1379.820481040676
3315.037063183904 1387.1372727219866
3316.0371808448053 1394.4540644032973
3317.0372985057065 1401.7708560846079
3318.0374161666077 1409.0876477659187
3319.037533827509 1416.4044394472294
3320.0376514884106 1423.735257496384
3321.0377691493118 1431.4246245734605
3322.037886810213 1439.1139916505367
3323.038004471114 1446.8033587276132
3324.0381221320154 1454.4927258046896
3325.038239792917 1462.1820928817694
3326.038357453818 1469.871459958846
3327.0384751147194 1477.5608270359223
3328.0385927756206 1485.2501941129988
3329.038710436522 1492.939561190075
3330.038828097423 1500.5152479698963
3331.0389457583246 1505.2764861782634
3332.039063419226 1510.0377243866283
3333.039181080127 1514.798962594993
3334.0392987410282 1519.5602008033582
3335.03941640193 1524.3214390117253
3336.039534062831 1529.08267722009
3337.0396517237323 1533.843915428455
3338.0397693846335 1538.60515363682
3339.0398870455347 1543.3663918451848
3340.040004706436 1548.2186964879302
3341.0401223673375 1555.256595555819
3342.0402400282387 1562.294494623705
3343.04035768914 1569.3323936915908
3344.040475350041 1576.3702927594766
3345.0405930109423 1583.4081918273623
3346.040710671844 1590.4460908952512
3347.040828332745 1597.4839899631372
3348.0409459936463 1604.521889031023
3349.0410636545475 1611.5597880989087
3350.0411813154487 1618.6507538308304
3351.04129897635 1626.977414739591
3352.0414166372516 1635.3040756483556
3353.041534298153 1643.6307365571163
3354.041651959054 1651.957397465877
3355.041769619955 1660.2840583746379
3356.041887280857 1668.6107192834022
3357.042004941758 1676.9373801921631
3358.042122602659 1685.2640411009238
3359.0422402635604 1693.5907020096845
3360.0423579244616 1701.8322989873752
3361.042475585363 1708.1505059680892
3362.0425932462645 1714.468712948806
3363.0427109071657 1720.7869199295199
3364.042828568067 1727.1051269102338
3365.042946228968 1733.4233338909478
3366.0430638898692 1739.7415408716618
3367.043181550771 1746.0597478523787
3368.043299211672 1752.3779548330926
3369.0434168725733 1758.6961618138064
3370.0435345334745 1765.049224301896
3371.0436521943757 1772.168165911506
3372.043769855277 1779.2871075211165
3373.0438875161785 1786.4060491307298
3374.0440051770797 1793.5249907403402
3375.044122837981 1800.6439323499503
3376.044240498882 1807.7628739595607
3377.0443581597833 1814.8818155691708
3378.044475820685 1822.0007571787844
3379.044593481586 1829.1196987883945
3380.0447111424874 1836.299219674913
3381.0448288033886 1844.77322405747
3382.0449464642898 1853.247228440027
3383.045064125191 1861.7212328225837
3384.0451817860926 1870.1952372051444
3385.045299446994 1878.6692415877014
3386.045417107895 1887.1432459702582
3387.045534768796 1895.617250352815
3388.045652429698 1904.0912547353757
3389.045770090599 1912.5652591179326
3390.0458877515002 1920.920805311376
3391.0460054124014 1926.8130286491546
3392.0461230733026 1932.7052519869333
3393.046240734204 1938.5974753247117
3394.0463583951055 1944.489698662493
3395.0464760560067 1950.3819220002715
3396.046593716908 1956.2741453380502
3397.046711377809 1962.1663686758288
3398.0468290387103 1968.0585920136073
3399.046946699612 1973.9508153513887
3400.047064360513 1979.9220974638058
3401.0471820214143 1987.4943197626535
3402.0472996823155 1995.0665420615012
3403.0474173432167 2002.6387643603487
3404.047535004118 2010.2109866591964
3405.0476526650195 2017.7832089580475
3406.0477703259207 2025.3554312568951
3407.047887986822 2032.9276535557426
3408.048005647723 2040.4998758545903
3409.048123308625 2048.0720981534414
3410.048240969526 2055.575089126257
3411.048358630427 2061.7120278366406
3412.0484762913284 2067.8489665470242
3413.0485939522296 2073.9859052574084
3414.0487116131308 2080.122843967792
3415.0488292740324 2086.2597826781785
3416.0489469349336 2092.396721388562
3417.049064595835 2098.533660098946
3418.049182256736 2104.6705988093295
3419.049299917637 2110.807537519713
3420.049417578539 2117.015509402808
3421.04953523944 2124.5900242275225
3422.0496529003412 2132.1645390522367
3423.0497705612424 2139.739053876951
3424.0498882221436 2147.313568701665
3425.050005883045 2154.8880835263794
3426.0501235439465 2162.4625983510973
3427.0502412048477 2170.0371131758116
3428.050358865749 2177.611628000526
3429.05047652665 2185.18614282524
3430.0505941875517 2192.7097941321085
3431.050711848453 2199.2788673249283
3432.050829509354 2205.847940517748
3433.0509471702553 2212.4170137105675
3434.0510648311565 2218.9860869033873
3435.0511824920577 2225.5551600962067
3436.0513001529594 2232.1242332890297
3437.0514178138606 2238.693306481849
3438.0515354747617 2245.262379674669
3439.051653135663 2251.831452867488
3440.051770796564 2258.5648736080384
3441.051888457466 2268.308842609303
3442.052006118367 2278.052811610563
3443.052123779268 2287.796780611823
3444.0522414401694 2297.540749613083
3445.0523591010706 2307.284718614343
3446.052476761972 2317.028687615603
3447.0525944228734 2326.772656616867
3448.0527120837746 2336.5166256181274
3449.052829744676 2346.2605946193876
3450.052947405577 2355.8372957804086
3451.0530650664787 2362.421761132706
3452.05318272738 2369.0062264850008
3453.053300388281 2375.5906918372953
3454.0534180491823 2382.1751571895898
3455.0535357100835 2388.7596225418847
3456.0536533709846 2395.344087894179
3457.0537710318863 2401.928553246477
3458.0538886927875 2408.5130185987714
3459.0540063536887 2415.097483951066
3460.05412401459 2421.740295527377
3461.054241675491 2429.4028976277973
3462.0543593363927 2437.0654997282218
3463.054476997294 2444.728101828642
3464.054594658195 2452.390703929063
3465.0547123190963 2460.053306029484
3466.0548299799975 2467.715908129904
3467.0549476408987 2475.378510230325
3468.0550653018004 2483.041112330749
3469.0551829627016 2490.70371443117
3470.0553006236028 2498.2715192058545
3471.055418284504 2504.2197015855213
3472.055535945405 2510.1678839651886
3473.055653606307 2516.116066344858
3474.055771267208 2522.064248724525
3475.055888928109 2528.012431104192
3476.0560065890104 2533.9606134838587
3477.0561242499116 2539.9087958635255
3478.056241910813 2545.8569782431923
3479.0563595717144 2551.805160622862
3480.0564772326156 2557.869289848334
3481.056594893517 2565.870697622465
3482.056712554418 2573.872105396596
3483.0568302153197 2581.873513170731
3484.056947876221 2589.8749209448615
3485.057065537122 2597.8763287189927
3486.0571831980233 2605.877736493124
3487.0573008589245 2613.879144267255
3488.0574185198257 2621.8805520413857
3489.0575361807273 2629.8819598155205
3490.0576538416285 2637.6946136353113
3491.0577715025297 2642.421718119868
3492.057889163431 2647.148822604425
3493.058006824332 2651.875927088982
3494.0581244852337 2656.6030315735406
3495.058242146135 2661.3301360580977
3496.058359807036 2666.057240542654
3497.0584774679373 2670.784345027211
3498.0585951288385 2675.511449511768
3499.0587127897397 2680.2385539963248
3500.0588304506414 2685.180360771668
3501.0589481115426 2693.557404199542
3502.059065772444 2701.9344476274164
3503.059183433345 2710.3114910552904
3504.0593010942466 2718.6885344831685
3505.059418755148 2727.0655779110425
3506.059536416049 2735.442621338917
3507.05965407695 2743.819664766791
3508.0597717378514 2752.1967081946655
3509.0598893987526 2760.5737516225395
3510.0600070596543 2768.906153231072
3511.0601247205555 2776.5391663365244
3512.0602423814566 2784.1721794419764
3513.060360042358 2791.8051925474288
3514.0604777032595 2799.4382056528843
3515.0605953641607 2807.0712187583367
3516.060713025062 2814.7042318637887
3517.060830685963 2822.337244969241
3518.0609483468643 2829.970258074693
3519.0610660077655 2837.6032711801454
3520.0611836686667 2845.260909268146
3521.0613013295683 2853.296446126802
3522.0614189904695 2861.331982985454
3523.0615366513707 2869.367519844106
3524.061654312272 2877.4030567027585
3525.0617719731736 2885.438593561414
3526.0618896340748 2893.474130420066
3527.062007294976 2901.509667278718
3528.062124955877 2909.5452041373705
3529.0622426167783 2917.5807409960225
3530.0623602776795 2925.543240798491
3531.0624779385807 2932.40742864287
3532.0625955994824 2939.2716164872522
3533.0627132603836 2946.135804331632
3534.062830921285 2952.999992176011
3535.062948582186 2959.8641800203904
3536.0630662430876 2966.7283678647727
3537.063183903989 2973.592555709152
3538.06330156489 2980.4567435535314
3539.063419225791 2987.3209313979105
3540.0635368866924 2994.28238801557
3541.0636545475936 3002.6776584023337
3542.0637722084953 3011.0729287891004
3543.0638898693965 3019.468199175864
3544.0640075302977 3027.863469562627
3545.064125191199 3036.25873994939
3546.0642428521005 3044.654010336157
3547.0643605130017 3053.0492807229202
3548.064478173903 3061.4445511096833
3549.064595834804 3069.8398214964463
3550.0647134957053 3078.1633050476594
3551.0648311566065 3085.4491425213755
3552.0649488175077 3092.734979995091
3553.0650664784093 3100.02081746881
3554.0651841393105 3107.3066549425257
3555.0653018002117 3114.5924924162414
3556.065419461113 3121.878329889957
3557.0655371220146 3129.164167363676
3558.0656547829158 3136.4500048373916
3559.065772443817 3143.7358423111073
3560.065890104718 3151.018492824869
3561.0660077656194 3158.255956799282
3562.0661254265206 3165.493420773695
3563.066243087422 3172.7308847481113
3564.0663607483234 3179.9683487225243
3565.0664784092246 3187.2058126969378
3566.066596070126 3194.4432766713508
3567.0667137310274 3201.680740645767
3568.0668313919286 3208.91820462018
3569.06694905283 3216.155668594593
3570.067066713731 3223.5048631553786
3571.0671843746322 3232.408484996745
3572.0673020355334 3241.3121068381115
3573.0674196964346 3250.215728679478
3574.0675373573363 3259.1193505208485
3575.0676550182375 3268.022972362215
3576.0677726791387 3276.9265942035813
3577.06789034004 3285.830216044948
3578.0680080009415 3294.7338378863187
3579.0681256618427 3303.637459727685
3580.068243322744 3312.3013350973292
3581.068360983645 3317.6914310600077
3582.0684786445463 3323.0815270226863
3583.0685963054475 3328.471622985365
3584.068713966349 3333.861718948046
3585.0688316272503 3339.2518149107245
3586.0689492881515 3344.641910873403
3587.0690669490527 3350.0320068360816
3588.0691846099544 3355.422102798763
3589.0693022708556 3360.8121987614413
3590.069419931757 3366.5088845564405
3591.069537592658 3376.315952679664
3592.069655253559 3386.1230208028874
3593.0697729144604 3395.930088926111
3594.0698905753616 3405.737157049334
3595.070008236263 3415.544225172562
3596.0701258971644 3425.3512932957856
3597.0702435580656 3435.158361419009
3598.070361218967 3444.9654295422324
3599.0704788798685 3454.7724976654604
3600.0705965407697 3464.3750951726674
3601.070714201671 3471.28549623567
3602.070831862572 3478.195897298672
3603.0709495234732 3485.106298361675
3604.0710671843744 3492.016699424677
3605.0711848452756 3498.9271004876796
3606.0713025061773 3505.837501550685
3607.0714201670785 3512.7479026136875
3608.0715378279797 3519.6583036766897
3609.0716554888813 3526.5687047396955
3610.0717731497825 3533.683497488424
3611.0718908106837 3543.441979418095
3612.072008471585 3553.200461347766
3613.072126132486 3562.958943277437
3614.0722437933873 3572.717425207108
3615.0723614542885 3582.475907136779
3616.07247911519 3592.2343890664542
3617.0725967760914 3601.9928709961255
3618.0727144369926 3611.7513529257963
3619.0728320978938 3621.5098348554675
3620.0729497587954 3631.0460844637037
3621.0730674196966 3637.7578329542985
3622.073185080598 3644.4695814448933
3623.073302741499 3651.181329935488
3624.0734204024 3657.893078426083
3625.0735380633014 3664.6048269166777
3626.0736557242026 3671.3165754072725
3627.0737733851042 3678.02832389787
3628.0738910460054 3684.740072388465
3629.0740087069066 3691.4518208790596
3630.074126367808 3698.2314837190793
3631.0742440287095 3705.8595369241366
3632.0743616896107 3713.4875901291907
3633.074479350512 3721.1156433342444
3634.074597011413 3728.7436965392985
3635.0747146723143 3736.3717497443527
3636.0748323332155 3743.9998029494063
3637.074949994117 3751.6278561544636
3638.0750676550183 3759.255909359518
3639.0751853159195 3766.883962564572
3640.0753029768207 3774.6043459239913
3641.0754206377223 3783.4586589917217
3642.0755382986235 3792.3129720594475
3643.0756559595247 3801.1672851271733
3644.075773620426 3810.0215981948995
3645.075891281327 3818.8759112626253
3646.0760089422283 3827.7302243303516
3647.0761266031295 3836.5845373980774
3648.076244264031 3845.4388504658073
3649.0763619249324 3854.2931635335335
3650.0764795858336 3863.027124369359
3651.0765972467348 3870.3076005583926
3652.0767149076364 3877.5880767474287
3653.0768325685376 3884.868552936462
3654.076950229439 3892.149029125495
3655.07706789034 3899.4295053145283
3656.077185551241 3906.7099815035613
3657.0773032121424 3913.9904576925946
3658.077420873044 3921.2709338816308
3659.0775385339452 3928.551410070664
3660.0776561948464 3936.0075173558193
3661.0777738557476 3945.549909176729
3662.0778915166493 3955.092300997643
3663.0780091775505 3964.6346928185526
3664.0781268384517 3974.177084639462
3665.078244499353 3983.719476460372
3666.078362160254 3993.2618682812813
3667.0784798211553 4002.804260102191
3668.0785974820565 4012.3466519231006
3669.078715142958 4021.8890437440145
3670.0788328038593 4031.085939538766
3671.0789504647605 4036.245172818867
3672.0790681256617 4041.404406098968
3673.0791857865634 4046.563639379071
3674.0793034474646 4051.722872659172
3675.0794211083658 4056.882105939273
3676.079538769267 4062.0413392193736
3677.079656430168 4067.2005724994747
3678.0797740910693 4072.3598057795753
3679.079891751971 4077.5190390596786
3680.080009412872 4083.1151083578375
3681.0801270737734 4093.7347918636588
3682.0802447346746 4104.35447536948
3683.0803623955762 4114.974158875306
3684.0804800564774 4125.593842381127
3685.0805977173786 4136.2135258869475
3686.08071537828 4146.833209392768
3687.080833039181 4157.45289289859
3688.080950700082 4168.072576404411
3689.0810683609834 4178.692259910232
3690.081186021885 4188.969414692486
3691.0813036827863 4195.3695414586655
3692.0814213436875 4201.769668224844
3693.0815390045886 4208.169794991024
3694.0816566654903 4214.569921757206
3695.0817743263915 4220.970048523385
3696.0818919872927 4227.370175289565
3697.082009648194 4233.770302055744
3698.082127309095 4240.170428821923
3699.0822449699963 4246.570555588102
3700.0823626308975 4253.105553389048
3701.082480291799 4261.143399863113
3702.0825979527003 4269.181246337174
3703.0827156136015 4277.219092811236
3704.082833274503 4285.256939285301
3705.0829509354044 4293.294785759363
3706.0830685963056 4301.332632233424
3707.0831862572068 4309.370478707485
3708.083303918108 4317.408325181546
3709.083421579009 4325.446171655608
3710.0835392399104 4333.233617612856
3711.083656900812 4338.2737114208285
3712.083774561713 4343.3138052287995
3713.0838922226144 4348.35389903677
3714.0840098835156 4353.393992844741
3715.0841275444172 4358.434086652714
3716.0842452053184 4363.474180460685
3717.0843628662196 4368.514274268655
3718.084480527121 4373.554368076626
3719.084598188022 4378.594461884596
3720.084715848923 4383.595119491746
3721.0848335098244 4388.1696470400275
3722.084951170726 4392.74417458831
3723.0850688316273 4397.318702136591
3724.0851864925285 4401.893229684872
3725.0853041534297 4406.467757233152
3726.0854218143313 4411.042284781435
3727.0855394752325 4415.616812329716
3728.0856571361337 4420.191339877997
3729.085774797035 4424.7658674262775
3730.085892457936 4430.113003994209
3731.0860101188373 4443.683663963095
3732.086127779739 4457.254323931987
3733.08624544064 4470.824983900872
3734.0863631015413 4484.395643869758
3735.0864807624425 4497.966303838644
3736.086598423344 4511.536963807535
3737.0867160842454 4525.107623776421
3738.0868337451466 4538.678283745307
3739.086951406048 4552.248943714193
3740.087069066949 4565.332867665835
3741.08718672785 4573.3126409501565
3742.0873043887514 4581.292414234479
3743.087422049653 4589.272187518805
3744.087539710554 4597.251960803127
3745.0876573714554 4605.23173408745
3746.0877750323566 4613.211507371771
3747.0878926932583 4621.191280656098
3748.0880103541595 4629.17105394042
3749.0881280150606 4637.150827224742
3750.088245675962 4645.099011212351
3751.088363336863 4652.720772467247
3752.0884809977642 4660.342533722144
3753.088598658666 4667.964294977044
3754.088716319567 4675.586056231941
3755.0888339804683 4683.2078174868375
3756.0889516413695 4690.829578741735
3757.089069302271 4698.4513399966345
3758.0891869631723 4706.073101251532
3759.0893046240735 4713.694862506429
3760.0894222849747 4721.26183553008
3761.089539945876 4728.270833672366
3762.089657606777 4735.279831814652
3763.0897752676783 4742.288829956939
3764.08989292858 4749.297828099228
3765.090010589481 4756.3068262415145
3766.0901282503823 4763.315824383801
3767.0902459112835 4770.324822526088
3768.090363572185 4777.333820668377
3769.0904812330864 4784.342818810663
3770.0905988939876 4791.4635673136445
3771.090716554889 4799.706173333728
3772.09083421579 4807.948779353812
3773.090951876691 4816.191385373895
3774.091069537593 4824.433991393983
3775.091187198494 4832.676597414067
3776.091304859395 4840.919203434151
3777.0914225202964 4849.161809454235
3778.091540181198 4857.404415474322
3779.0916578420993 4865.6470214944065
3780.0917755030005 4873.263887951629
3781.0918931639017 4874.687537196955
3782.092010824803 4876.111186442282
3783.092128485704 4877.534835687608
3784.0922461466052 4878.958484932935
3785.092363807507 4880.382134178262
3786.092481468408 4881.805783423589
3787.0925991293093 4883.229432668915
3788.0927167902105 4884.653081914242
3789.092834451112 4886.076731159568
3790.0929521120133 4888.052370647773
3791.0930697729145 4895.415155417735
3792.0931874338157 4902.777940187696
3793.093305094717 4910.140724957658
3794.093422755618 4917.503509727619
3795.0935404165193 4924.86629449758
3796.093658077421 4932.229079267545
3797.093775738322 4939.591864037506
3798.0938933992234 4946.9546488074675
3799.0940110601246 4954.317433577428
3800.094128721026 4961.430792247349
3801.0942463819274 4966.143424704347
3802.0943640428286 4970.856057161345
3803.09448170373 4975.568689618343
3804.094599364631 4980.281322075342
3805.094717025532 4984.9939545323405
3806.094834686434 4989.70658698934
3807.094952347335 4994.419219446339
3808.0950700082362 4999.1318519033375
3809.0951876691374 5003.844484360336
3810.095305330039 4997.336810807594
3811.0954229909403 4884.305491310833
3812.0955406518415 4771.274171814071
3813.0956583127427 4658.24285231731
3814.095775973644 4545.211532820549
3815.095893634545 4432.180213323788
3816.0960112954463 4319.148893827027
3817.096128956348 4206.117574330214
3818.096246617249 4093.0862548334526
3819.0963642781503 3980.0549353366914
3820.0964819390515 3846.1700863534516
3821.096599599953 3516.974131935402
3822.0967172608543 3187.7781775175017
3823.0968349217555 2858.582223099602
3824.0969525826567 2529.386268681702
3825.097070243558 2200.1903142638016
3826.097187904459 1870.9943598459015
3827.097305565361 1541.7984054278518
3828.097423226262 1212.602451009952
3829.097540887163 883.4064965920516
3830.0976585480644 582.2441637483239
3831.097776208966 540.1395146083554
3832.097893869867 498.034865468406
3833.0980115307684 455.9302163284566
3834.0981291916696 413.8255671885072
3835.098246852571 371.7209180485578
3836.098364513472 329.6162689086084
3837.098482174373 287.511619768659
3838.098599835275 245.40697062869043
3839.098717496176 203.30232148874103
3840.0988351570772 163.83908054184798
3841.0989528179784 148.46296668879063
3842.09907047888 133.08685283572632
3843.0991881397813 117.71073898266897
3844.0993058006825 102.33462512961165
3845.0994234615837 86.9585112765543
3846.099541122485 71.58239742349697
3847.099658783386 56.20628357043964
3848.0997764442877 40.83016971737531
3849.099894105189 25.45405586431798
3850.10001176609 11.516453495803127
3851.1001294269913 10.525454488170505
3852.100247087893 9.534455480537432
3853.100364748794 8.54345647290481
3854.1004824096954 7.552457465272188
3855.1006000705966 6.561458457639566
3856.1007177314978 5.570459450006944
3857.100835392399 4.579460442374322
3858.1009530533 3.588461434741699
3859.101070714202 2.5974624271086277
3860.101188375103 1.6940273485767685
3861.101306036004 1.5684857797303475
3862.1014236969054 1.4429442108839263
3863.101541357807 1.317402642037448
3864.1016590187082 1.191861073191027
3865.1017766796094 1.066319504344606
3866.1018943405106 0.9407779354981849
3867.102012001412 0.8152363666517637
3868.102129662313 0.6896947978053427
3869.1022473232147 0.5641532289588644
3870.102364984116 0.44869931756725356
3871.102482645017 0.4217153215550927
3872.1026003059183 0.3947313255429319
3873.10271796682 0.36774732953075884
3874.102835627721 0.340763333518598
3875.1029532886223 0.31377933750643716
3876.1030709495235 0.2867953414942763
3877.1031886104247 0.2598113454821155
3878.103306271326 0.23282734946995468
3879.103423932227 0.20584335345779384
3880.1035415931287 0.1809096936092396
3881.10365925403 0.17373008099564252
3882.103776914931 0.16655046838204546
3883.1038945758323 0.15937085576844837
3884.104012236734 0.15219124315484803
3885.104129897635 0.14501163054125094
3886.1042475585364 0.13783201792765387
3887.1043652194376 0.1306524053140568
3888.1044828803388 0.12347279270045972
3889.10460054124 0.11629318008686264
3890.104718202141 0.10967387139733598
3891.104835863043 0.10784547603610938
3892.104953523944 0.10601708067488361
3893.105071184845 0.10418868531365784
3894.1051888457464 0.10236028995243207
3895.105306506648 0.10053189459120547
3896.1054241675492 0.0987034992299797
3897.1055418284504 0.09687510386875392
3898.1056594893516 0.09504670850752817
3899.105777150253 0.09321831314630238
3900.105894811154 0.09182062942779626
3901.1060124720557 0.09406006624782075
3902.106130132957 0.09629950306784421
3903.106247793858 0.09853893988786769
3904.1063654547593 0.10077837670789115
3905.106483115661 0.10301781352791564
3906.106600776562 0.1052572503479391
3907.1067184374633 0.10749668716796257
3908.1068360983645 0.10973612398798605
3909.1069537592657 0.11197556080800951
3910.107071420167 0.11526363187723628
3911.107189081068 0.12729800399203098
3912.1073067419698 0.13933237610683116
3913.107424402871 0.15136674822162588
3914.107542063772 0.1634011203364206
3915.1076597246733 0.1754354924512153
3916.107777385575 0.1874698645660155
3917.107895046476 0.1995042366808102
3918.1080127073774 0.21153860879560493
3919.1081303682786 0.22357298091039962
3920.10824802918 0.23455239677325435
3921.108365690081 0.23683989047337559
3922.1084833509826 0.23912738417349785
3923.108601011884 0.24141487787361907
3924.108718672785 0.2437023715737403
3925.108836333686 0.24598986527386152
3926.108953994588 0.24827735897398379
3927.109071655489 0.250564852674105
3928.1091893163903 0.25285234637422627
3929.1093069772915 0.2551398400743475
3930.1094246381926 0.25558583331659235
3931.109542299094 0.24104240885331651
3932.109659959995 0.2264989843900407
3933.1097776208967 0.21195555992675827
3934.109895281798 0.19741213546348246
3935.110012942699 0.18286871100020666
3936.1101306036003 0.16832528653693085
3937.110248264502 0.1537818620736484
3938.110365925403 0.1392384376103726
3939.1104835863043 0.1246950131470968
3940.1106012472055 0.11110279074418683
3941.1107189081067 0.10516066150762497
3942.110836569008 0.09921853227106313
3943.1109542299096 0.09327640303449856
3944.1110718908108 0.0873342737979367
3945.111189551712 0.08139214456137486
3946.111307212613 0.07545001532481299
3947.111424873515 0.06950788608824844
3948.111542534416 0.06356575685168658
3949.111660195317 0.05762362761512473
3950.1117778562184 0.05262083355964739
3951.1118955171196 0.05508328225910282
3952.112013178021 0.05754573095855825
3953.112130838922 0.06000817965801368
3954.1122484998236 0.06247062835747023
3955.112366160725 0.06493307705692566
3956.112483821626 0.06739552575638108
3957.112601482527 0.06985797445583652
3958.112719143429 0.07232042315529306
3959.11283680433 0.0747828718547485
3960.1129544652313 0.07819273470828107
3961.1130721261325 0.08904374623028902
3962.1131897870337 0.09989475775229695
3963.113307447935 0.11074576927430488
3964.1134251088365 0.12159678079631775
3965.1135427697377 0.13244779231832568
3966.113660430639 0.1432988038403336
3967.11377809154 0.15414981536234157
3968.1138957524417 0.1650008268843544
3969.114013413343 0.17585183840636237
3970.114131074244 0.18563454969048993
3971.1142487351453 0.18712416737541185
3972.1143663960465 0.18861378506033377
3973.1144840569477 0.1901034027452557
3974.114601717849 0.19159302043017762
3975.1147193787506 0.1930826381151002
3976.114837039652 0.19457225580002213
3977.114954700553 0.19606187348494408
3978.115072361454 0.197551491169866
3979.115190022356 0.1990411088547886
3980.115307683257 0.19920687238406162
3981.115425344158 0.18921408157612757
3982.1155430050594 0.17922129076819351
3983.1156606659606 0.16922849996025946
3984.115778326862 0.15923570915232538
3985.115895987763 0.14924291834439132
3986.1160136486646 0.13925012753645272
3987.116131309566 0.12925733672851866
3988.116248970467 0.11926454592058461
3989.1163666313682 0.10927175511265055
3990.11648429227 0.10074495993700516
3991.116601953171 0.10333900031540326
3992.1167196140723 0.10593304069380137
3993.1168372749735 0.10852708107219947
3994.1169549358747 0.11112112145059758
3995.117072596776 0.11371516182899569
3996.1171902576775 0.11630920220739496
3997.1173079185787 0.11890324258579307
3998.11742557948 0.12149728296419117
3999.117543240381 0.12409132334258928
4000.1176609012828 0.12769171731873002
4001.117778562184 0.1388397632779112
4002.117896223085 0.14998780923709235
4003.1180138839864 0.1611358551962735
4004.1181315448875 0.17228390115545464
4005.1182492057887 0.18343194711463578
4006.11836686669 0.19457999307381696
4007.1184845275916 0.20572803903300318
4008.118602188493 0.21687608499218433
4009.118719849394 0.22802413095136548
4010.118837510295 0.23633112076570256
4011.118955171197 0.22356928827814232
4012.119072832098 0.21080745579058788
4013.119190492999 0.19804562330303344
4014.1193081539004 0.185283790815479
4015.1194258148016 0.17252195832792455
4016.119543475703 0.1597601258403701
4017.1196611366045 0.14699829335280987
4018.1197787975057 0.13423646086525542
4019.119896458407 0.121474628377701
4020.120014119308 0.109287421805664
4021.1201317802097 0.10131413861408828
4022.120249441111 0.09334085542251619
4023.120367102012 0.0853675722309441
4024.1204847629133 0.077394289039372
4025.1206024238145 0.0694210058477999
4026.1207200847157 0.06144772265622781
4027.120837745617 0.053474439464655715
4028.1209554065185 0.04550115627307999
4029.1210730674197 0.0375278730815079
4030.121190728321 0.030562383982881757
4031.1213083892226 0.030905848160284122
4032.121426050124 0.03124931233768633
4033.121543711025 0.03159277651508854
4034.121661371926 0.03193624069249075
4035.1217790328274 0.032279704869892956
4036.1218966937286 0.03262316904729516
4037.1220143546298 0.032966633224697374
4038.122132015531 0.03331009740209958
4039.1222496764326 0.033653561579501945
4040.122367337334 0.03445912443551439
4041.122484998235 0.038579356659250115
4042.1226026591366 0.04269958888298771
4043.122720320038 0.04681982110672343
4044.122837980939 0.05094005333045916
4045.1229556418402 0.055060285554194885
4046.1230733027414 0.059180517777930604
4047.1231909636426 0.06330075000166632
4048.123308624544 0.06742098222540205
4049.123426285445 0.07154121444913777
4050.1235439463467 0.07638322838224534
4051.123661607248 0.08634645539611639
4052.1237792681495 0.09630968240999198
4053.1238969290507 0.10627290942386303
4054.124014589952 0.11623613643773407
4055.124132250853 0.12619936345160512
4056.1242499117543 0.13616259046547619
4057.1243675726555 0.14612581747934722
4058.1244852335567 0.15608904449321825
4059.124602894458 0.16605227150708932
4060.1247205553595 0.1745276367109978
4061.1248382162607 0.1725598963808026
4062.124955877162 0.1705921560506074
4063.1250735380636 0.16862441572041134
4064.125191198965 0.16665667539021614
4065.125308859866 0.16468893506002097
4066.125426520767 0.16272119472982577
4067.1255441816684 0.16075345439963057
4068.1256618425696 0.1587857140694354
4069.1257795034708 0.1568179737392402
4070.125897164372 0.15539859706186337
4071.1260148252736 0.1577870165905172
4072.126132486175 0.1601754361191699
4073.1262501470765 0.16256385564782372
4074.1263678079777 0.16495227517647645
4075.126485468879 0.1673406947051292
4076.12660312978 0.1697291142337819
4077.1267207906812 0.17211753376243463
4078.1268384515824 0.17450595329108737
4079.1269561124836 0.1768943728197401
4080.127073773385 0.1810916441398553
4081.1271914342865 0.19771639721246198
4082.1273090951877 0.21434115028506112
4083.127426756089 0.23096590335766026
4084.1275444169905 0.24759065643026695
4085.1276620778917 0.26421540950286604
4086.127779738793 0.2808401625754652
4087.127897399694 0.2974649156480643
4088.1280150605953 0.31408966872066346
4089.1281327214965 0.3307144217932626
4090.1282503823977 0.3433667647027294
4091.128368043299 0.3290140073288336
4092.1284857042006 0.3146612499549313
4093.1286033651018 0.3003084925810355
4094.1287210260034 0.28595573520713313
4095.1288386869046 0.2716029778332373
4096.128956347806 0.2572502204593415
4097.129074008707 0.2428974630854457
4098.129191669608 0.2285447057115499
4099.129309330509 0.21419194833765406
4100.129426991411 0.1999170194864931
4101.129544652312 0.1861656643337308
4102.129662313213 0.17241430918096853
4103.129779974115 0.15866295402819375
4104.129897635015 0.14491159887544397
4105.1300152959175 0.13116024372266918
4106.130132956819 0.1174088885699069
4107.13025061772 0.10365753341714462
4108.130368278621 0.08990617826438234
4109.130485939522 0.07615482311162006
4110.1306036004235 0.06413802280653769
4111.130721261325 0.06366929486575015
4112.130838922226 0.06320056692496263
4113.130956583127 0.0627318389841751
4114.131074244029 0.06226311104338715
4115.131191904929 0.06179438310260005
4116.1313095658315 0.0613256551618121
4117.131427226733 0.06085692722102457
4118.131544887634 0.060388199280237045
4119.131662548535 0.05991947133944951
4120.131780209436 0.060603267600357155
4121.1318978703375 0.06888137511886756
4122.132015531239 0.07715948263737797
4123.132133192141 0.0854375901558959
4124.132250853041 0.09371569767439877
4125.132368513943 0.1019938051929167
4126.132486174844 0.11027191271142711
4127.132603835746 0.11855002022993752
4128.132721496647 0.12682812774844793
4129.132839157548 0.13510623526695834
4130.132956818449 0.14459833660895582
4131.13307447935 0.16200825607405134
4132.133192140252 0.17941817553914688
4133.133309801153 0.19682809500424242
4134.133427462055 0.21423801446935378
4135.133545122955 0.23164793393443348
4136.133662783857 0.24905785339954484
4137.1337804447585 0.2664677728646404
4138.13389810566 0.2838776923297359
4139.134015766561 0.30128761179483143
4140.134133427462 0.31735599039500395
4141.134251088363 0.3247631928847985
4142.1343687492645 0.33217039537459303
4143.134486410166 0.3395775978643875
4144.134604071067 0.34698480035418205
4145.134721731969 0.3543920028439833
4146.134839392869 0.36179920533377113
4147.134957053771 0.3692064078235724
4148.135074714673 0.37661361031336693
4149.135192375574 0.38402081280316147
4150.135310036475 0.39189198789280005
4151.135427697376 0.40272855307709227
4152.135545358277 0.4135651182613845
4153.1356630191785 0.4244016834456767
4154.13578068008 0.4352382486299689
4155.135898340981 0.4460748138142611
4156.136016001883 0.45691137899856316
4157.136133662783 0.46774794418284554
4158.136251323685 0.4785845093671476
4159.136368984587 0.4894210745514398
4160.136486645488 0.49948845512936874
4161.136604306389 0.5046887538015215
4162.13672196729 0.5098890524736741
4163.136839628191 0.5150893511458268
4164.136957289093 0.5202896498179794
4165.137074949994 0.5254899484901322
4166.137192610895 0.5306902471622849
4167.137310271797 0.5358905458344423
4168.137427932698 0.541090844506595
4169.1375455935995 0.5462911431787476
4170.137663254501 0.5479950037213663
4171.137780915402 0.5277938288029203
4172.137898576303 0.5075926538844743
4173.138016237204 0.4873914789660282
4174.1381338981055 0.46719030404758216
4175.138251559007 0.44698912912913613
4176.138369219909 0.4267879542106717
4177.138486880809 0.40658677929224407
4178.138604541711 0.38638560437377967
4179.138722202612 0.3661844294553336
4180.138839863514 0.34900836627184917
4181.138957524415 0.35059825046114185
4182.139075185316 0.3521881346504345
4183.139192846217 0.35377801883972726
4184.139310507118 0.35536790302901994
4185.13942816802 0.3569577872183126
4186.139545828921 0.35854767140760535
4187.139663489823 0.3601375555968995
4188.139781150723 0.3617274397861907
4189.139898811625 0.3633173239754849
4190.140016472526 0.36715668795784284
4191.140134133428 0.3848142849547134
4192.140251794329 0.40247188195158407
4193.14036945523 0.42012947894845465
4194.140487116131 0.4377870759453253
4195.140604777032 0.45544467294219587
4196.140722437934 0.47310226993906646
4197.140840098835 0.4907598669359371
4198.140957759737 0.5084174639328237
4199.141075420637 0.5260750609296783
4200.141193081539 0.5374808498595763
4201.1413107424405 0.5108548063820447
4202.141428403342 0.4842287629045132
4203.141546064243 0.4576027194269817
4204.141663725144 0.4309766759494502
4205.141781386045 0.40435063247191866
4206.1418990469465 0.3777245889943871
4207.142016707848 0.3510985455168556
4208.142134368749 0.3244725020393241
4209.142252029651 0.29784645856176833
4210.142369690551 0.2727374764183706
4211.142487351453 0.25676847537056036
4212.142605012355 0.24079947432276466
4213.142722673256 0.22483047327496897
4214.142840334157 0.20886147222717327
4215.142957995058 0.19289247117937758
4216.143075655959 0.17692347013158188
4217.143193316861 0.1609544690837862
4218.143310977763 0.14498546803597595
4219.143428638663 0.12901646698819477
4220.143546299565 0.11596217272820007
4221.143663960466 0.12030055503807625
4222.143781621367 0.12463893734795245
4223.143899282269 0.12897731965782863
4224.14401694317 0.1333157019677048
4225.144134604071 0.137654084277581
4226.144252264972 0.1419924665874572
4227.144369925873 0.1463308488973334
4228.144487586775 0.15066923120720957
4229.144605247677 0.1550076135170897
4230.144722908577 0.16384401092111042
4231.144840569479 0.19926623737766866
4232.14495823038 0.23468846383419467
4233.1450758912815 0.2701106902907207
4234.145193552183 0.30553291674724675
4235.145311213084 0.34095514320377274
4236.145428873985 0.3763773696602988
4237.145546534886 0.4117995961168248
4238.1456641957875 0.44722182257335086
4239.145781856689 0.4826440490298769
4240.145899517591 0.5104007769181893
4241.146017178491 0.49327724706032755
4242.146134839393 0.47615371720243466
4243.146252500294 0.4590301873445573
4244.146370161196 0.44190665748668
4245.146487822097 0.42478312762880266
4246.146605482998 0.4076595977709253
4247.146723143899 0.39053606791304796
4248.1468408048 0.3734125380551706
4249.146958465702 0.3562890081972933
4250.147076126603 0.3376894089755497
4251.147193787505 0.31052860744333316
4252.147311448405 0.283367805911166
4253.147429109307 0.2562070043789495
4254.1475467702085 0.22904620284675764
4255.14766443111 0.20188540131456578
4256.147782092011 0.17472459978237395
4257.147899752912 0.14756379825018212
4258.148017413813 0.12040299671799026
4259.148135074714 0.09324219518579843
4260.148252735616 0.06978695435374352
4261.148370396517 0.06762398294157367
4262.148488057419 0.06546101152940186
4263.14860571832 0.063298040117232
4264.148723379221 0.06113506870506215
4265.1488410401225 0.058972097292892295
4266.148958701024 0.05680912588072244
4267.149076361925 0.054646154468552595
4268.149194022826 0.05248318305638274
4269.149311683727 0.050320211644212895
4270.1494293446285 0.048716487146722456
4271.149547005531 0.050296506895800536
4272.149664666431 0.05187652664487574
4273.149782327333 0.05345654639395382
4274.149899988234 0.05503656614303046
4275.150017649135 0.0566165858921071
4276.150135310037 0.05819660564118374
4277.150252970938 0.059776625390260386
4278.150370631839 0.06135664513933703
4279.15048829274 0.06293666488841367
4280.150605953641 0.06440792643951417
4281.150723614543 0.06526572378015444
4282.150841275445 0.0661235211207955
4283.150958936345 0.06698131846143501
4284.151076597247 0.06783911580207608
4285.151194258148 0.06869691314271636
4286.1513119190495 0.06955471048335665
4287.151429579951 0.07041250782399694
4288.151547240852 0.07127030516463723
4289.151664901753 0.0721281025052775
4290.151782562654 0.07279713060077497
4291.1519002235555 0.07241109958194585
4292.152017884457 0.0720250685631167
4293.152135545359 0.07163903754428722
4294.152253206259 0.07125300652545843
4295.152370867161 0.07086697550662895
4296.152488528062 0.0704809444877998
4297.152606188964 0.07009491346897068
4298.152723849865 0.06970888245014153
4299.152841510766 0.0693228514313124
4300.152959171667 0.06983943172544446
4301.153076832568 0.07535509006059656
4302.1531944934695 0.08087074839574865
4303.153312154371 0.08638640673090076
4304.153429815273 0.09190206506605786
4305.153547476173 0.09741772340120494
4306.153665137075 0.10293338173636205
4307.153782797976 0.10844904007151415
4308.153900458878 0.11396469840666623
4309.154018119779 0.11948035674181834
4310.15413578068 0.1261305453855343
4311.154253441581 0.13900765992129455
4312.154371102482 0.15188477445705476
4313.1544887633845 0.1647618889928267
4314.154606424285 0.1776390035285752
4315.154724085187 0.19051611806434715
4316.154841746088 0.2033932326001074
4317.154959406989 0.2162703471358676
4318.1550770678905 0.22914746167162783
4319.155194728792 0.24202457620738804
4320.155312389693 0.2502535038831844
4321.155430050594 0.23319911212372071
4322.155547711495 0.216144720364257
4323.1556653723965 0.1990903286047933
4324.155783033299 0.18203593684531408
4325.155900694199 0.16498154508586588
4326.156018355101 0.14792715332638667
4327.156136016002 0.13087276156692296
4328.156253676903 0.11381836980745924
4329.156371337805 0.09676397804799555
4330.156488998706 0.0812373031168809
4331.156606659607 0.07394651514761569
4332.156724320508 0.06665572717835046
4333.156841981409 0.059364939209085234
4334.1569596423105 0.05207415123982001
4335.157077303213 0.04478336327054815
4336.157194964113 0.037492575301289556
4337.157312625015 0.030201787332017706
4338.157430285916 0.022910999362752482
4339.157547946817 0.015620211393487252
4340.157665607719 0.009387703764699879
4341.15778326862 0.008809888104432267
4342.157900929521 0.008232072444164655
4343.158018590422 0.007654256783897044
4344.158136251323 0.007076441123629432
4345.158253912225 0.006498625463361821
4346.158371573127 0.005920809803093684
4347.158489234027 0.005342994142826599
4348.158606894929 0.004765178482558462
4349.15872455583 0.004187362822290851
4350.1588422167315 0.00370876075314251
4351.158959877633 0.0037556232591808916
4352.159077538534 0.0038024857652192733
4353.159195199435 0.0038493482712576555
4354.159312860336 0.003896210777296037
4355.1594305212375 0.003943073283334419
4356.159548182139 0.003989935789372801
4357.159665843041 0.004036798295411225
4358.159783503942 0.0040836608014496074
4359.159901164843 0.004130523307487989
4360.160018825744 0.004271608236048218
4361.160136486646 0.004907360882847477
4362.160254147547 0.005543113529646735
4363.160371808448 0.006178866176445994
4364.160489469349 0.006814618823245253
4365.16060713025 0.007450371470044511
4366.1607247911525 0.008086124116844347
4367.160842452053 0.008721876763643027
4368.160960112955 0.009357629410442866
4369.161077773856 0.009993382057242123
4370.161195434757 0.011075920362492928
4371.161313095658 0.014483700817199283
4372.16143075656 0.017891481271905638
4373.161548417461 0.021299261726611993
4374.161666078362 0.024707042181318348
4375.161783739263 0.028114822636024703
4376.161901400164 0.03152260309073106
4377.1620190610665 0.034930383545440515
4378.162136721967 0.038338164000143775
4379.162254382869 0.041745944454853225
4380.16237204377 0.045340727187062294
4381.162489704671 0.049900333264065996
4382.1626073655725 0.0544599393410697
4383.162725026474 0.05901954541807341
4384.162842687375 0.06357915149507712
4385.162960348276 0.06813875757208082
4386.163078009177 0.07269836364908452
4387.1631956700785 0.07725796972608823
4388.163313330981 0.08181757580309607
4389.163430991881 0.08637718188009563
4390.163548652783 0.09018934955508841
4391.163666313684 0.0901782891449587
4392.163783974585 0.09016722873482899
4393.163901635487 0.09015616832469928
4394.164019296388 0.09014510791456957
4395.164136957289 0.09013404750443986
4396.16425461819 0.09012298709431016
4397.164372279091 0.09011192668418044
4398.164489939993 0.09010086627405073
4399.164607600895 0.09008980586392101
4400.164725261795 0.09054590460270136
4401.164842922697 0.09337116759668017
4402.164960583598 0.09619643059065641
4403.165078244499 0.09902169358463266
4404.165195905401 0.10184695657860889
4405.165313566302 0.10467221957258513
4406.165431227203 0.10749748256656137
4407.165548888104 0.11032274556053762
4408.165666549006 0.11314800855451643
4409.165784209907 0.11597327154849009
4410.165901870809 0.12224654262616616
4411.16601953171 0.1458576699544346
4412.166137192611 0.16946879728270306
4413.166254853512 0.1930799246109715
4414.1663725144135 0.21669105193924
4415.166490175315 0.24030217926750844
4416.166607836216 0.2639133065957769
4417.166725497117 0.28752443392404536
4418.166843158018 0.3111355612523138
4419.16696081892 0.33474668858060375
4420.167078479821 0.3595077489789449
4421.167196140723 0.3900022784874004
4422.167313801624 0.42049680799582806
4423.167431462525 0.4509913375042558
4424.167549123426 0.48148586701268353
4425.167666784328 0.5119803965211113
4426.167784445229 0.542474926029539
4427.16790210613 0.5729694555379667
4428.168019767031 0.6034639850463944
4429.168137427932 0.6339585145548221
4430.1682550888345 0.6570792459277544
4431.168372749735 0.6437435067986041
4432.168490410637 0.6304077676694297
4433.168608071538 0.6170720285402674
4434.168725732439 0.603736289411105
4435.1688433933405 0.5904005502819427
4436.168961054242 0.5770648111527804
4437.169078715143 0.5637290720236181
4438.169196376044 0.5503933328944557
4439.169314036945 0.5370575937652934
4440.169431697846 0.5269613199257492
4441.169549358749 0.5327474245200713
4442.169667019649 0.5385335291143828
4443.169784680551 0.5443196337087048
4444.169902341452 0.5501057383030217
4445.170020002353 0.5558918428973384
4446.1701376632545 0.5616779474916552
4447.170255324156 0.5674640520859721
4448.170372985057 0.5732501566802888
4449.170490645958 0.5790362612746056
4450.170608306859 0.5817860692174618
4451.1707259677605 0.5697731934411165
4452.170843628663 0.5577603176647604
4453.170961289564 0.5457474418884152
4454.171078950465 0.5337345661120699
4455.171196611366 0.5217216903357247
4456.171314272267 0.5097088145593794
4457.171431933169 0.49769593878303425
4458.17154959407 0.48568306300668906
4459.171667254971 0.4736701872303438
4460.171784915872 0.4596250828634358
4461.171902576774 0.43578073926528216
4462.172020237675 0.4119363956671719
4463.172137898577 0.38809205206901826
4464.172255559478 0.36424770847088633
4465.172373220379 0.34040336487275435
4466.17249088128 0.31655902127462243
4467.1726085421815 0.2927146776764905
4468.172726203083 0.2688703340783586
4469.172843863984 0.2450259904802266
4470.172961524885 0.22524370021940202
4471.173079185786 0.2248874201363396
4472.173196846688 0.22453114005327687
4473.173314507589 0.22417485997021477
4474.173432168491 0.22381857988715204
4475.173549829392 0.22346229980408963
4476.173667490293 0.2231060197210272
4477.173785151194 0.2227497396379648
4478.173902812096 0.22239345955490236
4479.174020472997 0.22203717947183996
4480.174138133898 0.2243666896679138
4481.174255794799 0.2394355564582822
4482.1743734557 0.2545044232486507
4483.174491116602 0.2695732900390328
4484.174608777503 0.28464215682938754
4485.174726438405 0.2997110236197697
4486.174844099306 0.31477989041013815
4487.174961760207 0.3298487572005066
4488.175079421108 0.34491762399087506
4489.17519708201 0.35998649078124345
4490.175314742911 0.3697285700667293
4491.175432403812 0.3544097229030518
4492.175550064713 0.3390908757393742
4493.175667725614 0.32377202857569665
4494.1757853865165 0.3084531814120052
4495.175903047417 0.29313433424834157
4496.176020708319 0.27781548708465004
4497.17613836922 0.2624966399209725
4498.176256030121 0.24717779275729493
4499.1763736910225 0.2318589455936174
