# v_1A.dat
       4662.0000       0.0000000
       4663.0000    0.0011741679
       4664.0000    0.0012095571
       4665.0000    0.0012454129
       4666.0000    0.0012816308
       4667.0000    0.0013181041
       4668.0000    0.0013547351
       4669.0000    0.0013914456
       4670.0000    0.0014281896
       4671.0000    0.0014649672
       4672.0000    0.0015018399
       4673.0000    0.0015389453
       4674.0000    0.0015765094
       4675.0000    0.0016148558
       4676.0000    0.0016544107
       4677.0000    0.0016957037
       4678.0000    0.0017393625
       4679.0000    0.0017861016
       4680.0000    0.0018367026
       4681.0000    0.0018919879
       4682.0000    0.0019527905
       4683.0000    0.0020199238
       4684.0000    0.0020941511
       4685.0000    0.0021761577
       4686.0000    0.0022665249
       4687.0000    0.0023657096
       4688.0000    0.0024740297
       4689.0000    0.0025916546
       4690.0000    0.0027186043
       4691.0000    0.0028547523
       4692.0000    0.0029998372
       4693.0000    0.0031534801
       4694.0000    0.0033152081
       4695.0000    0.0034844832
       4696.0000    0.0036607939
       4697.0000    0.0038434960
       4698.0000    0.0040320770
       4699.0000    0.0042261045
       4700.0000    0.0044252673
       4701.0000    0.0046292813
       4702.0000    0.0048382868
       4703.0000    0.0050525006
       4704.0000    0.0052723351
       4705.0000    0.0054983871
       4706.0000    0.0057314149
       4707.0000    0.0059723025
       4708.0000    0.0062220168
       4709.0000    0.0064815569
       4710.0000    0.0067519037
       4711.0000    0.0070339689
       4712.0000    0.0073285554
       4713.0000    0.0076363244
       4714.0000    0.0079577760
       4715.0000    0.0082932421
       4716.0000    0.0086428922
       4717.0000    0.0090067546
       4718.0000    0.0093847492
       4719.0000    0.0097767308
       4720.0000     0.010182536
       4721.0000     0.010602023
       4722.0000     0.011035115
       4723.0000     0.011481838
       4724.0000     0.011942342
       4725.0000     0.012416931
       4726.0000     0.012906070
       4727.0000     0.013410384
       4728.0000     0.013930638
       4729.0000     0.014467729
       4730.0000     0.015022646
       4731.0000     0.015596441
       4732.0000     0.016190202
       4733.0000     0.016805008
       4734.0000     0.017441914
       4735.0000     0.018101913
       4736.0000     0.018785922
       4737.0000     0.019494773
       4738.0000     0.020229201
       4739.0000     0.020989853
       4740.0000     0.021777288
       4741.0000     0.022591988
       4742.0000     0.023434366
       4743.0000     0.024304778
       4744.0000     0.025203528
       4745.0000     0.026130870
       4746.0000     0.027087017
       4747.0000     0.028072133
       4748.0000     0.029086342
       4749.0000     0.030129724
       4750.0000     0.031202320
       4751.0000     0.032303471
       4752.0000     0.033433796
       4753.0000     0.034593292
       4754.0000     0.035781992
       4755.0000     0.036999989
       4756.0000     0.038247480
       4757.0000     0.039524792
       4758.0000     0.040832419
       4759.0000     0.042171042
       4760.0000     0.043541553
       4761.0000     0.044945052
       4762.0000     0.046382839
       4763.0000     0.047856400
       4764.0000     0.049367357
       4765.0000     0.050917435
       4766.0000     0.052508391
       4767.0000     0.054141954
       4768.0000     0.055819769
       4769.0000     0.057543335
       4770.0000     0.059313970
       4771.0000     0.061132766
       4772.0000     0.063000567
       4773.0000     0.064917959
       4774.0000     0.066885271
       4775.0000     0.068902593
       4776.0000     0.070969803
       4777.0000     0.073086599
       4778.0000     0.075252536
       4779.0000     0.077467067
       4780.0000     0.079729588
       4781.0000     0.082039456
       4782.0000     0.084396025
       4783.0000     0.086798672
       4784.0000     0.089246821
       4785.0000     0.091739971
       4786.0000     0.094277727
       4787.0000     0.096859814
       4788.0000     0.099486116
       4789.0000      0.10215668
       4790.0000      0.10487179
       4791.0000      0.10763189
       4792.0000      0.11043772
       4793.0000      0.11329019
       4794.0000      0.11619045
       4795.0000      0.11913980
       4796.0000      0.12213970
       4797.0000      0.12519167
       4798.0000      0.12829726
       4799.0000      0.13145798
       4800.0000      0.13467522
       4801.0000      0.13794964
       4802.0000      0.14128278
       4803.0000      0.14467537
       4804.0000      0.14812785
       4805.0000      0.15164035
       4806.0000      0.15521269
       4807.0000      0.15884440
       4808.0000      0.16253476
       4809.0000      0.16628278
       4810.0000      0.17008730
       4811.0000      0.17394701
       4812.0000      0.17786047
       4813.0000      0.18182622
       4814.0000      0.18584278
       4815.0000      0.18990876
       4816.0000      0.19402282
       4817.0000      0.19818377
       4818.0000      0.20239054
       4819.0000      0.20664221
       4820.0000      0.21093796
       4821.0000      0.21527711
       4822.0000      0.21965900
       4823.0000      0.22408303
       4824.0000      0.22854854
       4825.0000      0.23305479
       4826.0000      0.23760091
       4827.0000      0.24218588
       4828.0000      0.24680846
       4829.0000      0.25146732
       4830.0000      0.25616097
       4831.0000      0.26088781
       4832.0000      0.26564625
       4833.0000      0.27043469
       4834.0000      0.27525166
       4835.0000      0.28009584
       4836.0000      0.28496618
       4837.0000      0.28986191
       4838.0000      0.29478251
       4839.0000      0.29972772
       4840.0000      0.30469751
       4841.0000      0.30969199
       4842.0000      0.31471132
       4843.0000      0.31975568
       4844.0000      0.32482514
       4845.0000      0.32991959
       4846.0000      0.33503872
       4847.0000      0.34018189
       4848.0000      0.34534820
       4849.0000      0.35053641
       4850.0000      0.35574495
       4851.0000      0.36098259
       4852.0000      0.36623685
       4853.0000      0.37150529
       4854.0000      0.37678525
       4855.0000      0.38207387
       4856.0000      0.38736810
       4857.0000      0.39266471
       4858.0000      0.39796026
       4859.0000      0.40325125
       4860.0000      0.40853407
       4861.0000      0.41380525
       4862.0000      0.41906139
       4863.0000      0.42429944
       4864.0000      0.42951674
       4865.0000      0.43471120
       4866.0000      0.43988138
       4867.0000      0.44502663
       4868.0000      0.45014706
       4869.0000      0.45524373
       4870.0000      0.46031846
       4871.0000      0.46537388
       4872.0000      0.47041324
       4873.0000      0.47544024
       4874.0000      0.48045880
       4875.0000      0.48547288
       4876.0000      0.49048623
       4877.0000      0.49550221
       4878.0000      0.50052359
       4879.0000      0.50555241
       4880.0000      0.51058989
       4881.0000      0.51563638
       4882.0000      0.52069129
       4883.0000      0.52575320
       4884.0000      0.53081979
       4885.0000      0.53588818
       4886.0000      0.54095489
       4887.0000      0.54601620
       4888.0000      0.55106812
       4889.0000      0.55610664
       4890.0000      0.56112782
       4891.0000      0.56612794
       4892.0000      0.57110359
       4893.0000      0.57605172
       4894.0000      0.58096972
       4895.0000      0.58585532
       4896.0000      0.59070659
       4897.0000      0.59552192
       4898.0000      0.60029997
       4899.0000      0.60503966
       4900.0000      0.60974011
       4901.0000      0.61438046
       4902.0000      0.61897992
       4903.0000      0.62353800
       4904.0000      0.62805440
       4905.0000      0.63252901
       4906.0000      0.63696202
       4907.0000      0.64135382
       4908.0000      0.64570506
       4909.0000      0.65001660
       4910.0000      0.65428950
       4911.0000      0.65852486
       4912.0000      0.66272389
       4913.0000      0.66688770
       4914.0000      0.67101721
       4915.0000      0.67511308
       4916.0000      0.67917570
       4917.0000      0.68320510
       4918.0000      0.68720093
       4919.0000      0.69116256
       4920.0000      0.69508909
       4921.0000      0.69897942
       4922.0000      0.70283237
       4923.0000      0.70664674
       4924.0000      0.71042142
       4925.0000      0.71415546
       4926.0000      0.71784811
       4927.0000      0.72149882
       4928.0000      0.72510730
       4929.0000      0.72867344
       4930.0000      0.73219725
       4931.0000      0.73567894
       4932.0000      0.73911869
       4933.0000      0.74251677
       4934.0000      0.74587343
       4935.0000      0.74918894
       4936.0000      0.75246355
       4937.0000      0.75569766
       4938.0000      0.75889173
       4939.0000      0.76204644
       4940.0000      0.76516274
       4941.0000      0.76824186
       4942.0000      0.77128535
       4943.0000      0.77429510
       4944.0000      0.77727324
       4945.0000      0.78022216
       4946.0000      0.78314441
       4947.0000      0.78604258
       4948.0000      0.78891918
       4949.0000      0.79177656
       4950.0000      0.79461674
       4951.0000      0.79741873
       4952.0000      0.80020593
       4953.0000      0.80297866
       4954.0000      0.80573656
       4955.0000      0.80847856
       4956.0000      0.81120299
       4957.0000      0.81390751
       4958.0000      0.81658932
       4959.0000      0.81924514
       4960.0000      0.82187148
       4961.0000      0.82446478
       4962.0000      0.82702168
       4963.0000      0.82953910
       4964.0000      0.83201449
       4965.0000      0.83444593
       4966.0000      0.83683229
       4967.0000      0.83917333
       4968.0000      0.84146973
       4969.0000      0.84372310
       4970.0000      0.84593585
       4971.0000      0.84811104
       4972.0000      0.85025220
       4973.0000      0.85236319
       4974.0000      0.85444787
       4975.0000      0.85651003
       4976.0000      0.85855307
       4977.0000      0.86057992
       4978.0000      0.86259286
       4979.0000      0.86459338
       4980.0000      0.86658221
       4981.0000      0.86855923
       4982.0000      0.87052355
       4983.0000      0.87247363
       4984.0000      0.87440737
       4985.0000      0.87632227
       4986.0000      0.87821560
       4987.0000      0.88008471
       4988.0000      0.88192707
       4989.0000      0.88374042
       4990.0000      0.88552299
       4991.0000      0.88727352
       4992.0000      0.88899140
       4993.0000      0.89067673
       4994.0000      0.89233025
       4995.0000      0.89395335
       4996.0000      0.89554787
       4997.0000      0.89711605
       4998.0000      0.89866036
       4999.0000      0.90018329
       5000.0000      0.90168721
       5001.0000      0.90314935
       5002.0000      0.90459593
       5003.0000      0.90602782
       5004.0000      0.90744517
       5005.0000      0.90884749
       5006.0000      0.91023367
       5007.0000      0.91160209
       5008.0000      0.91295069
       5009.0000      0.91427716
       5010.0000      0.91557914
       5011.0000      0.91685438
       5012.0000      0.91810089
       5013.0000      0.91931717
       5014.0000      0.92050229
       5015.0000      0.92165597
       5016.0000      0.92277871
       5017.0000      0.92387167
       5018.0000      0.92493669
       5019.0000      0.92597620
       5020.0000      0.92699313
       5021.0000      0.92799080
       5022.0000      0.92897283
       5023.0000      0.92994293
       5024.0000      0.93090485
       5025.0000      0.93186217
       5026.0000      0.93281817
       5027.0000      0.93377575
       5028.0000      0.93473723
       5029.0000      0.93570430
       5030.0000      0.93667790
       5031.0000      0.93765821
       5032.0000      0.93864466
       5033.0000      0.93963592
       5034.0000      0.94063009
       5035.0000      0.94162466
       5036.0000      0.94261684
       5037.0000      0.94360364
       5038.0000      0.94458204
       5039.0000      0.94554917
       5040.0000      0.94650246
       5041.0000      0.94743969
       5042.0000      0.94835914
       5043.0000      0.94925949
       5044.0000      0.95013988
       5045.0000      0.95099987
       5046.0000      0.95183949
       5047.0000      0.95265912
       5048.0000      0.95345946
       5049.0000      0.95424123
       5050.0000      0.95500524
       5051.0000      0.95581434
       5052.0000      0.95660707
       5053.0000      0.95738383
       5054.0000      0.95814478
       5055.0000      0.95888978
       5056.0000      0.95961850
       5057.0000      0.96033035
       5058.0000      0.96102448
       5059.0000      0.96169983
       5060.0000      0.96235526
       5061.0000      0.96298957
       5062.0000      0.96360176
       5063.0000      0.96419111
       5064.0000      0.96475732
       5065.0000      0.96530059
       5066.0000      0.96582178
       5067.0000      0.96632233
       5068.0000      0.96680437
       5069.0000      0.96727061
       5070.0000      0.96772426
       5071.0000      0.96816885
       5072.0000      0.96860803
       5073.0000      0.96904539
       5074.0000      0.96948434
       5075.0000      0.96992783
       5076.0000      0.97037829
       5077.0000      0.97083745
       5078.0000      0.97130632
       5079.0000      0.97178515
       5080.0000      0.97227342
       5081.0000      0.97276998
       5082.0000      0.97327321
       5083.0000      0.97378107
       5084.0000      0.97429137
       5085.0000      0.97480197
       5086.0000      0.97531084
       5087.0000      0.97581631
       5088.0000      0.97631713
       5089.0000      0.97681253
       5090.0000      0.97730225
       5091.0000      0.97778653
       5092.0000      0.97826601
       5093.0000      0.97874163
       5094.0000      0.97921438
       5095.0000      0.97968528
       5096.0000      0.98015503
       5097.0000      0.98062406
       5098.0000      0.98109225
       5099.0000      0.98155904
       5100.0000      0.98202334
       5101.0000      0.98245588
       5102.0000      0.98288258
       5103.0000      0.98330149
       5104.0000      0.98371072
       5105.0000      0.98410858
       5106.0000      0.98449383
       5107.0000      0.98486583
       5108.0000      0.98522443
       5109.0000      0.98557017
       5110.0000      0.98590411
       5111.0000      0.98622768
       5112.0000      0.98654258
       5113.0000      0.98685058
       5114.0000      0.98715329
       5115.0000      0.98745210
       5116.0000      0.98774807
       5117.0000      0.98804186
       5118.0000      0.98833375
       5119.0000      0.98862371
       5120.0000      0.98891141
       5121.0000      0.98919645
       5122.0000      0.98947849
       5123.0000      0.98975730
       5124.0000      0.99003298
       5125.0000      0.99030599
       5126.0000      0.99057717
       5127.0000      0.99084766
       5128.0000      0.99111891
       5129.0000      0.99139245
       5130.0000      0.99166987
       5131.0000      0.99195253
       5132.0000      0.99224160
       5133.0000      0.99253770
       5134.0000      0.99284097
       5135.0000      0.99315096
       5136.0000      0.99346651
       5137.0000      0.99378590
       5138.0000      0.99410679
       5139.0000      0.99442642
       5140.0000      0.99474172
       5141.0000      0.99504953
       5142.0000      0.99534670
       5143.0000      0.99563033
       5144.0000      0.99589782
       5145.0000      0.99614712
       5146.0000      0.99637671
       5147.0000      0.99658575
       5148.0000      0.99677403
       5149.0000      0.99694196
       5150.0000      0.99709049
       5151.0000      0.99719973
       5152.0000      0.99729262
       5153.0000      0.99737105
       5154.0000      0.99743701
       5155.0000      0.99749244
       5156.0000      0.99753925
       5157.0000      0.99757922
       5158.0000      0.99761400
       5159.0000      0.99764507
       5160.0000      0.99767383
       5161.0000      0.99770158
       5162.0000      0.99772962
       5163.0000      0.99775932
       5164.0000      0.99779199
       5165.0000      0.99782899
       5166.0000      0.99787154
       5167.0000      0.99792073
       5168.0000      0.99797745
       5169.0000      0.99804233
       5170.0000      0.99811562
       5171.0000      0.99819717
       5172.0000      0.99828639
       5173.0000      0.99838222
       5174.0000      0.99848323
       5175.0000      0.99858761
       5176.0000      0.99869332
       5177.0000      0.99879822
       5178.0000      0.99890020
       5179.0000      0.99899725
       5180.0000      0.99908771
       5181.0000      0.99917033
       5182.0000      0.99924441
       5183.0000      0.99930977
       5184.0000      0.99936688
       5185.0000      0.99941666
       5186.0000      0.99946050
       5187.0000      0.99950013
       5188.0000      0.99953744
       5189.0000      0.99957433
       5190.0000      0.99961249
       5191.0000      0.99965322
       5192.0000      0.99969721
       5193.0000      0.99974447
       5194.0000      0.99979414
       5195.0000      0.99984458
       5196.0000      0.99989325
       5197.0000      0.99993698
       5198.0000      0.99997201
       5199.0000      0.99999434
       5200.0000       1.0000000
       5201.0000      0.99997355
       5202.0000      0.99992384
       5203.0000      0.99984892
       5204.0000      0.99974793
       5205.0000      0.99962141
       5206.0000      0.99947132
       5207.0000      0.99930095
       5208.0000      0.99911483
       5209.0000      0.99891843
       5210.0000      0.99871786
       5211.0000      0.99851956
       5212.0000      0.99832982
       5213.0000      0.99815447
       5214.0000      0.99799857
       5215.0000      0.99786609
       5216.0000      0.99775981
       5217.0000      0.99768118
       5218.0000      0.99763029
       5219.0000      0.99760600
       5220.0000      0.99760604
       5221.0000      0.99762717
       5222.0000      0.99766546
       5223.0000      0.99771650
       5224.0000      0.99777558
       5225.0000      0.99783799
       5226.0000      0.99789914
       5227.0000      0.99795468
       5228.0000      0.99800066
       5229.0000      0.99803350
       5230.0000      0.99805012
       5231.0000      0.99804788
       5232.0000      0.99802465
       5233.0000      0.99797870
       5234.0000      0.99790871
       5235.0000      0.99781373
       5236.0000      0.99769309
       5237.0000      0.99754641
       5238.0000      0.99737363
       5239.0000      0.99717487
       5240.0000      0.99695053
       5241.0000      0.99670128
       5242.0000      0.99642803
       5243.0000      0.99613210
       5244.0000      0.99581516
       5245.0000      0.99547931
       5246.0000      0.99512706
       5247.0000      0.99476125
       5248.0000      0.99438507
       5249.0000      0.99400192
       5250.0000      0.99361529
       5251.0000      0.99321207
       5252.0000      0.99281200
       5253.0000      0.99241798
       5254.0000      0.99203231
       5255.0000      0.99165675
       5256.0000      0.99129233
       5257.0000      0.99093947
       5258.0000      0.99059800
       5259.0000      0.99026727
       5260.0000      0.98994636
       5261.0000      0.98963429
       5262.0000      0.98933019
       5263.0000      0.98903344
       5264.0000      0.98874390
       5265.0000      0.98846208
       5266.0000      0.98818911
       5267.0000      0.98792681
       5268.0000      0.98767749
       5269.0000      0.98744384
       5270.0000      0.98722865
       5271.0000      0.98703451
       5272.0000      0.98686353
       5273.0000      0.98671709
       5274.0000      0.98659550
       5275.0000      0.98649785
       5276.0000      0.98642193
       5277.0000      0.98636414
       5278.0000      0.98631962
       5279.0000      0.98628234
       5280.0000      0.98624538
       5281.0000      0.98620131
       5282.0000      0.98614249
       5283.0000      0.98606156
       5284.0000      0.98595181
       5285.0000      0.98580765
       5286.0000      0.98562486
       5287.0000      0.98540089
       5288.0000      0.98513504
       5289.0000      0.98482848
       5290.0000      0.98448417
       5291.0000      0.98410662
       5292.0000      0.98370174
       5293.0000      0.98327627
       5294.0000      0.98283746
       5295.0000      0.98239257
       5296.0000      0.98194840
       5297.0000      0.98151088
       5298.0000      0.98108474
       5299.0000      0.98067332
       5300.0000      0.98027834
       5301.0000      0.97988834
       5302.0000      0.97951383
       5303.0000      0.97915242
       5304.0000      0.97880087
       5305.0000      0.97845546
       5306.0000      0.97811242
       5307.0000      0.97776832
       5308.0000      0.97742039
       5309.0000      0.97706669
       5310.0000      0.97670611
       5311.0000      0.97633842
       5312.0000      0.97596418
       5313.0000      0.97558458
       5314.0000      0.97520120
       5315.0000      0.97481574
       5316.0000      0.97442976
       5317.0000      0.97404447
       5318.0000      0.97366061
       5319.0000      0.97327836
       5320.0000      0.97289738
       5321.0000      0.97251689
       5322.0000      0.97213584
       5323.0000      0.97175305
       5324.0000      0.97136745
       5325.0000      0.97097815
       5326.0000      0.97058456
       5327.0000      0.97018654
       5328.0000      0.96978431
       5329.0000      0.96937859
       5330.0000      0.96897028
       5331.0000      0.96856048
       5332.0000      0.96815019
       5333.0000      0.96774021
       5334.0000      0.96733103
       5335.0000      0.96692277
       5336.0000      0.96651515
       5337.0000      0.96610749
       5338.0000      0.96569876
       5339.0000      0.96528764
       5340.0000      0.96487276
       5341.0000      0.96445272
       5342.0000      0.96402637
       5343.0000      0.96359279
       5344.0000      0.96315140
       5345.0000      0.96270198
       5346.0000      0.96224467
       5347.0000      0.96177989
       5348.0000      0.96130833
       5349.0000      0.96083074
       5350.0000      0.96034792
       5351.0000      0.95991820
       5352.0000      0.95948441
       5353.0000      0.95904686
       5354.0000      0.95860552
       5355.0000      0.95816014
       5356.0000      0.95771022
       5357.0000      0.95725506
       5358.0000      0.95679393
       5359.0000      0.95632607
       5360.0000      0.95585094
       5361.0000      0.95536827
       5362.0000      0.95487814
       5363.0000      0.95438114
       5364.0000      0.95387831
       5365.0000      0.95337123
       5366.0000      0.95286197
       5367.0000      0.95235300
       5368.0000      0.95184705
       5369.0000      0.95134693
       5370.0000      0.95085534
       5371.0000      0.95037462
       5372.0000      0.94990653
       5373.0000      0.94945212
       5374.0000      0.94901148
       5375.0000      0.94858363
       5376.0000      0.94816658
       5377.0000      0.94775722
       5378.0000      0.94735161
       5379.0000      0.94694502
       5380.0000      0.94653223
       5381.0000      0.94610781
       5382.0000      0.94566648
       5383.0000      0.94520330
       5384.0000      0.94471400
       5385.0000      0.94419510
       5386.0000      0.94364406
       5387.0000      0.94305940
       5388.0000      0.94244060
       5389.0000      0.94178820
       5390.0000      0.94110355
       5391.0000      0.94038886
       5392.0000      0.93964694
       5393.0000      0.93888124
       5394.0000      0.93809563
       5395.0000      0.93729428
       5396.0000      0.93648166
       5397.0000      0.93566248
       5398.0000      0.93484158
       5399.0000      0.93402398
       5400.0000      0.93321467
       5401.0000      0.93238972
       5402.0000      0.93158270
       5403.0000      0.93079790
       5404.0000      0.93003914
       5405.0000      0.92930952
       5406.0000      0.92861143
       5407.0000      0.92794629
       5408.0000      0.92731456
       5409.0000      0.92671568
       5410.0000      0.92614806
       5411.0000      0.92560917
       5412.0000      0.92509562
       5413.0000      0.92460335
       5414.0000      0.92412770
       5415.0000      0.92366375
       5416.0000      0.92320642
       5417.0000      0.92275077
       5418.0000      0.92229218
       5419.0000      0.92182642
       5420.0000      0.92134988
       5421.0000      0.92085962
       5422.0000      0.92035340
       5423.0000      0.91982979
       5424.0000      0.91928800
       5425.0000      0.91872778
       5426.0000      0.91814933
       5427.0000      0.91755297
       5428.0000      0.91693916
       5429.0000      0.91630829
       5430.0000      0.91566063
       5431.0000      0.91499617
       5432.0000      0.91431451
       5433.0000      0.91361499
       5434.0000      0.91289663
       5435.0000      0.91215831
       5436.0000      0.91139892
       5437.0000      0.91061746
       5438.0000      0.90981318
       5439.0000      0.90898576
       5440.0000      0.90813535
       5441.0000      0.90726272
       5442.0000      0.90636933
       5443.0000      0.90545727
       5444.0000      0.90452921
       5445.0000      0.90358826
       5446.0000      0.90263789
       5447.0000      0.90168172
       5448.0000      0.90072334
       5449.0000      0.89976620
       5450.0000      0.89881341
       5451.0000      0.89783755
       5452.0000      0.89687085
       5453.0000      0.89591480
       5454.0000      0.89497019
       5455.0000      0.89403724
       5456.0000      0.89311552
       5457.0000      0.89220415
       5458.0000      0.89130181
       5459.0000      0.89040692
       5460.0000      0.88951776
       5461.0000      0.88863261
       5462.0000      0.88774980
       5463.0000      0.88686789
       5464.0000      0.88598570
       5465.0000      0.88510240
       5466.0000      0.88421745
       5467.0000      0.88333074
       5468.0000      0.88244246
       5469.0000      0.88155311
       5470.0000      0.88066348
       5471.0000      0.87977457
       5472.0000      0.87888748
       5473.0000      0.87800333
       5474.0000      0.87712313
       5475.0000      0.87624775
       5476.0000      0.87537781
       5477.0000      0.87451364
       5478.0000      0.87365515
       5479.0000      0.87280184
       5480.0000      0.87195262
       5481.0000      0.87110591
       5482.0000      0.87025963
       5483.0000      0.86941128
       5484.0000      0.86855802
       5485.0000      0.86769678
       5486.0000      0.86682449
       5487.0000      0.86593821
       5488.0000      0.86503530
       5489.0000      0.86411360
       5490.0000      0.86317157
       5491.0000      0.86220843
       5492.0000      0.86122422
       5493.0000      0.86021989
       5494.0000      0.85919716
       5495.0000      0.85815834
       5496.0000      0.85710622
       5497.0000      0.85604391
       5498.0000      0.85497461
       5499.0000      0.85390157
       5500.0000      0.85282770
       5501.0000      0.85176291
       5502.0000      0.85070168
       5503.0000      0.84964526
       5504.0000      0.84859420
       5505.0000      0.84754841
       5506.0000      0.84650719
       5507.0000      0.84546933
       5508.0000      0.84443327
       5509.0000      0.84339720
       5510.0000      0.84235919
       5511.0000      0.84131733
       5512.0000      0.84026985
       5513.0000      0.83921521
       5514.0000      0.83815217
       5515.0000      0.83707991
       5516.0000      0.83599801
       5517.0000      0.83490652
       5518.0000      0.83380588
       5519.0000      0.83269702
       5520.0000      0.83158133
       5521.0000      0.83046053
       5522.0000      0.82933675
       5523.0000      0.82821228
       5524.0000      0.82708959
       5525.0000      0.82597111
       5526.0000      0.82485915
       5527.0000      0.82375574
       5528.0000      0.82266248
       5529.0000      0.82158045
       5530.0000      0.82051006
       5531.0000      0.81945103
       5532.0000      0.81840237
       5533.0000      0.81736237
       5534.0000      0.81632874
       5535.0000      0.81529866
       5536.0000      0.81426906
       5537.0000      0.81323670
       5538.0000      0.81219850
       5539.0000      0.81115168
       5540.0000      0.81009399
       5541.0000      0.80902382
       5542.0000      0.80794027
       5543.0000      0.80684313
       5544.0000      0.80573292
       5545.0000      0.80461076
       5546.0000      0.80347829
       5547.0000      0.80233743
       5548.0000      0.80119035
       5549.0000      0.80003914
       5550.0000      0.79888586
       5551.0000      0.79772657
       5552.0000      0.79656842
       5553.0000      0.79541255
       5554.0000      0.79425968
       5555.0000      0.79311017
       5556.0000      0.79196403
       5557.0000      0.79082098
       5558.0000      0.78968044
       5559.0000      0.78854164
       5560.0000      0.78740361
       5561.0000      0.78626527
       5562.0000      0.78512550
       5563.0000      0.78398309
       5564.0000      0.78283689
       5565.0000      0.78168567
       5566.0000      0.78052841
       5567.0000      0.77936423
       5568.0000      0.77819253
       5569.0000      0.77701302
       5570.0000      0.77582571
       5571.0000      0.77463095
       5572.0000      0.77342936
       5573.0000      0.77222186
       5574.0000      0.77100958
       5575.0000      0.76979376
       5576.0000      0.76857561
       5577.0000      0.76735627
       5578.0000      0.76613664
       5579.0000      0.76491738
       5580.0000      0.76369887
       5581.0000      0.76248113
       5582.0000      0.76126382
       5583.0000      0.76004628
       5584.0000      0.75882760
       5585.0000      0.75760658
       5586.0000      0.75638191
       5587.0000      0.75515211
       5588.0000      0.75391577
       5589.0000      0.75267150
       5590.0000      0.75141816
       5591.0000      0.75015477
       5592.0000      0.74888057
       5593.0000      0.74759506
       5594.0000      0.74629795
       5595.0000      0.74498922
       5596.0000      0.74366900
       5597.0000      0.74233764
       5598.0000      0.74099559
       5599.0000      0.73964340
       5600.0000      0.73828164
       5601.0000      0.73689504
       5602.0000      0.73550012
       5603.0000      0.73409739
       5604.0000      0.73268741
       5605.0000      0.73127069
       5606.0000      0.72984778
       5607.0000      0.72841929
       5608.0000      0.72698598
       5609.0000      0.72554877
       5610.0000      0.72410876
       5611.0000      0.72266727
       5612.0000      0.72122580
       5613.0000      0.71978606
       5614.0000      0.71834982
       5615.0000      0.71691895
       5616.0000      0.71549524
       5617.0000      0.71408041
       5618.0000      0.71267596
       5619.0000      0.71128315
       5620.0000      0.70990290
       5621.0000      0.70853576
       5622.0000      0.70718190
       5623.0000      0.70584108
       5624.0000      0.70451269
       5625.0000      0.70319577
       5626.0000      0.70188905
       5627.0000      0.70059093
       5628.0000      0.69929957
       5629.0000      0.69801294
       5630.0000      0.69672893
       5631.0000      0.69544535
       5632.0000      0.69416002
       5633.0000      0.69287075
       5634.0000      0.69157540
       5635.0000      0.69027194
       5636.0000      0.68895861
       5637.0000      0.68763384
       5638.0000      0.68629636
       5639.0000      0.68494528
       5640.0000      0.68358001
       5641.0000      0.68220037
       5642.0000      0.68080656
       5643.0000      0.67939921
       5644.0000      0.67797936
       5645.0000      0.67654837
       5646.0000      0.67510781
       5647.0000      0.67365947
       5648.0000      0.67220523
       5649.0000      0.67074699
       5650.0000      0.66928661
       5651.0000      0.66779707
       5652.0000      0.66630881
       5653.0000      0.66482319
       5654.0000      0.66334129
       5655.0000      0.66186391
       5656.0000      0.66039156
       5657.0000      0.65892452
       5658.0000      0.65746280
       5659.0000      0.65600628
       5660.0000      0.65455462
       5661.0000      0.65310734
       5662.0000      0.65166380
       5663.0000      0.65022322
       5664.0000      0.64878473
       5665.0000      0.64734734
       5666.0000      0.64591000
       5667.0000      0.64447159
       5668.0000      0.64303090
       5669.0000      0.64158675
       5670.0000      0.64013796
       5671.0000      0.63868348
       5672.0000      0.63722240
       5673.0000      0.63575406
       5674.0000      0.63427804
       5675.0000      0.63279419
       5676.0000      0.63130267
       5677.0000      0.62980397
       5678.0000      0.62829885
       5679.0000      0.62678834
       5680.0000      0.62527365
       5681.0000      0.62375613
       5682.0000      0.62223720
       5683.0000      0.62071828
       5684.0000      0.61920068
       5685.0000      0.61768559
       5686.0000      0.61617398
       5687.0000      0.61466659
       5688.0000      0.61316383
       5689.0000      0.61166585
       5690.0000      0.61017250
       5691.0000      0.60868337
       5692.0000      0.60719786
       5693.0000      0.60571523
       5694.0000      0.60423470
       5695.0000      0.60275549
       5696.0000      0.60127696
       5697.0000      0.59979861
       5698.0000      0.59832017
       5699.0000      0.59684166
       5700.0000      0.59536344
       5701.0000      0.59392593
       5702.0000      0.59248981
       5703.0000      0.59105589
       5704.0000      0.58962496
       5705.0000      0.58819767
       5706.0000      0.58677450
       5707.0000      0.58535554
       5708.0000      0.58394057
       5709.0000      0.58252886
       5710.0000      0.58111928
       5711.0000      0.57971030
       5712.0000      0.57830007
       5713.0000      0.57688646
       5714.0000      0.57546725
       5715.0000      0.57404015
       5716.0000      0.57260298
       5717.0000      0.57115377
       5718.0000      0.56969074
       5719.0000      0.56821256
       5720.0000      0.56671823
       5721.0000      0.56520726
       5722.0000      0.56367960
       5723.0000      0.56213572
       5724.0000      0.56057655
       5725.0000      0.55900343
       5726.0000      0.55741809
       5727.0000      0.55582259
       5728.0000      0.55421928
       5729.0000      0.55261065
       5730.0000      0.55099927
       5731.0000      0.54938760
       5732.0000      0.54777793
       5733.0000      0.54617227
       5734.0000      0.54457223
       5735.0000      0.54297902
       5736.0000      0.54139333
       5737.0000      0.53981529
       5738.0000      0.53824450
       5739.0000      0.53668010
       5740.0000      0.53512085
       5741.0000      0.53356517
       5742.0000      0.53201137
       5743.0000      0.53045766
       5744.0000      0.52890235
       5745.0000      0.52734400
       5746.0000      0.52578145
       5747.0000      0.52421397
       5748.0000      0.52264133
       5749.0000      0.52106379
       5750.0000      0.51948207
       5751.0000      0.51792599
       5752.0000      0.51636828
       5753.0000      0.51481073
       5754.0000      0.51325527
       5755.0000      0.51170382
       5756.0000      0.51015817
       5757.0000      0.50861986
       5758.0000      0.50709008
       5759.0000      0.50556959
       5760.0000      0.50405870
       5761.0000      0.50255724
       5762.0000      0.50106466
       5763.0000      0.49958001
       5764.0000      0.49810212
       5765.0000      0.49662955
       5766.0000      0.49516083
       5767.0000      0.49369450
       5768.0000      0.49222921
       5769.0000      0.49076386
       5770.0000      0.48929762
       5771.0000      0.48782997
       5772.0000      0.48636073
       5773.0000      0.48489006
       5774.0000      0.48341842
       5775.0000      0.48194656
       5776.0000      0.48047544
       5777.0000      0.47900621
       5778.0000      0.47754009
       5779.0000      0.47607832
       5780.0000      0.47462205
       5781.0000      0.47317229
       5782.0000      0.47172978
       5783.0000      0.47029503
       5784.0000      0.46886819
       5785.0000      0.46744906
       5786.0000      0.46603713
       5787.0000      0.46463152
       5788.0000      0.46323106
       5789.0000      0.46183434
       5790.0000      0.46043980
       5791.0000      0.45904577
       5792.0000      0.45765062
       5793.0000      0.45625275
       5794.0000      0.45485069
       5795.0000      0.45344315
       5796.0000      0.45202901
       5797.0000      0.45060743
       5798.0000      0.44917776
       5799.0000      0.44773962
       5800.0000      0.44629282
       5801.0000      0.44483650
       5802.0000      0.44337178
       5803.0000      0.44189909
       5804.0000      0.44041900
       5805.0000      0.43893230
       5806.0000      0.43743992
       5807.0000      0.43594299
       5808.0000      0.43444276
       5809.0000      0.43294057
       5810.0000      0.43143787
       5811.0000      0.42993607
       5812.0000      0.42843657
       5813.0000      0.42694065
       5814.0000      0.42544941
       5815.0000      0.42396368
       5816.0000      0.42248400
       5817.0000      0.42101059
       5818.0000      0.41954330
       5819.0000      0.41808160
       5820.0000      0.41662468
       5821.0000      0.41517143
       5822.0000      0.41372056
       5823.0000      0.41227067
       5824.0000      0.41082031
       5825.0000      0.40936806
       5826.0000      0.40791268
       5827.0000      0.40645304
       5828.0000      0.40498827
       5829.0000      0.40351774
       5830.0000      0.40204109
       5831.0000      0.40055824
       5832.0000      0.39906937
       5833.0000      0.39757488
       5834.0000      0.39607542
       5835.0000      0.39457175
       5836.0000      0.39306478
       5837.0000      0.39155553
       5838.0000      0.39004503
       5839.0000      0.38853436
       5840.0000      0.38702457
       5841.0000      0.38551670
       5842.0000      0.38401171
       5843.0000      0.38251047
       5844.0000      0.38101374
       5845.0000      0.37952215
       5846.0000      0.37803621
       5847.0000      0.37655632
       5848.0000      0.37508280
       5849.0000      0.37361581
       5850.0000      0.37215540
       5851.0000      0.37069368
       5852.0000      0.36923844
       5853.0000      0.36778955
       5854.0000      0.36634680
       5855.0000      0.36491003
       5856.0000      0.36347900
       5857.0000      0.36205353
       5858.0000      0.36063340
       5859.0000      0.35921843
       5860.0000      0.35780841
       5861.0000      0.35640314
       5862.0000      0.35500240
       5863.0000      0.35360592
       5864.0000      0.35221340
       5865.0000      0.35082451
       5866.0000      0.34943887
       5867.0000      0.34805606
       5868.0000      0.34667563
       5869.0000      0.34529709
       5870.0000      0.34391998
       5871.0000      0.34254379
       5872.0000      0.34116805
       5873.0000      0.33979234
       5874.0000      0.33841626
       5875.0000      0.33703951
       5876.0000      0.33566187
       5877.0000      0.33428326
       5878.0000      0.33290366
       5879.0000      0.33152324
       5880.0000      0.33014227
       5881.0000      0.32876118
       5882.0000      0.32738051
       5883.0000      0.32600095
       5884.0000      0.32462328
       5885.0000      0.32324844
       5886.0000      0.32187733
       5887.0000      0.32051090
       5888.0000      0.31914994
       5889.0000      0.31779517
       5890.0000      0.31644705
       5891.0000      0.31510583
       5892.0000      0.31377154
       5893.0000      0.31244388
       5894.0000      0.31112234
       5895.0000      0.30980613
       5896.0000      0.30849426
       5897.0000      0.30718564
       5898.0000      0.30587904
       5899.0000      0.30457324
       5900.0000      0.30326706
       5901.0000      0.30194792
       5902.0000      0.30062652
       5903.0000      0.29930217
       5904.0000      0.29797439
       5905.0000      0.29664296
       5906.0000      0.29530790
       5907.0000      0.29396950
       5908.0000      0.29262828
       5909.0000      0.29128495
       5910.0000      0.28994046
       5911.0000      0.28859586
       5912.0000      0.28725235
       5913.0000      0.28591116
       5914.0000      0.28457353
       5915.0000      0.28324068
       5916.0000      0.28191374
       5917.0000      0.28059370
       5918.0000      0.27928138
       5919.0000      0.27797735
       5920.0000      0.27668191
       5921.0000      0.27539512
       5922.0000      0.27411679
       5923.0000      0.27284649
       5924.0000      0.27158360
       5925.0000      0.27032736
       5926.0000      0.26907692
       5927.0000      0.26783136
       5928.0000      0.26658985
       5929.0000      0.26535165
       5930.0000      0.26411613
       5931.0000      0.26288283
       5932.0000      0.26165144
       5933.0000      0.26042180
       5934.0000      0.25919389
       5935.0000      0.25796784
       5936.0000      0.25674385
       5937.0000      0.25552217
       5938.0000      0.25430307
       5939.0000      0.25308674
       5940.0000      0.25187334
       5941.0000      0.25066293
       5942.0000      0.24945544
       5943.0000      0.24825074
       5944.0000      0.24704862
       5945.0000      0.24584876
       5946.0000      0.24465084
       5947.0000      0.24345452
       5948.0000      0.24225945
       5949.0000      0.24106537
       5950.0000      0.23987203
       5951.0000      0.23866441
       5952.0000      0.23745740
       5953.0000      0.23625100
       5954.0000      0.23504529
       5955.0000      0.23384045
       5956.0000      0.23263672
       5957.0000      0.23143440
       5958.0000      0.23023383
       5959.0000      0.22903538
       5960.0000      0.22783942
       5961.0000      0.22664628
       5962.0000      0.22545632
       5963.0000      0.22426978
       5964.0000      0.22308689
       5965.0000      0.22190777
       5966.0000      0.22073243
       5967.0000      0.21956081
       5968.0000      0.21839273
       5969.0000      0.21722796
       5970.0000      0.21606621
       5971.0000      0.21490716
       5972.0000      0.21375052
       5973.0000      0.21259598
       5974.0000      0.21144331
       5975.0000      0.21029235
       5976.0000      0.20914302
       5977.0000      0.20799535
       5978.0000      0.20684947
       5979.0000      0.20570560
       5980.0000      0.20456407
       5981.0000      0.20342533
       5982.0000      0.20228993
       5983.0000      0.20115852
       5984.0000      0.20003184
       5985.0000      0.19891068
       5986.0000      0.19779591
       5987.0000      0.19668847
       5988.0000      0.19558928
       5989.0000      0.19449926
       5990.0000      0.19341925
       5991.0000      0.19234997
       5992.0000      0.19129195
       5993.0000      0.19024552
       5994.0000      0.18921074
       5995.0000      0.18818739
       5996.0000      0.18717492
       5997.0000      0.18617256
       5998.0000      0.18517925
       5999.0000      0.18419374
       6000.0000      0.18321466
       6001.0000      0.18225114
       6002.0000      0.18129095
       6003.0000      0.18033268
       6004.0000      0.17937501
       6005.0000      0.17841686
       6006.0000      0.17745731
       6007.0000      0.17649574
       6008.0000      0.17553176
       6009.0000      0.17456524
       6010.0000      0.17359629
       6011.0000      0.17262522
       6012.0000      0.17165253
       6013.0000      0.17067883
       6014.0000      0.16970485
       6015.0000      0.16873136
       6016.0000      0.16775917
       6017.0000      0.16678902
       6018.0000      0.16582167
       6019.0000      0.16485777
       6020.0000      0.16389786
       6021.0000      0.16294242
       6022.0000      0.16199182
       6023.0000      0.16104631
       6024.0000      0.16010610
       6025.0000      0.15917127
       6026.0000      0.15824191
       6027.0000      0.15731803
       6028.0000      0.15639959
       6029.0000      0.15548655
       6030.0000      0.15457881
       6031.0000      0.15367626
       6032.0000      0.15277870
       6033.0000      0.15188596
       6034.0000      0.15099773
       6035.0000      0.15011367
       6036.0000      0.14923335
       6037.0000      0.14835627
       6038.0000      0.14748189
       6039.0000      0.14660963
       6040.0000      0.14573895
       6041.0000      0.14486930
       6042.0000      0.14400027
       6043.0000      0.14313151
       6044.0000      0.14226284
       6045.0000      0.14139425
       6046.0000      0.14052586
       6047.0000      0.13965796
       6048.0000      0.13879097
       6049.0000      0.13792537
       6050.0000      0.13706172
       6051.0000      0.13620746
       6052.0000      0.13535617
       6053.0000      0.13450833
       6054.0000      0.13366427
       6055.0000      0.13282423
       6056.0000      0.13198829
       6057.0000      0.13115642
       6058.0000      0.13032852
       6059.0000      0.12950439
       6060.0000      0.12868385
       6061.0000      0.12786669
       6062.0000      0.12705277
       6063.0000      0.12624205
       6064.0000      0.12543459
       6065.0000      0.12463058
       6066.0000      0.12383032
       6067.0000      0.12303422
       6068.0000      0.12224274
       6069.0000      0.12145641
       6070.0000      0.12067572
       6071.0000      0.11990114
       6072.0000      0.11913305
       6073.0000      0.11837166
       6074.0000      0.11761708
       6075.0000      0.11686921
       6076.0000      0.11612781
       6077.0000      0.11539243
       6078.0000      0.11466251
       6079.0000      0.11393736
       6080.0000      0.11321623
       6081.0000      0.11249830
       6082.0000      0.11178278
       6083.0000      0.11106886
       6084.0000      0.11035586
       6085.0000      0.10964316
       6086.0000      0.10893025
       6087.0000      0.10821678
       6088.0000      0.10750248
       6089.0000      0.10678727
       6090.0000      0.10607114
       6091.0000      0.10535421
       6092.0000      0.10463665
       6093.0000      0.10391877
       6094.0000      0.10320089
       6095.0000      0.10248340
       6096.0000      0.10176675
       6097.0000      0.10105144
       6098.0000      0.10033797
       6099.0000     0.099626921
       6100.0000     0.098918874
       6101.0000     0.098214948
       6102.0000     0.097515260
       6103.0000     0.096820470
       6104.0000     0.096131190
       6105.0000     0.095448045
       6106.0000     0.094771586
       6107.0000     0.094102302
       6108.0000     0.093440580
       6109.0000     0.092786698
       6110.0000     0.092140804
       6111.0000     0.091502908
       6112.0000     0.090872876
       6113.0000     0.090250437
       6114.0000     0.089635189
       6115.0000     0.089026615
       6116.0000     0.088424104
       6117.0000     0.087826969
       6118.0000     0.087234479
       6119.0000     0.086645892
       6120.0000     0.086060474
       6121.0000     0.085477536
       6122.0000     0.084896450
       6123.0000     0.084316668
       6124.0000     0.083737731
       6125.0000     0.083159288
       6126.0000     0.082581088
       6127.0000     0.082002987
       6128.0000     0.081424938
       6129.0000     0.080846985
       6130.0000     0.080269255
       6131.0000     0.079691937
       6132.0000     0.079115275
       6133.0000     0.078539557
       6134.0000     0.077965102
       6135.0000     0.077392250
       6136.0000     0.076821361
       6137.0000     0.076252810
       6138.0000     0.075686986
       6139.0000     0.075124287
       6140.0000     0.074565122
       6141.0000     0.074009902
       6142.0000     0.073459033
       6143.0000     0.072912904
       6144.0000     0.072371875
       6145.0000     0.071836262
       6146.0000     0.071306318
       6147.0000     0.070782211
       6148.0000     0.070264011
       6149.0000     0.069751676
       6150.0000     0.069245048
       6151.0000     0.068744205
       6152.0000     0.068248400
       6153.0000     0.067757153
       6154.0000     0.067269912
       6155.0000     0.066786078
       6156.0000     0.066305037
       6157.0000     0.065826190
       6158.0000     0.065348974
       6159.0000     0.064872896
       6160.0000     0.064397537
       6161.0000     0.063922573
       6162.0000     0.063447772
       6163.0000     0.062973002
       6164.0000     0.062498224
       6165.0000     0.062023486
       6166.0000     0.061548910
       6167.0000     0.061074685
       6168.0000     0.060601057
       6169.0000     0.060128315
       6170.0000     0.059656786
       6171.0000     0.059186821
       6172.0000     0.058718784
       6173.0000     0.058253043
       6174.0000     0.057789957
       6175.0000     0.057329868
       6176.0000     0.056873085
       6177.0000     0.056419884
       6178.0000     0.055970484
       6179.0000     0.055525057
       6180.0000     0.055083706
       6181.0000     0.054646482
       6182.0000     0.054213376
       6183.0000     0.053784340
       6184.0000     0.053359285
       6185.0000     0.052938103
       6186.0000     0.052520671
       6187.0000     0.052106868
       6188.0000     0.051696584
       6189.0000     0.051289724
       6190.0000     0.050886211
       6191.0000     0.050485984
       6192.0000     0.050088991
       6193.0000     0.049695178
       6194.0000     0.049304476
       6195.0000     0.048916780
       6196.0000     0.048531943
       6197.0000     0.048149763
       6198.0000     0.047769980
       6199.0000     0.047392281
       6200.0000     0.047016308
       6201.0000     0.046641472
       6202.0000     0.046267596
       6203.0000     0.045894321
       6204.0000     0.045521342
       6205.0000     0.045148445
       6206.0000     0.044775526
       6207.0000     0.044402615
       6208.0000     0.044029886
       6209.0000     0.043657651
       6210.0000     0.043286361
       6211.0000     0.042916569
       6212.0000     0.042548909
       6213.0000     0.042184055
       6214.0000     0.041822680
       6215.0000     0.041465413
       6216.0000     0.041112798
       6217.0000     0.040765260
       6218.0000     0.040423079
       6219.0000     0.040086376
       6220.0000     0.039755117
       6221.0000     0.039429109
       6222.0000     0.039108035
       6223.0000     0.038791464
       6224.0000     0.038478892
       6225.0000     0.038169766
       6226.0000     0.037863525
       6227.0000     0.037559614
       6228.0000     0.037257523
       6229.0000     0.036956795
       6230.0000     0.036657039
       6231.0000     0.036357936
       6232.0000     0.036059240
       6233.0000     0.035760767
       6234.0000     0.035462397
       6235.0000     0.035164050
       6236.0000     0.034865689
       6237.0000     0.034567307
       6238.0000     0.034268919
       6239.0000     0.033970560
       6240.0000     0.033672283
       6241.0000     0.033374157
       6242.0000     0.033076272
       6243.0000     0.032778737
       6244.0000     0.032481685
       6245.0000     0.032185273
       6246.0000     0.031889687
       6247.0000     0.031595138
       6248.0000     0.031301857
       6249.0000     0.031010092
       6250.0000     0.030720102
       6251.0000     0.030431871
       6252.0000     0.030145947
       6253.0000     0.029862583
       6254.0000     0.029582014
       6255.0000     0.029304448
       6256.0000     0.029030064
       6257.0000     0.028759002
       6258.0000     0.028491361
       6259.0000     0.028227198
       6260.0000     0.027966526
       6261.0000     0.027709317
       6262.0000     0.027455507
       6263.0000     0.027204995
       6264.0000     0.026957654
       6265.0000     0.026713339
       6266.0000     0.026471885
       6267.0000     0.026233121
       6268.0000     0.025996868
       6269.0000     0.025762952
       6270.0000     0.025531210
       6271.0000     0.025301484
       6272.0000     0.025073637
       6273.0000     0.024847542
       6274.0000     0.024623090
       6275.0000     0.024400180
       6276.0000     0.024178724
       6277.0000     0.023958637
       6278.0000     0.023739839
       6279.0000     0.023522259
       6280.0000     0.023305829
       6281.0000     0.023090494
       6282.0000     0.022876210
       6283.0000     0.022662949
       6284.0000     0.022450704
       6285.0000     0.022239491
       6286.0000     0.022029345
       6287.0000     0.021820330
       6288.0000     0.021612530
       6289.0000     0.021406049
       6290.0000     0.021201006
       6291.0000     0.020997533
       6292.0000     0.020795760
       6293.0000     0.020595823
       6294.0000     0.020397846
       6295.0000     0.020201940
       6296.0000     0.020008195
       6297.0000     0.019816679
       6298.0000     0.019627430
       6299.0000     0.019440462
       6300.0000     0.019255757
       6301.0000     0.019073231
       6302.0000     0.018892859
       6303.0000     0.018714552
       6304.0000     0.018538203
       6305.0000     0.018363686
       6306.0000     0.018190865
       6307.0000     0.018019594
       6308.0000     0.017849719
       6309.0000     0.017681082
       6310.0000     0.017513529
       6311.0000     0.017346918
       6312.0000     0.017181119
       6313.0000     0.017016027
       6314.0000     0.016851553
       6315.0000     0.016687637
       6316.0000     0.016524244
       6317.0000     0.016361365
       6318.0000     0.016199023
       6319.0000     0.016037266
       6320.0000     0.015876168
       6321.0000     0.015715828
       6322.0000     0.015556365
       6323.0000     0.015397914
       6324.0000     0.015240624
       6325.0000     0.015084651
       6326.0000     0.014930155
       6327.0000     0.014777292
       6328.0000     0.014626213
       6329.0000     0.014477053
       6330.0000     0.014329929
       6331.0000     0.014184937
       6332.0000     0.014042142
       6333.0000     0.013901580
       6334.0000     0.013763254
       6335.0000     0.013627133
       6336.0000     0.013493150
       6337.0000     0.013361207
       6338.0000     0.013231174
       6339.0000     0.013102901
       6340.0000     0.012976223
       6341.0000     0.012850965
       6342.0000     0.012726952
       6343.0000     0.012604015
       6344.0000     0.012481989
       6345.0000     0.012360727
       6346.0000     0.012240089
       6347.0000     0.012119946
       6348.0000     0.012000183
       6349.0000     0.011880696
       6350.0000     0.011761390
       6351.0000     0.011642243
       6352.0000     0.011523127
       6353.0000     0.011403990
       6354.0000     0.011284800
       6355.0000     0.011165547
       6356.0000     0.011046245
       6357.0000     0.010926937
       6358.0000     0.010807694
       6359.0000     0.010688616
       6360.0000     0.010569829
       6361.0000     0.010451481
       6362.0000     0.010333731
       6363.0000     0.010216744
       6364.0000     0.010100681
       6365.0000    0.0099856805
       6366.0000    0.0098718636
       6367.0000    0.0097593151
       6368.0000    0.0096480867
       6369.0000    0.0095381926
       6370.0000    0.0094296151
       6371.0000    0.0093223076
       6372.0000    0.0092162035
       6373.0000    0.0091112261
       6374.0000    0.0090072982
       6375.0000    0.0089043510
       6376.0000    0.0088023335
       6377.0000    0.0087012167
       6378.0000    0.0086009978
       6379.0000    0.0085016992
       6380.0000    0.0084033665
       6381.0000    0.0083060627
       6382.0000    0.0082098617
       6383.0000    0.0081148399
       6384.0000    0.0080210680
       6385.0000    0.0079286045
       6386.0000    0.0078374900
       6387.0000    0.0077477440
       6388.0000    0.0076593638
       6389.0000    0.0075723244
       6390.0000    0.0074865806
       6391.0000    0.0074020720
       6392.0000    0.0073187270
       6393.0000    0.0072364695
       6394.0000    0.0071552230
       6395.0000    0.0070749151
       6396.0000    0.0069954787
       6397.0000    0.0069168542
       6398.0000    0.0068389901
       6399.0000    0.0067618427
       6400.0000    0.0066853760
       6401.0000    0.0066095467
       6402.0000    0.0065343450
       6403.0000    0.0064597518
       6404.0000    0.0063857537
       6405.0000    0.0063123430
       6406.0000    0.0062395190
       6407.0000    0.0061672881
       6408.0000    0.0060956643
       6409.0000    0.0060246692
       6410.0000    0.0059543313
       6411.0000    0.0058846851
       6412.0000    0.0058157699
       6413.0000    0.0057476270
       6414.0000    0.0056802966
       6415.0000    0.0056138155
       6416.0000    0.0055482139
       6417.0000    0.0054835125
       6418.0000    0.0054197193
       6419.0000    0.0053568283
       6420.0000    0.0052948196
       6421.0000    0.0052336603
       6422.0000    0.0051733061
       6423.0000    0.0051137026
       6424.0000    0.0050547882
       6425.0000    0.0049964964
       6426.0000    0.0049387598
       6427.0000    0.0048815109
       6428.0000    0.0048246859
       6429.0000    0.0047682266
       6430.0000    0.0047120833
       6431.0000    0.0046562164
       6432.0000    0.0046005961
       6433.0000    0.0045452032
       6434.0000    0.0044900270
       6435.0000    0.0044350642
       6436.0000    0.0043803180
       6437.0000    0.0043257957
       6438.0000    0.0042715078
       6439.0000    0.0042174643
       6440.0000    0.0041636734
       6441.0000    0.0041101401
       6442.0000    0.0040568667
       6443.0000    0.0040038528
       6444.0000    0.0039510964
       6445.0000    0.0038985972
       6446.0000    0.0038463604
       6447.0000    0.0037943996
       6448.0000    0.0037427395
       6449.0000    0.0036914174
       6450.0000    0.0036404848
       6451.0000    0.0035900003
       6452.0000    0.0035400527
       6453.0000    0.0034907352
       6454.0000    0.0034421509
       6455.0000    0.0033944097
       6456.0000    0.0033476229
       6457.0000    0.0033018983
       6458.0000    0.0032573337
       6459.0000    0.0032140106
       6460.0000    0.0031719886
       6461.0000    0.0031313009
       6462.0000    0.0030919491
       6463.0000    0.0030539014
       6464.0000    0.0030170914
       6465.0000    0.0029814193
       6466.0000    0.0029467548
       6467.0000    0.0029129425
       6468.0000    0.0028798090
       6469.0000    0.0028471710
       6470.0000    0.0028148443
       6471.0000    0.0027826518
       6472.0000    0.0027504326
       6473.0000    0.0027180508
       6474.0000    0.0026854035
       6475.0000    0.0026524249
       6476.0000    0.0026190889
       6477.0000    0.0025854075
       6478.0000    0.0025514268
       6479.0000    0.0025172213
       6480.0000    0.0024828870
       6481.0000    0.0024485322
       6482.0000    0.0024142689
       6483.0000    0.0023802049
       6484.0000    0.0023464357
       6485.0000    0.0023130398
       6486.0000    0.0022800753
       6487.0000    0.0022475784
       6488.0000    0.0022155649
       6489.0000    0.0021840312
       6490.0000    0.0021529574
       6491.0000    0.0021223118
       6492.0000    0.0020920554
       6493.0000    0.0020621473
       6494.0000    0.0020325490
       6495.0000    0.0020032275
       6496.0000    0.0019741584
       6497.0000    0.0019453269
       6498.0000    0.0019167295
       6499.0000    0.0018883731
       6500.0000    0.0018602750
       6501.0000    0.0018324319
       6502.0000    0.0018049053
       6503.0000    0.0017777295
       6504.0000    0.0017509391
       6505.0000    0.0017245671
       6506.0000    0.0016986425
       6507.0000    0.0016732433
       6508.0000    0.0016483714
       6509.0000    0.0016240494
       6510.0000    0.0016002915
       6511.0000    0.0015771049
       6512.0000    0.0015544875
       6513.0000    0.0015324292
       6514.0000    0.0015109118
       6515.0000    0.0014899101
       6516.0000    0.0014693931
       6517.0000    0.0014493239
       6518.0000    0.0014296605
       6519.0000    0.0014103561
       6520.0000    0.0013913601
       6521.0000    0.0013726193
       6522.0000    0.0013540785
       6523.0000    0.0013356827
       6524.0000    0.0013173781
       6525.0000    0.0012991142
       6526.0000    0.0012808445
       6527.0000    0.0012625292
       6528.0000    0.0012441352
       6529.0000    0.0012256375
       6530.0000    0.0012070195
       6531.0000    0.0011882732
       6532.0000    0.0011693995
       6533.0000    0.0011504067
       6534.0000    0.0011313088
       6535.0000    0.0011121243
       6536.0000    0.0010928753
       6537.0000    0.0010735867
       6538.0000    0.0010542870
       6539.0000       0.0000000
