      3480.00       0.0000000
      3481.00    0.0032360927
      3482.00    0.0035550732
      3483.00    0.0038988631
      3484.00    0.0042686733
      3485.00    0.0046657554
      3486.00    0.0050896925
      3487.00    0.0055412324
      3488.00    0.0060209565
      3489.00    0.0065278176
      3490.00    0.0070617778
      3491.00    0.0076227177
      3492.00    0.0082086124
      3493.00    0.0088186956
      3494.00    0.0094514834
      3495.00     0.010106083
      3496.00     0.010779186
      3497.00     0.011469428
      3498.00     0.012176017
      3499.00     0.012894453
      3500.00     0.013623654
      3501.00     0.014362591
      3502.00     0.015107305
      3503.00     0.015856835
      3504.00     0.016610488
      3505.00     0.017364936
      3506.00     0.018119710
      3507.00     0.018874966
      3508.00     0.019627639
      3509.00     0.020378128
      3510.00     0.021127703
      3511.00     0.021873192
      3512.00     0.022615985
      3513.00     0.023357794
      3514.00     0.024096269
      3515.00     0.024833163
      3516.00     0.025569110
      3517.00     0.026306470
      3518.00     0.027043124
      3519.00     0.027781315
      3520.00     0.028523555
      3521.00     0.029267949
      3522.00     0.030016792
      3523.00     0.030772813
      3524.00     0.031533824
      3525.00     0.032302225
      3526.00     0.033080417
      3527.00     0.033866556
      3528.00     0.034662702
      3529.00     0.035471417
      3530.00     0.036290084
      3531.00     0.037120824
      3532.00     0.037965854
      3533.00     0.038822543
      3534.00     0.039692649
      3535.00     0.040578123
      3536.00     0.041476078
      3537.00     0.042387993
      3538.00     0.043313862
      3539.00     0.044255962
      3540.00     0.045209788
      3541.00     0.046177053
      3542.00     0.047158937
      3543.00     0.048152261
      3544.00     0.049157825
      3545.00     0.050176700
      3546.00     0.051205340
      3547.00     0.052244473
      3548.00     0.053294871
      3549.00     0.054353206
      3550.00     0.055419971
      3551.00     0.056495752
      3552.00     0.057577442
      3553.00     0.058665419
      3554.00     0.059760437
      3555.00     0.060859169
      3556.00     0.061962190
      3557.00     0.063070204
      3558.00     0.064180247
      3559.00     0.065292888
      3560.00     0.066407671
      3561.00     0.067526263
      3562.00     0.068644478
      3563.00     0.069763774
      3564.00     0.070886115
      3565.00     0.072008674
      3566.00     0.073130138
      3567.00     0.074253770
      3568.00     0.075377633
      3569.00     0.076500499
      3570.00     0.077625045
      3571.00     0.078749107
      3572.00     0.079873775
      3573.00     0.081002137
      3574.00     0.082128458
      3575.00     0.083255754
      3576.00     0.084386373
      3577.00     0.085516340
      3578.00     0.086647639
      3579.00     0.087782407
      3580.00     0.088918000
      3581.00     0.090053877
      3582.00     0.091191299
      3583.00     0.092334262
      3584.00     0.093474982
      3585.00     0.094617150
      3586.00     0.095764569
      3587.00     0.096909417
      3588.00     0.098055340
      3589.00     0.099205602
      3590.00      0.10035294
      3591.00      0.10150069
      3592.00      0.10265212
      3593.00      0.10379995
      3594.00      0.10494733
      3595.00      0.10609787
      3596.00      0.10724362
      3597.00      0.10838809
      3598.00      0.10953303
      3599.00      0.11067588
      3600.00      0.11181514
      3601.00      0.11295422
      3602.00      0.11409054
      3603.00      0.11522316
      3604.00      0.11635340
      3605.00      0.11748478
      3606.00      0.11861050
      3607.00      0.11973414
      3608.00      0.12085983
      3609.00      0.12198014
      3610.00      0.12309933
      3611.00      0.12422125
      3612.00      0.12533973
      3613.00      0.12645868
      3614.00      0.12758251
      3615.00      0.12870452
      3616.00      0.12982924
      3617.00      0.13096209
      3618.00      0.13209499
      3619.00      0.13323341
      3620.00      0.13438030
      3621.00      0.13553500
      3622.00      0.13669620
      3623.00      0.13786911
      3624.00      0.13905313
      3625.00      0.14024698
      3626.00      0.14145390
      3627.00      0.14267917
      3628.00      0.14391549
      3629.00      0.14516800
      3630.00      0.14644188
      3631.00      0.14772962
      3632.00      0.14903617
      3633.00      0.15036624
      3634.00      0.15171261
      3635.00      0.15307971
      3636.00      0.15447165
      3637.00      0.15588131
      3638.00      0.15731267
      3639.00      0.15876983
      3640.00      0.16024485
      3641.00      0.16174148
      3642.00      0.16326200
      3643.00      0.16480257
      3644.00      0.16636218
      3645.00      0.16794423
      3646.00      0.16954441
      3647.00      0.17116147
      3648.00      0.17279589
      3649.00      0.17445043
      3650.00      0.17611657
      3651.00      0.17779677
      3652.00      0.17949332
      3653.00      0.18119783
      3654.00      0.18291253
      3655.00      0.18464068
      3656.00      0.18637190
      3657.00      0.18810927
      3658.00      0.18985642
      3659.00      0.19160217
      3660.00      0.19335008
      3661.00      0.19510371
      3662.00      0.19685229
      3663.00      0.19859942
      3664.00      0.20034882
      3665.00      0.20208989
      3666.00      0.20382652
      3667.00      0.20556009
      3668.00      0.20728725
      3669.00      0.20900603
      3670.00      0.21071762
      3671.00      0.21242610
      3672.00      0.21412227
      3673.00      0.21581038
      3674.00      0.21749498
      3675.00      0.21916682
      3676.00      0.22083065
      3677.00      0.22249092
      3678.00      0.22413953
      3679.00      0.22578111
      3680.00      0.22742009
      3681.00      0.22904929
      3682.00      0.23067316
      3683.00      0.23229667
      3684.00      0.23391217
      3685.00      0.23552465
      3686.00      0.23713925
      3687.00      0.23874829
      3688.00      0.24035696
      3689.00      0.24196837
      3690.00      0.24358144
      3691.00      0.24519466
      3692.00      0.24681127
      3693.00      0.24843641
      3694.00      0.25006258
      3695.00      0.25169483
      3696.00      0.25333883
      3697.00      0.25498583
      3698.00      0.25664133
      3699.00      0.25831054
      3700.00      0.25998532
      3701.00      0.26167067
      3702.00      0.26337149
      3703.00      0.26507957
      3704.00      0.26679972
      3705.00      0.26853646
      3706.00      0.27028175
      3707.00      0.27204000
      3708.00      0.27381507
      3709.00      0.27559967
      3710.00      0.27739754
      3711.00      0.27921073
      3712.00      0.28103748
      3713.00      0.28287439
      3714.00      0.28472391
      3715.00      0.28659049
      3716.00      0.28846423
      3717.00      0.29034940
      3718.00      0.29225029
      3719.00      0.29415670
      3720.00      0.29607286
      3721.00      0.29800290
      3722.00      0.29993631
      3723.00      0.30187735
      3724.00      0.30383031
      3725.00      0.30578399
      3726.00      0.30774278
      3727.00      0.30971040
      3728.00      0.31167646
      3729.00      0.31364492
      3730.00      0.31561873
      3731.00      0.31758900
      3732.00      0.31955891
      3733.00      0.32152994
      3734.00      0.32349862
      3735.00      0.32546212
      3736.00      0.32742421
      3737.00      0.32938207
      3738.00      0.33133187
      3739.00      0.33327570
      3740.00      0.33521771
      3741.00      0.33714756
      3742.00      0.33906978
      3743.00      0.34098794
      3744.00      0.34289345
      3745.00      0.34479024
      3746.00      0.34668179
      3747.00      0.34856037
      3748.00      0.35042969
      3749.00      0.35229336
      3750.00      0.35414401
      3751.00      0.35598552
      3752.00      0.35782169
      3753.00      0.35964542
      3754.00      0.36146065
      3755.00      0.36326937
      3756.00      0.36507069
      3757.00      0.36686244
      3758.00      0.36864916
      3759.00      0.37043029
      3760.00      0.37220251
      3761.00      0.37396928
      3762.00      0.37573609
      3763.00      0.37749368
      3764.00      0.37924745
      3765.00      0.38100226
      3766.00      0.38275005
      3767.00      0.38449565
      3768.00      0.38624376
      3769.00      0.38798633
      3770.00      0.38972814
      3771.00      0.39147360
      3772.00      0.39321503
      3773.00      0.39495694
      3774.00      0.39670378
      3775.00      0.39844734
      3776.00      0.40019233
      3777.00      0.40194039
      3778.00      0.40369120
      3779.00      0.40544152
      3780.00      0.40719521
      3781.00      0.40895222
      3782.00      0.41070907
      3783.00      0.41246832
      3784.00      0.41423373
      3785.00      0.41599762
      3786.00      0.41776397
      3787.00      0.41953623
      3788.00      0.42130721
      3789.00      0.42308044
      3790.00      0.42485988
      3791.00      0.42663716
      3792.00      0.42841645
      3793.00      0.43020171
      3794.00      0.43198445
      3795.00      0.43376891
      3796.00      0.43555881
      3797.00      0.43734608
      3798.00      0.43913468
      3799.00      0.44092605
      3800.00      0.44271909
      3801.00      0.44451088
      3802.00      0.44630529
      3803.00      0.44810106
      3804.00      0.44989518
      3805.00      0.45168987
      3806.00      0.45348961
      3807.00      0.45528505
      3808.00      0.45708082
      3809.00      0.45888040
      3810.00      0.46067645
      3811.00      0.46247261
      3812.00      0.46427209
      3813.00      0.46606792
      3814.00      0.46786345
      3815.00      0.46966210
      3816.00      0.47145659
      3817.00      0.47325027
      3818.00      0.47504687
      3819.00      0.47683829
      3820.00      0.47862826
      3821.00      0.48041843
      3822.00      0.48220767
      3823.00      0.48399169
      3824.00      0.48577467
      3825.00      0.48755512
      3826.00      0.48933053
      3827.00      0.49110240
      3828.00      0.49287305
      3829.00      0.49463654
      3830.00      0.49639539
      3831.00      0.49815209
      3832.00      0.49990022
      3833.00      0.50164253
      3834.00      0.50338151
      3835.00      0.50511094
      3836.00      0.50683357
      3837.00      0.50855209
      3838.00      0.51026007
      3839.00      0.51196054
      3840.00      0.51365652
      3841.00      0.51534146
      3842.00      0.51701865
      3843.00      0.51868985
      3844.00      0.52035358
      3845.00      0.52200797
      3846.00      0.52365643
      3847.00      0.52529890
      3848.00      0.52693268
      3849.00      0.52856054
      3850.00      0.53018630
      3851.00      0.53180372
      3852.00      0.53341697
      3853.00      0.53502944
      3854.00      0.53663628
      3855.00      0.53824106
      3856.00      0.53984799
      3857.00      0.54145105
      3858.00      0.54305464
      3859.00      0.54466227
      3860.00      0.54626907
      3861.00      0.54787875
      3862.00      0.54949547
      3863.00      0.55111307
      3864.00      0.55273575
      3865.00      0.55436534
      3866.00      0.55600138
      3867.00      0.55764257
      3868.00      0.55929220
      3869.00      0.56094930
      3870.00      0.56261233
      3871.00      0.56428306
      3872.00      0.56596432
      3873.00      0.56765011
      3874.00      0.56934327
      3875.00      0.57104652
      3876.00      0.57275333
      3877.00      0.57446631
      3878.00      0.57618744
      3879.00      0.57791081
      3880.00      0.57963841
      3881.00      0.58137214
      3882.00      0.58310579
      3883.00      0.58484124
      3884.00      0.58658044
      3885.00      0.58831652
      3886.00      0.59005154
      3887.00      0.59178574
      3888.00      0.59351740
      3889.00      0.59524331
      3890.00      0.59696554
      3891.00      0.59868255
      3892.00      0.60039107
      3893.00      0.60209216
      3894.00      0.60378717
      3895.00      0.60547120
      3896.00      0.60714572
      3897.00      0.60881288
      3898.00      0.61046671
      3899.00      0.61210964
      3900.00      0.61374511
      3901.00      0.61536540
      3902.00      0.61697421
      3903.00      0.61857362
      3904.00      0.62015931
      3905.00      0.62173356
      3906.00      0.62329912
      3907.00      0.62485115
      3908.00      0.62639245
      3909.00      0.62792691
      3910.00      0.62944787
      3911.00      0.63095939
      3912.00      0.63246268
      3913.00      0.63395859
      3914.00      0.63544474
      3915.00      0.63692365
      3916.00      0.63839781
      3917.00      0.63986393
      3918.00      0.64132461
      3919.00      0.64278279
      3920.00      0.64423438
      3921.00      0.64568242
      3922.00      0.64712973
      3923.00      0.64857240
      3924.00      0.65001329
      3925.00      0.65145552
      3926.00      0.65289437
      3927.00      0.65433293
      3928.00      0.65577386
      3929.00      0.65721331
      3930.00      0.65865376
      3931.00      0.66009699
      3932.00      0.66154081
      3933.00      0.66298677
      3934.00      0.66443592
      3935.00      0.66588779
      3936.00      0.66734171
      3937.00      0.66879876
      3938.00      0.67026078
      3939.00      0.67172453
      3940.00      0.67319189
      3941.00      0.67466537
      3942.00      0.67614023
      3943.00      0.67761896
      3944.00      0.67910414
      3945.00      0.68059069
      3946.00      0.68208124
      3947.00      0.68357866
      3948.00      0.68507699
      3949.00      0.68657906
      3950.00      0.68808717
      3951.00      0.68959615
      3952.00      0.69110840
      3953.00      0.69262607
      3954.00      0.69414393
      3955.00      0.69566422
      3956.00      0.69718780
      3957.00      0.69871307
      3958.00      0.70023832
      3959.00      0.70176432
      3960.00      0.70329228
      3961.00      0.70481805
      3962.00      0.70634288
      3963.00      0.70786851
      3964.00      0.70938951
      3965.00      0.71090766
      3966.00      0.71242485
      3967.00      0.71393512
      3968.00      0.71544036
      3969.00      0.71694187
      3970.00      0.71843469
      3971.00      0.71992027
      3972.00      0.72139961
      3973.00      0.72286847
      3974.00      0.72432800
      3975.00      0.72577992
      3976.00      0.72721893
      3977.00      0.72864681
      3978.00      0.73006455
      3979.00      0.73147028
      3980.00      0.73286243
      3981.00      0.73424312
      3982.00      0.73561126
      3983.00      0.73696545
      3984.00      0.73830695
      3985.00      0.73963782
      3986.00      0.74095441
      3987.00      0.74225900
      3988.00      0.74355316
      3989.00      0.74483486
      3990.00      0.74610600
      3991.00      0.74736820
      3992.00      0.74862030
      3993.00      0.74986413
      3994.00      0.75110108
      3995.00      0.75233092
      3996.00      0.75355539
      3997.00      0.75477750
      3998.00      0.75599444
      3999.00      0.75720932
      4000.00      0.75842454
      4001.00      0.75963748
      4002.00      0.76085069
      4003.00      0.76206687
      4004.00      0.76328755
      4005.00      0.76451169
      4006.00      0.76574158
      4007.00      0.76697987
      4008.00      0.76822404
      4009.00      0.76947672
      4010.00      0.77073996
      4011.00      0.77201153
      4012.00      0.77329348
      4013.00      0.77458763
      4014.00      0.77589165
      4015.00      0.77720704
      4016.00      0.77853598
      4017.00      0.77987444
      4018.00      0.78122431
      4019.00      0.78258674
      4020.00      0.78395867
      4021.00      0.78534107
      4022.00      0.78673381
      4023.00      0.78813650
      4024.00      0.78954646
      4025.00      0.79096450
      4026.00      0.79238967
      4027.00      0.79381957
      4028.00      0.79525395
      4029.00      0.79669341
      4030.00      0.79813323
      4031.00      0.79957384
      4032.00      0.80101558
      4033.00      0.80245371
      4034.00      0.80388856
      4035.00      0.80532012
      4036.00      0.80674377
      4037.00      0.80815971
      4038.00      0.80956760
      4039.00      0.81096357
      4040.00      0.81234739
      4041.00      0.81371936
      4042.00      0.81507473
      4043.00      0.81641398
      4044.00      0.81773652
      4045.00      0.81904071
      4046.00      0.82032434
      4047.00      0.82158798
      4048.00      0.82283106
      4049.00      0.82405023
      4050.00      0.82524660
      4051.00      0.82642085
      4052.00      0.82756994
      4053.00      0.82869501
      4054.00      0.82979650
      4055.00      0.83087335
      4056.00      0.83192635
      4057.00      0.83295651
      4058.00      0.83396276
      4059.00      0.83494656
      4060.00      0.83590919
      4061.00      0.83685013
      4062.00      0.83777122
      4063.00      0.83867492
      4064.00      0.83955938
      4065.00      0.84042745
      4066.00      0.84128102
      4067.00      0.84212145
      4068.00      0.84294874
      4069.00      0.84376593
      4070.00      0.84457386
      4071.00      0.84537410
      4072.00      0.84616846
      4073.00      0.84696080
      4074.00      0.84774820
      4075.00      0.84853427
      4076.00      0.84932223
      4077.00      0.85011025
      4078.00      0.85090105
      4079.00      0.85169610
      4080.00      0.85249609
      4081.00      0.85330218
      4082.00      0.85411626
      4083.00      0.85493700
      4084.00      0.85576612
      4085.00      0.85660631
      4086.00      0.85745374
      4087.00      0.85831091
      4088.00      0.85917829
      4089.00      0.86005632
      4090.00      0.86094297
      4091.00      0.86183934
      4092.00      0.86274574
      4093.00      0.86366028
      4094.00      0.86458330
      4095.00      0.86551543
      4096.00      0.86645378
      4097.00      0.86739885
      4098.00      0.86835088
      4099.00      0.86930704
      4100.00      0.87026755
      4101.00      0.87123314
      4102.00      0.87220008
      4103.00      0.87316903
      4104.00      0.87413996
      4105.00      0.87511040
      4106.00      0.87608062
      4107.00      0.87705109
      4108.00      0.87801854
      4109.00      0.87898383
      4110.00      0.87994655
      4111.00      0.88090637
      4112.00      0.88186200
      4113.00      0.88281460
      4114.00      0.88376277
      4115.00      0.88470601
      4116.00      0.88564469
      4117.00      0.88657983
      4118.00      0.88750962
      4119.00      0.88843490
      4120.00      0.88935807
      4121.00      0.89027510
      4122.00      0.89118827
      4123.00      0.89209893
      4124.00      0.89300517
      4125.00      0.89390844
      4126.00      0.89480963
      4127.00      0.89570802
      4128.00      0.89660449
      4129.00      0.89750063
      4130.00      0.89839401
      4131.00      0.89928638
      4132.00      0.90017784
      4133.00      0.90106906
      4134.00      0.90195955
      4135.00      0.90285037
      4136.00      0.90374022
      4137.00      0.90463000
      4138.00      0.90551938
      4139.00      0.90640931
      4140.00      0.90729759
      4141.00      0.90818496
      4142.00      0.90907152
      4143.00      0.90995603
      4144.00      0.91083860
      4145.00      0.91171883
      4146.00      0.91259621
      4147.00      0.91347022
      4148.00      0.91434053
      4149.00      0.91520650
      4150.00      0.91606757
      4151.00      0.91692333
      4152.00      0.91777320
      4153.00      0.91861679
      4154.00      0.91945380
      4155.00      0.92028366
      4156.00      0.92110625
      4157.00      0.92192122
      4158.00      0.92272913
      4159.00      0.92352827
      4160.00      0.92431953
      4161.00      0.92510337
      4162.00      0.92587864
      4163.00      0.92664629
      4164.00      0.92740770
      4165.00      0.92816033
      4166.00      0.92890613
      4167.00      0.92964611
      4168.00      0.93037929
      4169.00      0.93110682
      4170.00      0.93182965
      4171.00      0.93254743
      4172.00      0.93326096
      4173.00      0.93397247
      4174.00      0.93467898
      4175.00      0.93538266
      4176.00      0.93608493
      4177.00      0.93678384
      4178.00      0.93748095
      4179.00      0.93817704
      4180.00      0.93887161
      4181.00      0.93956401
      4182.00      0.94025494
      4183.00      0.94094480
      4184.00      0.94163243
      4185.00      0.94231801
      4186.00      0.94300147
      4187.00      0.94368185
      4188.00      0.94435902
      4189.00      0.94503298
      4190.00      0.94570177
      4191.00      0.94636546
      4192.00      0.94702448
      4193.00      0.94767585
      4194.00      0.94832002
      4195.00      0.94895722
      4196.00      0.94958473
      4197.00      0.95020284
      4198.00      0.95081141
      4199.00      0.95140861
      4200.00      0.95199458
      4201.00      0.95256823
      4202.00      0.95313018
      4203.00      0.95367938
      4204.00      0.95421570
      4205.00      0.95473919
      4206.00      0.95524937
      4207.00      0.95574653
      4208.00      0.95623146
      4209.00      0.95670322
      4210.00      0.95716285
      4211.00      0.95761090
      4212.00      0.95804795
      4213.00      0.95847474
      4214.00      0.95889213
      4215.00      0.95930103
      4216.00      0.95970254
      4217.00      0.96009787
      4218.00      0.96048788
      4219.00      0.96087396
      4220.00      0.96125760
      4221.00      0.96163951
      4222.00      0.96202143
      4223.00      0.96240421
      4224.00      0.96279054
      4225.00      0.96317989
      4226.00      0.96357424
      4227.00      0.96397493
      4228.00      0.96438266
      4229.00      0.96479884
      4230.00      0.96522464
      4231.00      0.96566006
      4232.00      0.96610633
      4233.00      0.96656434
      4234.00      0.96703398
      4235.00      0.96751595
      4236.00      0.96801046
      4237.00      0.96851732
      4238.00      0.96903656
      4239.00      0.96956771
      4240.00      0.97011073
      4241.00      0.97066499
      4242.00      0.97122829
      4243.00      0.97180278
      4244.00      0.97238597
      4245.00      0.97297659
      4246.00      0.97357300
      4247.00      0.97417556
      4248.00      0.97478147
      4249.00      0.97539045
      4250.00      0.97599980
      4251.00      0.97660847
      4252.00      0.97721489
      4253.00      0.97781712
      4254.00      0.97841382
      4255.00      0.97900363
      4256.00      0.97958455
      4257.00      0.98015523
      4258.00      0.98071373
      4259.00      0.98125934
      4260.00      0.98179040
      4261.00      0.98230515
      4262.00      0.98280321
      4263.00      0.98328318
      4264.00      0.98374402
      4265.00      0.98418503
      4266.00      0.98460560
      4267.00      0.98500471
      4268.00      0.98538265
      4269.00      0.98573840
      4270.00      0.98607199
      4271.00      0.98638329
      4272.00      0.98667258
      4273.00      0.98693991
      4274.00      0.98718565
      4275.00      0.98740980
      4276.00      0.98761329
      4277.00      0.98779662
      4278.00      0.98796031
      4279.00      0.98810535
      4280.00      0.98823296
      4281.00      0.98834319
      4282.00      0.98843737
      4283.00      0.98851592
      4284.00      0.98858123
      4285.00      0.98863366
      4286.00      0.98867343
      4287.00      0.98870330
      4288.00      0.98872350
      4289.00      0.98873433
      4290.00      0.98873749
      4291.00      0.98873516
      4292.00      0.98872639
      4293.00      0.98871385
      4294.00      0.98869788
      4295.00      0.98867931
      4296.00      0.98865873
      4297.00      0.98863756
      4298.00      0.98861634
      4299.00      0.98859506
      4300.00      0.98857581
      4301.00      0.98855846
      4302.00      0.98854373
      4303.00      0.98853209
      4304.00      0.98852409
      4305.00      0.98851967
      4306.00      0.98852050
      4307.00      0.98852627
      4308.00      0.98853635
      4309.00      0.98855299
      4310.00      0.98857549
      4311.00      0.98860356
      4312.00      0.98863839
      4313.00      0.98867957
      4314.00      0.98872711
      4315.00      0.98878154
      4316.00      0.98884270
      4317.00      0.98891076
      4318.00      0.98898533
      4319.00      0.98906718
      4320.00      0.98915595
      4321.00      0.98925100
      4322.00      0.98935323
      4323.00      0.98946223
      4324.00      0.98957782
      4325.00      0.98969995
      4326.00      0.98982839
      4327.00      0.98996296
      4328.00      0.99010362
      4329.00      0.99025000
      4330.00      0.99040199
      4331.00      0.99055906
      4332.00      0.99072116
      4333.00      0.99088775
      4334.00      0.99105883
      4335.00      0.99123370
      4336.00      0.99141139
      4337.00      0.99159245
      4338.00      0.99177647
      4339.00      0.99196267
      4340.00      0.99214962
      4341.00      0.99233874
      4342.00      0.99252862
      4343.00      0.99271721
      4344.00      0.99290709
      4345.00      0.99309616
      4346.00      0.99328317
      4347.00      0.99346925
      4348.00      0.99365302
      4349.00      0.99383293
      4350.00      0.99401113
      4351.00      0.99418581
      4352.00      0.99435549
      4353.00      0.99452226
      4354.00      0.99468472
      4355.00      0.99484229
      4356.00      0.99499508
      4357.00      0.99514350
      4358.00      0.99528642
      4359.00      0.99542461
      4360.00      0.99555842
      4361.00      0.99568762
      4362.00      0.99581124
      4363.00      0.99593169
      4364.00      0.99604811
      4365.00      0.99615937
      4366.00      0.99626866
      4367.00      0.99637488
      4368.00      0.99647726
      4369.00      0.99657856
      4370.00      0.99667800
      4371.00      0.99677594
      4372.00      0.99687311
      4373.00      0.99696974
      4374.00      0.99706518
      4375.00      0.99716195
      4376.00      0.99725941
      4377.00      0.99735699
      4378.00      0.99745580
      4379.00      0.99755685
      4380.00      0.99765847
      4381.00      0.99776240
      4382.00      0.99786834
      4383.00      0.99797600
      4384.00      0.99808386
      4385.00      0.99819453
      4386.00      0.99830649
      4387.00      0.99841776
      4388.00      0.99853117
      4389.00      0.99864479
      4390.00      0.99875680
      4391.00      0.99886927
      4392.00      0.99898032
      4393.00      0.99908819
      4394.00      0.99919451
      4395.00      0.99929746
      4396.00      0.99939542
      4397.00      0.99948940
      4398.00      0.99957783
      4399.00      0.99965924
      4400.00      0.99973413
      4401.00      0.99980139
      4402.00      0.99985950
      4403.00      0.99990845
      4404.00      0.99994807
      4405.00      0.99997718
      4406.00      0.99999379
      4407.00       1.0000000
      4408.00      0.99999393
      4409.00      0.99997429
      4410.00      0.99994236
      4411.00      0.99989691
      4412.00      0.99983653
      4413.00      0.99976304
      4414.00      0.99967522
      4415.00      0.99957165
      4416.00      0.99945476
      4417.00      0.99932321
      4418.00      0.99917571
      4419.00      0.99901475
      4420.00      0.99883934
      4421.00      0.99864820
      4422.00      0.99844393
      4423.00      0.99822569
      4424.00      0.99799290
      4425.00      0.99774637
      4426.00      0.99748754
      4427.00      0.99721579
      4428.00      0.99693039
      4429.00      0.99663372
      4430.00      0.99632527
      4431.00      0.99600473
      4432.00      0.99567376
      4433.00      0.99533234
      4434.00      0.99497985
      4435.00      0.99461893
      4436.00      0.99424907
      4437.00      0.99386900
      4438.00      0.99348273
      4439.00      0.99308911
      4440.00      0.99268666
      4441.00      0.99228010
      4442.00      0.99186795
      4443.00      0.99144917
      4444.00      0.99102779
      4445.00      0.99060291
      4446.00      0.99017434
      4447.00      0.98974366
      4448.00      0.98931235
      4449.00      0.98888034
      4450.00      0.98844642
      4451.00      0.98801531
      4452.00      0.98758578
      4453.00      0.98715697
      4454.00      0.98673276
      4455.00      0.98631228
      4456.00      0.98589481
      4457.00      0.98548396
      4458.00      0.98507890
      4459.00      0.98467900
      4460.00      0.98428728
      4461.00      0.98390319
      4462.00      0.98352613
      4463.00      0.98315850
      4464.00      0.98279981
      4465.00      0.98244834
      4466.00      0.98210842
      4467.00      0.98177807
      4468.00      0.98145657
      4469.00      0.98114515
      4470.00      0.98084406
      4471.00      0.98055271
      4472.00      0.98026881
      4473.00      0.97999600
      4474.00      0.97973202
      4475.00      0.97947428
      4476.00      0.97922679
      4477.00      0.97898666
      4478.00      0.97875137
      4479.00      0.97852425
      4480.00      0.97830260
      4481.00      0.97808388
      4482.00      0.97787101
      4483.00      0.97766146
      4484.00      0.97745207
      4485.00      0.97724650
      4486.00      0.97704178
      4487.00      0.97683452
      4488.00      0.97662886
      4489.00      0.97642158
      4490.00      0.97621090
      4491.00      0.97599731
      4492.00      0.97578049
      4493.00      0.97555803
      4494.00      0.97533013
      4495.00      0.97509770
      4496.00      0.97485889
      4497.00      0.97461010
      4498.00      0.97435678
      4499.00      0.97409565
      4500.00      0.97382403
      4501.00      0.97354862
      4502.00      0.97326439
      4503.00      0.97296875
      4504.00      0.97266614
      4505.00      0.97235408
      4506.00      0.97203040
      4507.00      0.97169900
      4508.00      0.97135784
      4509.00      0.97100455
      4510.00      0.97064383
      4511.00      0.97027340
      4512.00      0.96989163
      4513.00      0.96950081
      4514.00      0.96910132
      4515.00      0.96869085
      4516.00      0.96827108
      4517.00      0.96784305
      4518.00      0.96740571
      4519.00      0.96695626
      4520.00      0.96650022
      4521.00      0.96603498
      4522.00      0.96555836
      4523.00      0.96507472
      4524.00      0.96458192
      4525.00      0.96407748
      4526.00      0.96356656
      4527.00      0.96304655
      4528.00      0.96251513
      4529.00      0.96197703
      4530.00      0.96142989
      4531.00      0.96087065
      4532.00      0.96030547
      4533.00      0.95973124
      4534.00      0.95914626
      4535.00      0.95855310
      4536.00      0.95795205
      4537.00      0.95734037
      4538.00      0.95672087
      4539.00      0.95609348
      4540.00      0.95545769
      4541.00      0.95481014
      4542.00      0.95415775
      4543.00      0.95349727
      4544.00      0.95282632
      4545.00      0.95215033
      4546.00      0.95146706
      4547.00      0.95077413
      4548.00      0.95007684
      4549.00      0.94937306
      4550.00      0.94866037
      4551.00      0.94794432
      4552.00      0.94722259
      4553.00      0.94649280
      4554.00      0.94576059
      4555.00      0.94502377
      4556.00      0.94428069
      4557.00      0.94353444
      4558.00      0.94278520
      4559.00      0.94203033
      4560.00      0.94127297
      4561.00      0.94051343
      4562.00      0.93975089
      4563.00      0.93898242
      4564.00      0.93821414
      4565.00      0.93744325
      4566.00      0.93666660
      4567.00      0.93589041
      4568.00      0.93511153
      4569.00      0.93432627
      4570.00      0.93354178
      4571.00      0.93275441
      4572.00      0.93196036
      4573.00      0.93116657
      4574.00      0.93036922
      4575.00      0.92956473
      4576.00      0.92875957
      4577.00      0.92795009
      4578.00      0.92713380
      4579.00      0.92631318
      4580.00      0.92548888
      4581.00      0.92465693
      4582.00      0.92381960
      4583.00      0.92297739
      4584.00      0.92212865
      4585.00      0.92126919
      4586.00      0.92040616
      4587.00      0.91953554
      4588.00      0.91865342
      4589.00      0.91776661
      4590.00      0.91687144
      4591.00      0.91596370
      4592.00      0.91505075
      4593.00      0.91412868
      4594.00      0.91319303
      4595.00      0.91225204
      4596.00      0.91130148
      4597.00      0.91033676
      4598.00      0.90936637
      4599.00      0.90838597
      4600.00      0.90739284
      4601.00      0.90639052
      4602.00      0.90537968
      4603.00      0.90435611
      4604.00      0.90332289
      4605.00      0.90228146
      4606.00      0.90122999
      4607.00      0.90016370
      4608.00      0.89909178
      4609.00      0.89800988
      4610.00      0.89691339
      4611.00      0.89581139
      4612.00      0.89469959
      4613.00      0.89357351
      4614.00      0.89244191
      4615.00      0.89130075
      4616.00      0.89014505
      4617.00      0.88898464
      4618.00      0.88781473
      4619.00      0.88663033
      4620.00      0.88544147
      4621.00      0.88424323
      4622.00      0.88303264
      4623.00      0.88181360
      4624.00      0.88058719
      4625.00      0.87934854
      4626.00      0.87810126
      4627.00      0.87684654
      4628.00      0.87558248
      4629.00      0.87430364
      4630.00      0.87302013
      4631.00      0.87172697
      4632.00      0.87041876
      4633.00      0.86910569
      4634.00      0.86778251
      4635.00      0.86644397
      4636.00      0.86509999
      4637.00      0.86374538
      4638.00      0.86237482
      4639.00      0.86099832
      4640.00      0.85961055
      4641.00      0.85820631
      4642.00      0.85679523
      4643.00      0.85537217
      4644.00      0.85393328
      4645.00      0.85248335
      4646.00      0.85102251
      4647.00      0.84954505
      4648.00      0.84805573
      4649.00      0.84655467
      4650.00      0.84503976
      4651.00      0.84350519
      4652.00      0.84196158
      4653.00      0.84040342
      4654.00      0.83882488
      4655.00      0.83723672
      4656.00      0.83563350
      4657.00      0.83400924
      4658.00      0.83237510
      4659.00      0.83072543
      4660.00      0.82905433
      4661.00      0.82737360
      4662.00      0.82567745
      4663.00      0.82395979
      4664.00      0.82223293
      4665.00      0.82049109
      4666.00      0.81872892
      4667.00      0.81695761
      4668.00      0.81517213
      4669.00      0.81336930
      4670.00      0.81155388
      4671.00      0.80972829
      4672.00      0.80789043
      4673.00      0.80603399
      4674.00      0.80417290
      4675.00      0.80230124
      4676.00      0.80041342
      4677.00      0.79852240
      4678.00      0.79662279
      4679.00      0.79470936
      4680.00      0.79279465
      4681.00      0.79087356
      4682.00      0.78894042
      4683.00      0.78700837
      4684.00      0.78507204
      4685.00      0.78312563
      4686.00      0.78118247
      4687.00      0.77923683
      4688.00      0.77728289
      4689.00      0.77533386
      4690.00      0.77338394
      4691.00      0.77143007
      4692.00      0.76947645
      4693.00      0.76752603
      4694.00      0.76557600
      4695.00      0.76361986
      4696.00      0.76167112
      4697.00      0.75972310
      4698.00      0.75776923
      4699.00      0.75582278
      4700.00      0.75387692
      4701.00      0.75192515
      4702.00      0.74998003
      4703.00      0.74803495
      4704.00      0.74608293
      4705.00      0.74413694
      4706.00      0.74219015
      4707.00      0.74023542
      4708.00      0.73828563
      4709.00      0.73633383
      4710.00      0.73437300
      4711.00      0.73241598
      4712.00      0.73045579
      4713.00      0.72848856
      4714.00      0.72651771
      4715.00      0.72454602
      4716.00      0.72256996
      4717.00      0.72058197
      4718.00      0.71859627
      4719.00      0.71660550
      4720.00      0.71460262
      4721.00      0.71260138
      4722.00      0.71059481
      4723.00      0.70857607
      4724.00      0.70655897
      4725.00      0.70453667
      4726.00      0.70250212
      4727.00      0.70046999
      4728.00      0.69843330
      4729.00      0.69638501
      4730.00      0.69433984
      4731.00      0.69229094
      4732.00      0.69023139
      4733.00      0.68817594
      4734.00      0.68611778
      4735.00      0.68405353
      4736.00      0.68198754
      4737.00      0.67992353
      4738.00      0.67785445
      4739.00      0.67578485
      4740.00      0.67371814
      4741.00      0.67165118
      4742.00      0.66957677
      4743.00      0.66751026
      4744.00      0.66544427
      4745.00      0.66337161
      4746.00      0.66130744
      4747.00      0.65924423
      4748.00      0.65717495
      4749.00      0.65511415
      4750.00      0.65305466
      4751.00      0.65098883
      4752.00      0.64893162
      4753.00      0.64687540
      4754.00      0.64481272
      4755.00      0.64275810
      4756.00      0.64070389
      4757.00      0.63864618
      4758.00      0.63658844
      4759.00      0.63453394
      4760.00      0.63247498
      4761.00      0.63041504
      4762.00      0.62835725
      4763.00      0.62629763
      4764.00      0.62422842
      4765.00      0.62216394
      4766.00      0.62009641
      4767.00      0.61801813
      4768.00      0.61594329
      4769.00      0.61386426
      4770.00      0.61177325
      4771.00      0.60968472
      4772.00      0.60759090
      4773.00      0.60548394
      4774.00      0.60337869
      4775.00      0.60126732
      4776.00      0.59914253
      4777.00      0.59701819
      4778.00      0.59488719
      4779.00      0.59274562
      4780.00      0.59059740
      4781.00      0.58844562
      4782.00      0.58628319
      4783.00      0.58411386
      4784.00      0.58194123
      4785.00      0.57976175
      4786.00      0.57756833
      4787.00      0.57537574
      4788.00      0.57317689
      4789.00      0.57096480
      4790.00      0.56875425
      4791.00      0.56653827
      4792.00      0.56430989
      4793.00      0.56208422
      4794.00      0.55985421
      4795.00      0.55761303
      4796.00      0.55537584
      4797.00      0.55313575
      4798.00      0.55088596
      4799.00      0.54864153
      4800.00      0.54639561
      4801.00      0.54414517
      4802.00      0.54189408
      4803.00      0.53964700
      4804.00      0.53739708
      4805.00      0.53514787
      4806.00      0.53290429
      4807.00      0.53066288
      4808.00      0.52841661
      4809.00      0.52618104
      4810.00      0.52394904
      4811.00      0.52171344
      4812.00      0.51948991
      4813.00      0.51727119
      4814.00      0.51505068
      4815.00      0.51284262
      4816.00      0.51064034
      4817.00      0.50843741
      4818.00      0.50624765
      4819.00      0.50406436
      4820.00      0.50188070
      4821.00      0.49971118
      4822.00      0.49754867
      4823.00      0.49538995
      4824.00      0.49323803
      4825.00      0.49109712
      4826.00      0.48896016
      4827.00      0.48683000
      4828.00      0.48471081
      4829.00      0.48259874
      4830.00      0.48048684
      4831.00      0.47838891
      4832.00      0.47629788
      4833.00      0.47420671
      4834.00      0.47212915
      4835.00      0.47005810
      4836.00      0.46798648
      4837.00      0.46592817
      4838.00      0.46387595
      4839.00      0.46182295
      4840.00      0.45978262
      4841.00      0.45774797
      4842.00      0.45571235
      4843.00      0.45368885
      4844.00      0.45167066
      4845.00      0.44965468
      4846.00      0.44764332
      4847.00      0.44564080
      4848.00      0.44364031
      4849.00      0.44164396
      4850.00      0.43965655
      4851.00      0.43767407
      4852.00      0.43568994
      4853.00      0.43371738
      4854.00      0.43174976
      4855.00      0.42978035
      4856.00      0.42782279
      4857.00      0.42587021
      4858.00      0.42391615
      4859.00      0.42197388
      4860.00      0.42003682
      4861.00      0.41809845
      4862.00      0.41617220
      4863.00      0.41425137
      4864.00      0.41232952
      4865.00      0.41042007
      4866.00      0.40851631
      4867.00      0.40661559
      4868.00      0.40472007
      4869.00      0.40283431
      4870.00      0.40095199
      4871.00      0.39907497
      4872.00      0.39720814
      4873.00      0.39534779
      4874.00      0.39348784
      4875.00      0.39164085
      4876.00      0.38980064
      4877.00      0.38796116
      4878.00      0.38613495
      4879.00      0.38431572
      4880.00      0.38249766
      4881.00      0.38069293
      4882.00      0.37889552
      4883.00      0.37709929
      4884.00      0.37531685
      4885.00      0.37354181
      4886.00      0.37176832
      4887.00      0.37000863
      4888.00      0.36825651
      4889.00      0.36650952
      4890.00      0.36476945
      4891.00      0.36304060
      4892.00      0.36131715
      4893.00      0.35960056
      4894.00      0.35789524
      4895.00      0.35619780
      4896.00      0.35450258
      4897.00      0.35282098
      4898.00      0.35114723
      4899.00      0.34947591
      4900.00      0.34781812
      4901.00      0.34616819
      4902.00      0.34452073
      4903.00      0.34288684
      4904.00      0.34126086
      4905.00      0.33963725
      4906.00      0.33802729
      4907.00      0.33642528
      4908.00      0.33482588
      4909.00      0.33323995
      4910.00      0.33166197
      4911.00      0.33008980
      4912.00      0.32852492
      4913.00      0.32697113
      4914.00      0.32542326
      4915.00      0.32388261
      4916.00      0.32235317
      4917.00      0.32083183
      4918.00      0.31931339
      4919.00      0.31780849
      4920.00      0.31631173
      4921.00      0.31481797
      4922.00      0.31333776
      4923.00      0.31186577
      4924.00      0.31039684
      4925.00      0.30894148
      4926.00      0.30749438
      4927.00      0.30605045
      4928.00      0.30462002
      4929.00      0.30319784
      4930.00      0.30177890
      4931.00      0.30037334
      4932.00      0.29897596
      4933.00      0.29758171
      4934.00      0.29620091
      4935.00      0.29482818
      4936.00      0.29346145
      4937.00      0.29210207
      4938.00      0.29075350
      4939.00      0.28941288
      4940.00      0.28807531
      4941.00      0.28675035
      4942.00      0.28543305
      4943.00      0.28411858
      4944.00      0.28281644
      4945.00      0.28152164
      4946.00      0.28022930
      4947.00      0.27894895
      4948.00      0.27767562
      4949.00      0.27640437
      4950.00      0.27514472
      4951.00      0.27389158
      4952.00      0.27264018
      4953.00      0.27139982
      4954.00      0.27016557
      4955.00      0.26893257
      4956.00      0.26771008
      4957.00      0.26649318
      4958.00      0.26527965
      4959.00      0.26407088
      4960.00      0.26286978
      4961.00      0.26167356
      4962.00      0.26047740
      4963.00      0.25929042
      4964.00      0.25810778
      4965.00      0.25692465
      4966.00      0.25575010
      4967.00      0.25457927
      4968.00      0.25340745
      4969.00      0.25224356
      4970.00      0.25108278
      4971.00      0.24992054
      4972.00      0.24876546
      4973.00      0.24761290
      4974.00      0.24645823
      4975.00      0.24531012
      4976.00      0.24416391
      4977.00      0.24301500
      4978.00      0.24187198
      4979.00      0.24073022
      4980.00      0.23958751
      4981.00      0.23844547
      4982.00      0.23730629
      4983.00      0.23616757
      4984.00      0.23502480
      4985.00      0.23388636
      4986.00      0.23274780
      4987.00      0.23160452
      4988.00      0.23046513
      4989.00      0.22932500
      4990.00      0.22817979
      4991.00      0.22703775
      4992.00      0.22589449
      4993.00      0.22474562
      4994.00      0.22359950
      4995.00      0.22245170
      4996.00      0.22129799
      4997.00      0.22014649
      4998.00      0.21899300
      4999.00      0.21783329
      5000.00      0.21667553
      5001.00      0.21551629
      5002.00      0.21435280
      5003.00      0.21318679
      5004.00      0.21202049
      5005.00      0.21084988
      5006.00      0.20967664
      5007.00      0.20850312
      5008.00      0.20732719
      5009.00      0.20614492
      5010.00      0.20496436
      5011.00      0.20378153
      5012.00      0.20259260
      5013.00      0.20140555
      5014.00      0.20021651
      5015.00      0.19902167
      5016.00      0.19782899
      5017.00      0.19663469
      5018.00      0.19543508
      5019.00      0.19423794
      5020.00      0.19303963
      5021.00      0.19183642
      5022.00      0.19063630
      5023.00      0.18943552
      5024.00      0.18823250
      5025.00      0.18702905
      5026.00      0.18582752
      5027.00      0.18462443
      5028.00      0.18342146
      5029.00      0.18222107
      5030.00      0.18102150
      5031.00      0.17981923
      5032.00      0.17862197
      5033.00      0.17742619
      5034.00      0.17622843
      5035.00      0.17503628
      5036.00      0.17384629
      5037.00      0.17265502
      5038.00      0.17147001
      5039.00      0.17028780
      5040.00      0.16910499
      5041.00      0.16792904
      5042.00      0.16675650
      5043.00      0.16558400
      5044.00      0.16441890
      5045.00      0.16325775
      5046.00      0.16209919
      5047.00      0.16094456
      5048.00      0.15979641
      5049.00      0.15865136
      5050.00      0.15751061
      5051.00      0.15637684
      5052.00      0.15524813
      5053.00      0.15412113
      5054.00      0.15300293
      5055.00      0.15189013
      5056.00      0.15077941
      5057.00      0.14967777
      5058.00      0.14858183
      5059.00      0.14748830
      5060.00      0.14640404
      5061.00      0.14532570
      5062.00      0.14424999
      5063.00      0.14318379
      5064.00      0.14212370
      5065.00      0.14106645
      5066.00      0.14001885
      5067.00      0.13897751
      5068.00      0.13794114
      5069.00      0.13691063
      5070.00      0.13588848
      5071.00      0.13487147
      5072.00      0.13386033
      5073.00      0.13285770
      5074.00      0.13186162
      5075.00      0.13086893
      5076.00      0.12988608
      5077.00      0.12890984
      5078.00      0.12793702
      5079.00      0.12697413
      5080.00      0.12601788
      5081.00      0.12506506
      5082.00      0.12412222
      5083.00      0.12318602
      5084.00      0.12225329
      5085.00      0.12133048
      5086.00      0.12041426
      5087.00      0.11950153
      5088.00      0.11859861
      5089.00      0.11770220
      5090.00      0.11681108
      5091.00      0.11592587
      5092.00      0.11504895
      5093.00      0.11417723
      5094.00      0.11331119
      5095.00      0.11245331
      5096.00      0.11160161
      5097.00      0.11075312
      5098.00      0.10991371
      5099.00      0.10908026
      5100.00      0.10824989
      5101.00      0.10742825
      5102.00      0.10661233
      5103.00      0.10579919
      5104.00      0.10499458
      5105.00      0.10419542
      5106.00      0.10339881
      5107.00      0.10261042
      5108.00      0.10182720
      5109.00      0.10104628
      5110.00      0.10027329
      5111.00     0.099505186
      5112.00     0.098740859
      5113.00     0.097980733
      5114.00     0.097226969
      5115.00     0.096476772
      5116.00     0.095730474
      5117.00     0.094990310
      5118.00     0.094254502
      5119.00     0.093520354
      5120.00     0.092793154
      5121.00     0.092070114
      5122.00     0.091348638
      5123.00     0.090633831
      5124.00     0.089923023
      5125.00     0.089213656
      5126.00     0.088510796
      5127.00     0.087811797
      5128.00     0.087114133
      5129.00     0.086422865
      5130.00     0.085735351
      5131.00     0.085049143
      5132.00     0.084369192
      5133.00     0.083692924
      5134.00     0.083019388
      5135.00     0.082349114
      5136.00     0.081683918
      5137.00     0.081021439
      5138.00     0.080362117
      5139.00     0.079707883
      5140.00     0.079057255
      5141.00     0.078407932
      5142.00     0.077764585
      5143.00     0.077124822
      5144.00     0.076486432
      5145.00     0.075853906
      5146.00     0.075224949
      5147.00     0.074597425
      5148.00     0.073975676
      5149.00     0.073357475
      5150.00     0.072740650
      5151.00     0.072129620
      5152.00     0.071522122
      5153.00     0.070916004
      5154.00     0.070315616
      5155.00     0.069718714
      5156.00     0.069124486
      5157.00     0.068533334
      5158.00     0.067946914
      5159.00     0.067363136
      5160.00     0.066782334
      5161.00     0.066206224
      5162.00     0.065633476
      5163.00     0.065062150
      5164.00     0.064496125
      5165.00     0.063933376
      5166.00     0.063372003
      5167.00     0.062815790
      5168.00     0.062262762
      5169.00     0.061710993
      5170.00     0.061164301
      5171.00     0.060620684
      5172.00     0.060078224
      5173.00     0.059540723
      5174.00     0.059006173
      5175.00     0.058472737
      5176.00     0.057944076
      5177.00     0.057418251
      5178.00     0.056893455
      5179.00     0.056373298
      5180.00     0.055855876
      5181.00     0.055340514
      5182.00     0.054827460
      5183.00     0.054318160
      5184.00     0.053811494
      5185.00     0.053305760
      5186.00     0.052804362
      5187.00     0.052305542
      5188.00     0.051807647
      5189.00     0.051314020
      5190.00     0.050822952
      5191.00     0.050332834
      5192.00     0.049846954
      5193.00     0.049363637
      5194.00     0.048881311
      5195.00     0.048403261
      5196.00     0.047927830
      5197.00     0.047453449
      5198.00     0.046983424
      5199.00     0.046516096
      5200.00     0.046049939
      5201.00     0.045588215
      5202.00     0.045129297
      5203.00     0.044672703
      5204.00     0.044218674
      5205.00     0.043768541
      5206.00     0.043321407
      5207.00     0.042875922
      5208.00     0.042434999
      5209.00     0.041997214
      5210.00     0.041561237
      5211.00     0.041129953
      5212.00     0.040701946
      5213.00     0.040275899
      5214.00     0.039854658
      5215.00     0.039436826
      5216.00     0.039021083
      5217.00     0.038610253
      5218.00     0.038202937
      5219.00     0.037797857
      5220.00     0.037397735
      5221.00     0.037001203
      5222.00     0.036606992
      5223.00     0.036217807
      5224.00     0.035832272
      5225.00     0.035449988
      5226.00     0.035071015
      5227.00     0.034696601
      5228.00     0.034325890
      5229.00     0.033957698
      5230.00     0.033594464
      5231.00     0.033234930
      5232.00     0.032877954
      5233.00     0.032525890
      5234.00     0.032177517
      5235.00     0.031831692
      5236.00     0.031490751
      5237.00     0.031153475
      5238.00     0.030818733
      5239.00     0.030488834
      5240.00     0.030162566
      5241.00     0.029838826
      5242.00     0.029519867
      5243.00     0.029204502
      5244.00     0.028891626
      5245.00     0.028583491
      5246.00     0.028278903
      5247.00     0.027977539
      5248.00     0.027679360
      5249.00     0.027385420
      5250.00     0.027094694
      5251.00     0.026807083
      5252.00     0.026523658
      5253.00     0.026243682
      5254.00     0.025966192
      5255.00     0.025693131
      5256.00     0.025423466
      5257.00     0.025156252
      5258.00     0.024893388
      5259.00     0.024633857
      5260.00     0.024376740
      5261.00     0.024123882
      5262.00     0.023874283
      5263.00     0.023627050
      5264.00     0.023383969
      5265.00     0.023144066
      5266.00     0.022906448
      5267.00     0.022672894
      5268.00     0.022442420
      5269.00     0.022214773
      5270.00     0.021989808
      5271.00     0.021768467
      5272.00     0.021549860
      5273.00     0.021333829
      5274.00     0.021121280
      5275.00     0.020911563
      5276.00     0.020703905
      5277.00     0.020499798
      5278.00     0.020298398
      5279.00     0.020098938
      5280.00     0.019902908
      5281.00     0.019709468
      5282.00     0.019517853
      5283.00     0.019329536
      5284.00     0.019143693
      5285.00     0.018959578
      5286.00     0.018778634
      5287.00     0.018600050
      5288.00     0.018423126
      5289.00     0.018249235
      5290.00     0.018077609
      5291.00     0.017908063
      5292.00     0.017740464
      5293.00     0.017575535
      5294.00     0.017412616
      5295.00     0.017251572
      5296.00     0.017093128
      5297.00     0.016936789
      5298.00     0.016781990
      5299.00     0.016629872
      5300.00     0.016479815
      5301.00     0.016331277
      5302.00     0.016185365
      5303.00     0.016041486
      5304.00     0.015899105
      5305.00     0.015759321
      5306.00     0.015621545
      5307.00     0.015485284
      5308.00     0.015351568
      5309.00     0.015219847
      5310.00     0.015089628
      5311.00     0.014961935
      5312.00     0.014836220
      5313.00     0.014712381
      5314.00     0.014590289
      5315.00     0.014470530
      5316.00     0.014352633
      5317.00     0.014236442
      5318.00     0.014122571
      5319.00     0.014010629
      5320.00     0.013900200
      5321.00     0.013792118
      5322.00     0.013685925
      5323.00     0.013581216
      5324.00     0.013478797
      5325.00     0.013378219
      5326.00     0.013279089
      5327.00     0.013182183
      5328.00     0.013087061
      5329.00     0.012993347
      5330.00     0.012901775
      5331.00     0.012811923
      5332.00     0.012723401
      5333.00     0.012636966
      5334.00     0.012552185
      5335.00     0.012468960
      5336.00     0.012387178
      5337.00     0.012307250
      5338.00     0.012228816
      5339.00     0.012151759
      5340.00     0.012076469
      5341.00     0.012002668
      5342.00     0.011930068
      5343.00     0.011859212
      5344.00     0.011789776
      5345.00     0.011721479
      5346.00     0.011654856
      5347.00     0.011589588
      5348.00     0.011525401
      5349.00     0.011462819
      5350.00     0.011401532
      5351.00     0.011341270
      5352.00     0.011282551
      5353.00     0.011225069
      5354.00     0.011168586
      5355.00     0.011113559
      5356.00     0.011059714
      5357.00     0.011007010
      5358.00     0.010955326
      5359.00     0.010904958
      5360.00     0.010855683
      5361.00     0.010807369
      5362.00     0.010760325
      5363.00     0.010714344
      5364.00     0.010669232
      5365.00     0.010625358
      5366.00     0.010582497
      5367.00     0.010540464
      5368.00     0.010499609
      5369.00     0.010459717
      5370.00     0.010420623
      5371.00     0.010382639
      5372.00     0.010345571
      5373.00     0.010309249
      5374.00     0.010273993
      5375.00     0.010239609
      5376.00     0.010205927
      5377.00     0.010173271
      5378.00     0.010141444
      5379.00     0.010110440
      5380.00     0.010080118
      5381.00     0.010050742
      5382.00     0.010022163
      5383.00    0.0099942449
      5384.00    0.0099672317
      5385.00    0.0099409820
      5386.00    0.0099154037
      5387.00    0.0098906916
      5388.00    0.0098667318
      5389.00    0.0098434332
      5390.00    0.0098209948
      5391.00    0.0097993046
      5392.00    0.0097782916
      5393.00    0.0097581265
      5394.00    0.0097387172
      5395.00    0.0097200136
      5396.00    0.0097021529
      5397.00    0.0096850629
      5398.00    0.0096687050
      5399.00    0.0096531976
      5400.00    0.0096384810
      5401.00    0.0096245973
      5402.00    0.0096114229
      5403.00    0.0095991423
      5404.00    0.0095877219
      5405.00    0.0095770332
      5406.00    0.0095672520
      5407.00    0.0095583094
      5408.00    0.0095502003
      5409.00    0.0095429728
      5410.00    0.0095365967
      5411.00    0.0095310721
      5412.00    0.0095264336
      5413.00    0.0095226551
      5414.00    0.0095197483
      5415.00    0.0095177100
      5416.00    0.0095165278
      5417.00    0.0095162144
      5418.00    0.0095167593
      5419.00    0.0095181532
      5420.00    0.0095203972
      5421.00    0.0095234946
      5422.00    0.0095274234
      5423.00    0.0095322466
      5424.00    0.0095377945
      5425.00    0.0095441982
      5426.00    0.0095514891
      5427.00    0.0095594799
      5428.00    0.0095683036
      5429.00    0.0095779142
      5430.00    0.0095883767
      5431.00    0.0095995719
      5432.00    0.0096115426
      5433.00    0.0096243592
      5434.00    0.0096378992
      5435.00    0.0096522107
      5436.00    0.0096673831
      5437.00    0.0096832696
      5438.00    0.0096999362
      5439.00    0.0097174828
      5440.00    0.0097357531
      5441.00    0.0097548258
      5442.00    0.0097747975
      5443.00    0.0097955256
      5444.00    0.0098170868
      5445.00    0.0098395901
      5446.00    0.0098628805
      5447.00    0.0098870461
      5448.00    0.0099122118
      5449.00    0.0099381836
      5450.00    0.0099650875
      5451.00    0.0099929266
      5452.00     0.010021858
      5453.00     0.010051643
      5454.00     0.010082413
      5455.00     0.010114316
      5456.00     0.010147124
      5457.00     0.010180963
      5458.00     0.010215966
      5459.00     0.010251923
      5460.00     0.010288945
      5461.00     0.010327186
      5462.00     0.010366394
      5463.00     0.010406696
      5464.00     0.010448245
      5465.00     0.010490773
      5466.00     0.010534411
      5467.00     0.010579292
      5468.00     0.010625177
      5469.00     0.010672177
      5470.00     0.010720423
      5471.00     0.010769688
      5472.00     0.010820044
      5473.00     0.010871506
      5474.00     0.010924239
      5475.00     0.010977914
      5476.00     0.011032676
      5477.00     0.011088691
      5478.00     0.011145625
      5479.00     0.011203621
      5480.00     0.011262840
      5481.00     0.011322947
      5482.00     0.011384083
      5483.00     0.011446401
      5484.00     0.011509576
      5485.00     0.011573742
      5486.00     0.011639062
      5487.00     0.011705181
      5488.00     0.011772244
      5489.00     0.011840413
      5490.00     0.011909323
      5491.00     0.011979122
      5492.00     0.012049911
      5493.00     0.012121492
      5494.00     0.012193838
      5495.00     0.012266981
      5496.00     0.012341089
      5497.00     0.012415761
      5498.00     0.012491145
      5499.00     0.012567400
      5500.00     0.012644129
      5501.00     0.012721282
      5502.00     0.012799214
      5503.00     0.012877498
      5504.00     0.012956288
      5505.00     0.013035737
      5506.00     0.013115422
      5507.00     0.013195492
      5508.00     0.013276094
      5509.00     0.013356805
      5510.00     0.013437769
      5511.00     0.013519119
      5512.00     0.013600458
      5513.00     0.013681915
      5514.00     0.013763547
      5515.00     0.013845187
      5516.00     0.013926727
      5517.00     0.014008298
      5518.00     0.014089762
      5519.00     0.014170985
      5520.00     0.014252016
      5521.00     0.014333003
      5522.00     0.014413532
      5523.00     0.014493752
      5524.00     0.014573798
      5525.00     0.014653288
      5526.00     0.014732364
      5527.00     0.014811180
      5528.00     0.014889331
      5529.00     0.014966981
      5530.00     0.015044268
      5531.00     0.015120823
      5532.00     0.015196803
      5533.00     0.015272359
      5534.00     0.015347107
      5535.00     0.015421219
      5536.00     0.015494734
      5537.00     0.015567626
      5538.00     0.015639713
      5539.00     0.015711143
      5540.00     0.015781919
      5541.00     0.015851853
      5542.00     0.015921045
      5543.00     0.015989635
      5544.00     0.016057299
      5545.00     0.016124188
      5546.00     0.016190439
      5547.00     0.016255731
      5548.00     0.016320216
      5549.00     0.016384021
      5550.00     0.016446840
      5551.00     0.016508819
      5552.00     0.016570067
      5553.00     0.016630303
      5554.00     0.016689657
      5555.00     0.016748250
      5556.00     0.016805780
      5557.00     0.016862385
      5558.00     0.016918051
      5559.00     0.016972871
      5560.00     0.017026584
      5561.00     0.017079295
      5562.00     0.017131119
      5563.00     0.017181784
      5564.00     0.017231407
      5565.00     0.017280051
      5566.00     0.017327503
      5567.00     0.017373854
      5568.00     0.017419164
      5569.00     0.017463220
      5570.00     0.017506115
      5571.00     0.017547901
      5572.00     0.017588374
      5573.00     0.017627618
      5574.00     0.017665685
      5575.00     0.017702376
      5576.00     0.017737774
      5577.00     0.017771925
      5578.00     0.017804638
      5579.00     0.017835992
      5580.00     0.017865903
      5581.00     0.017894552
      5582.00     0.017921657
      5583.00     0.017947250
      5584.00     0.017971521
      5585.00     0.017994183
      5586.00     0.018015332
      5587.00     0.018034953
      5588.00     0.018052974
      5589.00     0.018069419
      5590.00     0.018084265
      5591.00     0.018097465
      5592.00     0.018109026
      5593.00     0.018118925
      5594.00     0.018127125
      5595.00     0.018133640
      5596.00     0.018138427
      5597.00     0.018141487
      5598.00     0.018142814
      5599.00     0.018142367
      5600.00     0.018140162
      5601.00     0.018136190
      5602.00     0.018130320
      5603.00     0.018122841
      5604.00     0.018113493
      5605.00     0.018102234
      5606.00     0.018089338
      5607.00     0.018074577
      5608.00     0.018058024
      5609.00     0.018039590
      5610.00     0.018019422
      5611.00     0.017997471
      5612.00     0.017973653
      5613.00     0.017948123
      5614.00     0.017920830
      5615.00     0.017891698
      5616.00     0.017860889
      5617.00     0.017828357
      5618.00     0.017794002
      5619.00     0.017758029
      5620.00     0.017720376
      5621.00     0.017680936
      5622.00     0.017639935
      5623.00     0.017597302
      5624.00     0.017552902
      5625.00     0.017507058
      5626.00     0.017459598
      5627.00     0.017410414
      5628.00     0.017359843
      5629.00     0.017307704
      5630.00     0.017254048
      5631.00     0.017198722
      5632.00     0.017142046
      5633.00     0.017083900
      5634.00     0.017024113
      5635.00     0.016963029
      5636.00     0.016900512
      5637.00     0.016836394
      5638.00     0.016771010
      5639.00     0.016704229
      5640.00     0.016635868
      5641.00     0.016566290
      5642.00     0.016495347
      5643.00     0.016422852
      5644.00     0.016349175
      5645.00     0.016274162
      5646.00     0.016197651
      5647.00     0.016119952
      5648.00     0.016040978
      5649.00     0.015960540
      5650.00     0.015878955
      5651.00     0.015796140
      5652.00     0.015712087
      5653.00     0.015626579
      5654.00     0.015540073
      5655.00     0.015452386
      5656.00     0.015363288
      5657.00     0.015273279
      5658.00     0.015182157
      5659.00     0.015089695
      5660.00     0.014996404
      5661.00     0.014902083
      5662.00     0.014806516
      5663.00     0.014710204
      5664.00     0.014612956
      5665.00     0.014514547
      5666.00     0.014415508
      5667.00     0.014315633
      5668.00     0.014214771
      5669.00     0.014113238
      5670.00     0.014011054
      5671.00     0.013907991
      5672.00     0.013804346
      5673.00     0.013700172
      5674.00     0.013595412
      5675.00     0.013489813
      5676.00     0.013383963
      5677.00     0.013277630
      5678.00     0.013170554
      5679.00     0.013063328
      5680.00     0.012955709
      5681.00     0.012847439
      5682.00     0.012739104
      5683.00     0.012630459
      5684.00     0.012521236
      5685.00     0.012412034
      5686.00     0.012302593
      5687.00     0.012192636
      5688.00     0.012082776
      5689.00     0.011972735
      5690.00     0.011862233
      5691.00     0.011751891
      5692.00     0.011641427
      5693.00     0.011530698
      5694.00     0.011419900
      5695.00     0.011309165
      5696.00     0.011198374
      5697.00     0.011087233
      5698.00     0.010976374
      5699.00     0.010865506
      5700.00     0.010754339
      5701.00     0.010643496
      5702.00     0.010532692
      5703.00     0.010421630
      5704.00     0.010310952
      5705.00     0.010200362
      5706.00     0.010089563
      5707.00    0.0099792055
      5708.00    0.0098689879
      5709.00    0.0097586278
      5710.00    0.0096487551
      5711.00    0.0095390817
      5712.00    0.0094293271
      5713.00    0.0093201180
      5714.00    0.0092111673
      5715.00    0.0091023592
      5716.00    0.0089938317
      5717.00    0.0088857918
      5718.00    0.0087780965
      5719.00    0.0086704615
      5720.00    0.0085635230
      5721.00    0.0084569920
      5722.00    0.0083505936
      5723.00    0.0082449462
      5724.00    0.0081397686
      5725.00    0.0080347829
      5726.00    0.0079306152
      5727.00    0.0078269776
      5728.00    0.0077235916
      5729.00    0.0076210824
      5730.00    0.0075191608
      5731.00    0.0074175506
      5732.00    0.0073168684
      5733.00    0.0072168268
      5734.00    0.0071171463
      5735.00    0.0070184509
      5736.00    0.0069204443
      5737.00    0.0068231449
      5738.00    0.0067262532
      5739.00    0.0066304144
      5740.00    0.0065353226
      5741.00    0.0064408326
      5742.00    0.0063473062
      5743.00    0.0062545653
      5744.00    0.0061624608
      5745.00    0.0060713568
      5746.00    0.0059810713
      5747.00    0.0058914477
      5748.00    0.0058028611
      5749.00    0.0057151212
      5750.00    0.0056280660
      5751.00    0.0055420743
      5752.00    0.0054569506
      5753.00    0.0053725318
      5754.00    0.0052891963
      5755.00    0.0052067467
      5756.00    0.0051250191
      5757.00    0.0050443877
      5758.00    0.0049646556
      5759.00    0.0048858277
      5760.00    0.0048077625
      5761.00    0.0047307821
      5762.00    0.0046547160
      5763.00    0.0045794239
      5764.00    0.0045052220
      5765.00    0.0044319431
      5766.00    0.0043594443
      5767.00    0.0042880468
      5768.00    0.0042175797
      5769.00    0.0041478954
      5770.00    0.0040793275
      5771.00    0.0040116984
      5772.00    0.0039448640
      5773.00    0.0038791510
      5774.00    0.0038143862
      5775.00    0.0037504173
      5776.00    0.0036875887
      5777.00    0.0036257177
      5778.00    0.0035646475
      5779.00    0.0035047314
      5780.00    0.0034457818
      5781.00    0.0033878022
      5782.00    0.0033306600
      5783.00    0.0032746532
      5784.00    0.0032196215
      5785.00    0.0031654255
      5786.00    0.0031123738
      5787.00    0.0030602978
      5788.00    0.0030090654
      5789.00    0.0029589632
      5790.00    0.0029098315
      5791.00    0.0028615325
      5792.00    0.0028143572
      5793.00    0.0027681400
      5794.00    0.0027227312
      5795.00    0.0026784384
      5796.00    0.0026350829
      5797.00    0.0025925149
      5798.00    0.0025510337
      5799.00    0.0025104611
      5800.00    0.0024706390
      5801.00    0.0024318770
      5802.00    0.0023939880
      5803.00    0.0023569599
      5804.00    0.0023206554
      5805.00    0.0022853288
      5806.00    0.0022508194
      5807.00    0.0022169856
      5808.00    0.0021840859
      5809.00    0.0021519552
      5810.00    0.0021204369
      5811.00    0.0020898188
      5812.00    0.0020599187
      5813.00    0.0020305739
      5814.00    0.0020020834
      5815.00    0.0019742583
      5816.00    0.0019469247
      5817.00    0.0019204062
      5818.00    0.0018945016
      5819.00    0.0018690291
      5820.00    0.0018443280
      5821.00    0.0018201903
      5822.00       0.0000000
