# i_1A.txt
       7187.0000       0.0000000
       7188.0000   4.8155909e-05
       7189.0000   9.8656907e-05
       7190.0000   0.00015144695
       7191.0000   0.00020648347
       7192.0000   0.00026373732
       7193.0000   0.00032348324
       7194.0000   0.00038553880
       7195.0000   0.00044992043
       7196.0000   0.00051665781
       7197.0000   0.00058609610
       7198.0000   0.00065814820
       7199.0000   0.00073282306
       7200.0000   0.00081021083
       7201.0000   0.00089078947
       7202.0000   0.00097443532
       7203.0000    0.0010608062
       7204.0000    0.0011498332
       7205.0000    0.0012418442
       7206.0000    0.0013370866
       7207.0000    0.0014350003
       7208.0000    0.0015355717
       7209.0000    0.0016388278
       7210.0000    0.0017448745
       7211.0000    0.0018536297
       7212.0000    0.0019651300
       7213.0000    0.0020794246
       7214.0000    0.0021943056
       7215.0000    0.0023114494
       7216.0000    0.0024305497
       7217.0000    0.0025513069
       7218.0000    0.0026693037
       7219.0000    0.0027869325
       7220.0000    0.0029048880
       7221.0000    0.0030228812
       7222.0000    0.0031373027
       7223.0000    0.0032486413
       7224.0000    0.0033587380
       7225.0000    0.0034673015
       7226.0000    0.0035730023
       7227.0000    0.0036753889
       7228.0000    0.0037773866
       7229.0000    0.0038806033
       7230.0000    0.0039867046
       7231.0000    0.0040974988
       7232.0000    0.0042143568
       7233.0000    0.0043389202
       7234.0000    0.0044728623
       7235.0000    0.0046214269
       7236.0000    0.0047831101
       7237.0000    0.0049597755
       7238.0000    0.0051533645
       7239.0000    0.0053708672
       7240.0000    0.0056102672
       7241.0000    0.0058691977
       7242.0000    0.0061461645
       7243.0000    0.0064431925
       7244.0000    0.0067583068
       7245.0000    0.0070881979
       7246.0000    0.0074318079
       7247.0000    0.0077894496
       7248.0000    0.0081610762
       7249.0000    0.0085440121
       7250.0000    0.0089374953
       7251.0000    0.0093406530
       7252.0000    0.0097525662
       7253.0000     0.010173873
       7254.0000     0.010607365
       7255.0000     0.011056364
       7256.0000     0.011519517
       7257.0000     0.012004727
       7258.0000     0.012515632
       7259.0000     0.013056023
       7260.0000     0.013626481
       7261.0000     0.014233374
       7262.0000     0.014881863
       7263.0000     0.015576548
       7264.0000     0.016321784
       7265.0000     0.017122843
       7266.0000     0.017984429
       7267.0000     0.018907885
       7268.0000     0.019893940
       7269.0000     0.020943803
       7270.0000     0.022059738
       7271.0000     0.023243940
       7272.0000     0.024499091
       7273.0000     0.025828510
       7274.0000     0.027235310
       7275.0000     0.028723408
       7276.0000     0.030297196
       7277.0000     0.031969404
       7278.0000     0.033738498
       7279.0000     0.035609297
       7280.0000     0.037583129
       7281.0000     0.039670334
       7282.0000     0.041866844
       7283.0000     0.044172910
       7284.0000     0.046591605
       7285.0000     0.049126245
       7286.0000     0.051781332
       7287.0000     0.054562260
       7288.0000     0.057474896
       7289.0000     0.060517673
       7290.0000     0.063692438
       7291.0000     0.067019053
       7292.0000     0.070506059
       7293.0000     0.074158697
       7294.0000     0.077977124
       7295.0000     0.081980008
       7296.0000     0.086177714
       7297.0000     0.090581756
       7298.0000     0.095225352
       7299.0000      0.10010413
       7300.0000      0.10523367
       7301.0000      0.11063021
       7302.0000      0.11633690
       7303.0000      0.12235894
       7304.0000      0.12871304
       7305.0000      0.13541583
       7306.0000      0.14246885
       7307.0000      0.14985616
       7308.0000      0.15755896
       7309.0000      0.16556724
       7310.0000      0.17387362
       7311.0000      0.18247216
       7312.0000      0.19135674
       7313.0000      0.20052410
       7314.0000      0.20997454
       7315.0000      0.21971418
       7316.0000      0.22973755
       7317.0000      0.24004793
       7318.0000      0.25064392
       7319.0000      0.26158962
       7320.0000      0.27277539
       7321.0000      0.28417400
       7322.0000      0.29575931
       7323.0000      0.30761141
       7324.0000      0.31963580
       7325.0000      0.33178338
       7326.0000      0.34403088
       7327.0000      0.35632314
       7328.0000      0.36864526
       7329.0000      0.38099534
       7330.0000      0.39335059
       7331.0000      0.40560063
       7332.0000      0.41768567
       7333.0000      0.42973674
       7334.0000      0.44175208
       7335.0000      0.45366370
       7336.0000      0.46526155
       7337.0000      0.47679997
       7338.0000      0.48827617
       7339.0000      0.49968702
       7340.0000      0.51102906
       7341.0000      0.52229844
       7342.0000      0.53349094
       7343.0000      0.54460193
       7344.0000      0.55562625
       7345.0000      0.56655801
       7346.0000      0.57739075
       7347.0000      0.58811746
       7348.0000      0.59873054
       7349.0000      0.60922177
       7350.0000      0.61958224
       7351.0000      0.62979933
       7352.0000      0.63986553
       7353.0000      0.64976957
       7354.0000      0.65949930
       7355.0000      0.66904156
       7356.0000      0.67838215
       7357.0000      0.68750827
       7358.0000      0.69641775
       7359.0000      0.70511054
       7360.0000      0.71358533
       7361.0000      0.72183958
       7362.0000      0.72986942
       7363.0000      0.73766976
       7364.0000      0.74523414
       7365.0000      0.75255477
       7366.0000      0.75962242
       7367.0000      0.76642645
       7368.0000      0.77295465
       7369.0000      0.77919324
       7370.0000      0.78513043
       7371.0000      0.79077027
       7372.0000      0.79612047
       7373.0000      0.80118699
       7374.0000      0.80597417
       7375.0000      0.81048467
       7376.0000      0.81471956
       7377.0000      0.81867832
       7378.0000      0.82235874
       7379.0000      0.82575710
       7380.0000      0.82886791
       7381.0000      0.83168406
       7382.0000      0.83419674
       7383.0000      0.83639936
       7384.0000      0.83830423
       7385.0000      0.83992858
       7386.0000      0.84128790
       7387.0000      0.84239615
       7388.0000      0.84326576
       7389.0000      0.84390779
       7390.0000      0.84433193
       7391.0000      0.84454657
       7392.0000      0.84455886
       7393.0000      0.84437474
       7394.0000      0.84399900
       7395.0000      0.84343532
       7396.0000      0.84268873
       7397.0000      0.84177708
       7398.0000      0.84072189
       7399.0000      0.83954379
       7400.0000      0.83826267
       7401.0000      0.83689980
       7402.0000      0.83547190
       7403.0000      0.83399730
       7404.0000      0.83249402
       7405.0000      0.83097991
       7406.0000      0.82947273
       7407.0000      0.82799024
       7408.0000      0.82655031
       7409.0000      0.82516894
       7410.0000      0.82385007
       7411.0000      0.82259356
       7412.0000      0.82139967
       7413.0000      0.82026902
       7414.0000      0.81920257
       7415.0000      0.81820169
       7416.0000      0.81726808
       7417.0000      0.81640391
       7418.0000      0.81561170
       7419.0000      0.81489439
       7420.0000      0.81425539
       7421.0000      0.81369855
       7422.0000      0.81322772
       7423.0000      0.81284452
       7424.0000      0.81254997
       7425.0000      0.81234568
       7426.0000      0.81223375
       7427.0000      0.81221682
       7428.0000      0.81229809
       7429.0000      0.81248137
       7430.0000      0.81277102
       7431.0000      0.81317203
       7432.0000      0.81369011
       7433.0000      0.81433156
       7434.0000      0.81510350
       7435.0000      0.81601163
       7436.0000      0.81704901
       7437.0000      0.81820400
       7438.0000      0.81946569
       7439.0000      0.82082385
       7440.0000      0.82226877
       7441.0000      0.82379132
       7442.0000      0.82538282
       7443.0000      0.82703503
       7444.0000      0.82874005
       7445.0000      0.83049035
       7446.0000      0.83227864
       7447.0000      0.83409791
       7448.0000      0.83594183
       7449.0000      0.83780785
       7450.0000      0.83969503
       7451.0000      0.84160263
       7452.0000      0.84352996
       7453.0000      0.84547651
       7454.0000      0.84744187
       7455.0000      0.84942576
       7456.0000      0.85142799
       7457.0000      0.85344853
       7458.0000      0.85548742
       7459.0000      0.85754486
       7460.0000      0.85962114
       7461.0000      0.86171596
       7462.0000      0.86382408
       7463.0000      0.86593803
       7464.0000      0.86805043
       7465.0000      0.87015385
       7466.0000      0.87224088
       7467.0000      0.87430401
       7468.0000      0.87633559
       7469.0000      0.87832784
       7470.0000      0.88027269
       7471.0000      0.88216190
       7472.0000      0.88398684
       7473.0000      0.88573859
       7474.0000      0.88740979
       7475.0000      0.88900835
       7476.0000      0.89054917
       7477.0000      0.89204679
       7478.0000      0.89351552
       7479.0000      0.89496949
       7480.0000      0.89642271
       7481.0000      0.89788917
       7482.0000      0.89938296
       7483.0000      0.90091830
       7484.0000      0.90250966
       7485.0000      0.90417183
       7486.0000      0.90591996
       7487.0000      0.90776720
       7488.0000      0.90970593
       7489.0000      0.91171857
       7490.0000      0.91378797
       7491.0000      0.91589729
       7492.0000      0.91802998
       7493.0000      0.92016969
       7494.0000      0.92230007
       7495.0000      0.92440479
       7496.0000      0.92646740
       7497.0000      0.92847118
       7498.0000      0.93039915
       7499.0000      0.93223387
       7500.0000      0.93395988
       7501.0000      0.93556556
       7502.0000      0.93708524
       7503.0000      0.93853532
       7504.0000      0.93993176
       7505.0000      0.94129020
       7506.0000      0.94262604
       7507.0000      0.94395452
       7508.0000      0.94529086
       7509.0000      0.94665025
       7510.0000      0.94804808
       7511.0000      0.94949991
       7512.0000      0.95102162
       7513.0000      0.95262711
       7514.0000      0.95430868
       7515.0000      0.95604696
       7516.0000      0.95782285
       7517.0000      0.95961747
       7518.0000      0.96141210
       7519.0000      0.96318806
       7520.0000      0.96492659
       7521.0000      0.96660870
       7522.0000      0.96821517
       7523.0000      0.96972629
       7524.0000      0.97112189
       7525.0000      0.97238111
       7526.0000      0.97348480
       7527.0000      0.97443827
       7528.0000      0.97526039
       7529.0000      0.97596945
       7530.0000      0.97658302
       7531.0000      0.97711814
       7532.0000      0.97759136
       7533.0000      0.97801880
       7534.0000      0.97841637
       7535.0000      0.97879970
       7536.0000      0.97918440
       7537.0000      0.97958603
       7538.0000      0.98002023
       7539.0000      0.98050164
       7540.0000      0.98103257
       7541.0000      0.98160795
       7542.0000      0.98222287
       7543.0000      0.98287263
       7544.0000      0.98355280
       7545.0000      0.98425913
       7546.0000      0.98498751
       7547.0000      0.98573400
       7548.0000      0.98649474
       7549.0000      0.98726599
       7550.0000      0.98804408
       7551.0000      0.98887052
       7552.0000      0.98969654
       7553.0000      0.99051749
       7554.0000      0.99132798
       7555.0000      0.99212262
       7556.0000      0.99289591
       7557.0000      0.99364221
       7558.0000      0.99435579
       7559.0000      0.99503071
       7560.0000      0.99566078
       7561.0000      0.99623960
       7562.0000      0.99676047
       7563.0000      0.99721635
       7564.0000      0.99759982
       7565.0000      0.99790396
       7566.0000      0.99813204
       7567.0000      0.99829409
       7568.0000      0.99839989
       7569.0000      0.99845888
       7570.0000      0.99848019
       7571.0000      0.99888162
       7572.0000      0.99926301
       7573.0000      0.99963296
       7574.0000       1.0000000
       7575.0000      0.99875017
       7576.0000      0.99710852
       7577.0000      0.99548966
       7578.0000      0.99390165
       7579.0000      0.98988408
       7580.0000      0.98425305
       7581.0000      0.97864405
       7582.0000      0.97305275
       7583.0000      0.96403870
       7584.0000      0.94987573
       7585.0000      0.93571579
       7586.0000      0.92155516
       7587.0000      0.90491312
       7588.0000      0.87836413
       7589.0000      0.85180056
       7590.0000      0.82521992
       7591.0000      0.79862008
       7592.0000      0.76242970
       7593.0000      0.72621588
       7594.0000      0.68997869
       7595.0000      0.65371853
       7596.0000      0.61711014
       7597.0000      0.58039913
       7598.0000      0.54366872
       7599.0000      0.50692094
       7600.0000      0.47786049
       7601.0000      0.45389022
       7602.0000      0.42990825
       7603.0000      0.40591636
       7604.0000      0.39076358
       7605.0000      0.38887016
       7606.0000      0.38695976
       7607.0000      0.38503665
       7608.0000      0.38657845
       7609.0000      0.40198031
       7610.0000      0.41736053
       7611.0000      0.43272304
       7612.0000      0.44807241
       7613.0000      0.46823316
       7614.0000      0.48838672
       7615.0000      0.50854033
       7616.0000      0.52870217
       7617.0000      0.54324794
       7618.0000      0.55640903
       7619.0000      0.56959451
       7620.0000      0.58280263
       7621.0000      0.58872864
       7622.0000      0.58980900
       7623.0000      0.59090751
       7624.0000      0.59202076
       7625.0000      0.59053083
       7626.0000      0.58512583
       7627.0000      0.57972590
       7628.0000      0.57432775
       7629.0000      0.56939524
       7630.0000      0.56632407
       7631.0000      0.56324591
       7632.0000      0.56015884
       7633.0000      0.55706095
       7634.0000      0.56082545
       7635.0000      0.56457341
       7636.0000      0.56830219
       7637.0000      0.57200894
       7638.0000      0.58015046
       7639.0000      0.58937717
       7640.0000      0.59856824
       7641.0000      0.60771904
       7642.0000      0.61810107
       7643.0000      0.62928148
       7644.0000      0.64040769
       7645.0000      0.65148230
       7646.0000      0.66271078
       7647.0000      0.67419701
       7648.0000      0.68563979
       7649.0000      0.69704238
       7650.0000      0.70838399
       7651.0000      0.71959768
       7652.0000      0.73078226
       7653.0000      0.74194175
       7654.0000      0.75308046
       7655.0000      0.76314865
       7656.0000      0.77320732
       7657.0000      0.78326160
       7658.0000      0.79331698
       7659.0000      0.80209869
       7660.0000      0.81057524
       7661.0000      0.81907393
       7662.0000      0.82760171
       7663.0000      0.83530398
       7664.0000      0.84247751
       7665.0000      0.84970543
       7666.0000      0.85699663
       7667.0000      0.86385824
       7668.0000      0.87004935
       7669.0000      0.87633412
       7670.0000      0.88270801
       7671.0000      0.88893046
       7672.0000      0.89431914
       7673.0000      0.89973566
       7674.0000      0.90515880
       7675.0000      0.91056690
       7676.0000      0.91491458
       7677.0000      0.91920200
       7678.0000      0.92340567
       7679.0000      0.92750129
       7680.0000      0.93045323
       7681.0000      0.93299339
       7682.0000      0.93534859
       7683.0000      0.93751735
       7684.0000      0.93888980
       7685.0000      0.93970518
       7686.0000      0.94041227
       7687.0000      0.94103606
       7688.0000      0.94144066
       7689.0000      0.94157104
       7690.0000      0.94169293
       7691.0000      0.94183096
       7692.0000      0.94197513
       7693.0000      0.94204659
       7694.0000      0.94221039
       7695.0000      0.94249228
       7696.0000      0.94290083
       7697.0000      0.94326039
       7698.0000      0.94372554
       7699.0000      0.94428602
       7700.0000      0.94493209
       7701.0000      0.94553295
       7702.0000      0.94617150
       7703.0000      0.94686915
       7704.0000      0.94761771
       7705.0000      0.94807291
       7706.0000      0.94833951
       7707.0000      0.94863419
       7708.0000      0.94894969
       7709.0000      0.94911069
       7710.0000      0.94902733
       7711.0000      0.94894773
       7712.0000      0.94886664
       7713.0000      0.94877879
       7714.0000      0.94867888
       7715.0000      0.94856157
       7716.0000      0.94842139
       7717.0000      0.94825281
       7718.0000      0.94805009
       7719.0000      0.94780728
       7720.0000      0.94751830
       7721.0000      0.94717690
       7722.0000      0.94678296
       7723.0000      0.94634369
       7724.0000      0.94586658
       7725.0000      0.94535886
       7726.0000      0.94482752
       7727.0000      0.94427948
       7728.0000      0.94372149
       7729.0000      0.94316027
       7730.0000      0.94260248
       7731.0000      0.94205482
       7732.0000      0.94152402
       7733.0000      0.94101690
       7734.0000      0.94054024
       7735.0000      0.94009482
       7736.0000      0.93967365
       7737.0000      0.93926941
       7738.0000      0.93887484
       7739.0000      0.93848279
       7740.0000      0.93808614
       7741.0000      0.93767771
       7742.0000      0.93725033
       7743.0000      0.93679668
       7744.0000      0.93630931
       7745.0000      0.93578060
       7746.0000      0.93520271
       7747.0000      0.93456765
       7748.0000      0.93387424
       7749.0000      0.93313057
       7750.0000      0.93234505
       7751.0000      0.93151910
       7752.0000      0.93066748
       7753.0000      0.92979797
       7754.0000      0.92891827
       7755.0000      0.92803598
       7756.0000      0.92715867
       7757.0000      0.92629393
       7758.0000      0.92544942
       7759.0000      0.92463290
       7760.0000      0.92385215
       7761.0000      0.92310973
       7762.0000      0.92240069
       7763.0000      0.92171978
       7764.0000      0.92106181
       7765.0000      0.92042183
       7766.0000      0.91979492
       7767.0000      0.91917634
       7768.0000      0.91856134
       7769.0000      0.91794521
       7770.0000      0.91732327
       7771.0000      0.91669077
       7772.0000      0.91604294
       7773.0000      0.91537498
       7774.0000      0.91468586
       7775.0000      0.91398019
       7776.0000      0.91326291
       7777.0000      0.91253893
       7778.0000      0.91181308
       7779.0000      0.91109016
       7780.0000      0.91037504
       7781.0000      0.90967255
       7782.0000      0.90898761
       7783.0000      0.90832527
       7784.0000      0.90769066
       7785.0000      0.90708910
       7786.0000      0.90652597
       7787.0000      0.90600311
       7788.0000      0.90551645
       7789.0000      0.90506169
       7790.0000      0.90463466
       7791.0000      0.90423143
       7792.0000      0.90384816
       7793.0000      0.90348119
       7794.0000      0.90312688
       7795.0000      0.90278177
       7796.0000      0.90244239
       7797.0000      0.90210534
       7798.0000      0.90176724
       7799.0000      0.90142473
       7800.0000      0.90107483
       7801.0000      0.90071524
       7802.0000      0.90034371
       7803.0000      0.89995785
       7804.0000      0.89955525
       7805.0000      0.89913341
       7806.0000      0.89868969
       7807.0000      0.89822134
       7808.0000      0.89772547
       7809.0000      0.89719903
       7810.0000      0.89663881
       7811.0000      0.89604137
       7812.0000      0.89540315
       7813.0000      0.89472428
       7814.0000      0.89401150
       7815.0000      0.89327203
       7816.0000      0.89251292
       7817.0000      0.89174106
       7818.0000      0.89096330
       7819.0000      0.89018640
       7820.0000      0.88941716
       7821.0000      0.88866236
       7822.0000      0.88792885
       7823.0000      0.88722366
       7824.0000      0.88655390
       7825.0000      0.88592686
       7826.0000      0.88534517
       7827.0000      0.88480282
       7828.0000      0.88429306
       7829.0000      0.88380932
       7830.0000      0.88334527
       7831.0000      0.88289465
       7832.0000      0.88245129
       7833.0000      0.88200913
       7834.0000      0.88156205
       7835.0000      0.88110398
       7836.0000      0.88062876
       7837.0000      0.88013014
       7838.0000      0.87960181
       7839.0000      0.87904127
       7840.0000      0.87845363
       7841.0000      0.87784468
       7842.0000      0.87722010
       7843.0000      0.87658544
       7844.0000      0.87594620
       7845.0000      0.87530784
       7846.0000      0.87467580
       7847.0000      0.87405556
       7848.0000      0.87345264
       7849.0000      0.87287268
       7850.0000      0.87232144
       7851.0000      0.87180271
       7852.0000      0.87132073
       7853.0000      0.87086999
       7854.0000      0.87044422
       7855.0000      0.87003728
       7856.0000      0.86964317
       7857.0000      0.86925598
       7858.0000      0.86886981
       7859.0000      0.86847886
       7860.0000      0.86807725
       7861.0000      0.86765906
       7862.0000      0.86721828
       7863.0000      0.86674881
       7864.0000      0.86624438
       7865.0000      0.86570319
       7866.0000      0.86513320
       7867.0000      0.86454346
       7868.0000      0.86394285
       7869.0000      0.86334024
       7870.0000      0.86274438
       7871.0000      0.86216412
       7872.0000      0.86160835
       7873.0000      0.86108609
       7874.0000      0.86060655
       7875.0000      0.86017917
       7876.0000      0.85981366
       7877.0000      0.85952008
       7878.0000      0.85930354
       7879.0000      0.85915754
       7880.0000      0.85907432
       7881.0000      0.85904655
       7882.0000      0.85906726
       7883.0000      0.85912971
       7884.0000      0.85922749
       7885.0000      0.85935438
       7886.0000      0.85950435
       7887.0000      0.85967152
       7888.0000      0.85985012
       7889.0000      0.86003451
       7890.0000      0.86021901
       7891.0000      0.86039928
       7892.0000      0.86057391
       7893.0000      0.86074183
       7894.0000      0.86090201
       7895.0000      0.86105334
       7896.0000      0.86119467
       7897.0000      0.86132480
       7898.0000      0.86144248
       7899.0000      0.86154636
       7900.0000      0.86163503
       7901.0000      0.86170911
       7902.0000      0.86176492
       7903.0000      0.86180078
       7904.0000      0.86181554
       7905.0000      0.86180960
       7906.0000      0.86178350
       7907.0000      0.86173761
       7908.0000      0.86167224
       7909.0000      0.86158754
       7910.0000      0.86148359
       7911.0000      0.86136034
       7912.0000      0.86121761
       7913.0000      0.86105515
       7914.0000      0.86087255
       7915.0000      0.86066933
       7916.0000      0.86044484
       7917.0000      0.86019858
       7918.0000      0.85993062
       7919.0000      0.85964097
       7920.0000      0.85932949
       7921.0000      0.85899600
       7922.0000      0.85864010
       7923.0000      0.85826133
       7924.0000      0.85785901
       7925.0000      0.85743244
       7926.0000      0.85698066
       7927.0000      0.85650266
       7928.0000      0.85599721
       7929.0000      0.85546295
       7930.0000      0.85490128
       7931.0000      0.85432157
       7932.0000      0.85373448
       7933.0000      0.85315062
       7934.0000      0.85258060
       7935.0000      0.85203508
       7936.0000      0.85152483
       7937.0000      0.85106082
       7938.0000      0.85065429
       7939.0000      0.85031678
       7940.0000      0.85006020
       7941.0000      0.84989694
       7942.0000      0.84983990
       7943.0000      0.84989592
       7944.0000      0.85005287
       7945.0000      0.85029554
       7946.0000      0.85060933
       7947.0000      0.85098007
       7948.0000      0.85139392
       7949.0000      0.85183741
       7950.0000      0.85229719
       7951.0000      0.85275803
       7952.0000      0.85320884
       7953.0000      0.85363646
       7954.0000      0.85402758
       7955.0000      0.85436879
       7956.0000      0.85465003
       7957.0000      0.85487250
       7958.0000      0.85503933
       7959.0000      0.85515331
       7960.0000      0.85521686
       7961.0000      0.85523218
       7962.0000      0.85520114
       7963.0000      0.85512537
       7964.0000      0.85500616
       7965.0000      0.85484464
       7966.0000      0.85464162
       7967.0000      0.85439770
       7968.0000      0.85411321
       7969.0000      0.85378988
       7970.0000      0.85343444
       7971.0000      0.85305450
       7972.0000      0.85265753
       7973.0000      0.85225087
       7974.0000      0.85184182
       7975.0000      0.85143760
       7976.0000      0.85104550
       7977.0000      0.85067283
       7978.0000      0.85032699
       7979.0000      0.85001559
       7980.0000      0.84974633
       7981.0000      0.84952723
       7982.0000      0.84936329
       7983.0000      0.84924838
       7984.0000      0.84917424
       7985.0000      0.84913283
       7986.0000      0.84911630
       7987.0000      0.84911700
       7988.0000      0.84912739
       7989.0000      0.84913999
       7990.0000      0.84914737
       7991.0000      0.84914207
       7992.0000      0.84911660
       7993.0000      0.84906333
       7994.0000      0.84897451
       7995.0000      0.84884413
       7996.0000      0.84867316
       7997.0000      0.84846400
       7998.0000      0.84821881
       7999.0000      0.84793956
       8000.0000      0.84762794
       8001.0000      0.84734855
       8002.0000      0.84703968
       8003.0000      0.84670255
       8004.0000      0.84633815
       8005.0000      0.84594737
       8006.0000      0.84553088
       8007.0000      0.84508923
       8008.0000      0.84462318
       8009.0000      0.84413453
       8010.0000      0.84362537
       8011.0000      0.84309759
       8012.0000      0.84255303
       8013.0000      0.84199333
       8014.0000      0.84142012
       8015.0000      0.84083494
       8016.0000      0.84023922
       8017.0000      0.83963436
       8018.0000      0.83902166
       8019.0000      0.83840243
       8020.0000      0.83777788
       8021.0000      0.83714924
       8022.0000      0.83651784
       8023.0000      0.83588503
       8024.0000      0.83525214
       8025.0000      0.83462051
       8026.0000      0.83399145
       8027.0000      0.83336631
       8028.0000      0.83274646
       8029.0000      0.83213328
       8030.0000      0.83152820
       8031.0000      0.83093268
       8032.0000      0.83034827
       8033.0000      0.82977653
       8034.0000      0.82921848
       8035.0000      0.82867231
       8036.0000      0.82813553
       8037.0000      0.82760567
       8038.0000      0.82708032
       8039.0000      0.82655713
       8040.0000      0.82603370
       8041.0000      0.82550771
       8042.0000      0.82497677
       8043.0000      0.82443849
       8044.0000      0.82389041
       8045.0000      0.82333010
       8046.0000      0.82275493
       8047.0000      0.82216304
       8048.0000      0.82155588
       8049.0000      0.82093577
       8050.0000      0.82030503
       8051.0000      0.81966388
       8052.0000      0.81901643
       8053.0000      0.81836482
       8054.0000      0.81771110
       8055.0000      0.81705734
       8056.0000      0.81640560
       8057.0000      0.81575794
       8058.0000      0.81511646
       8059.0000      0.81448324
       8060.0000      0.81386011
       8061.0000      0.81324712
       8062.0000      0.81264387
       8063.0000      0.81204997
       8064.0000      0.81146513
       8065.0000      0.81088911
       8066.0000      0.81032169
       8067.0000      0.80976270
       8068.0000      0.80921206
       8069.0000      0.80866971
       8070.0000      0.80813564
       8071.0000      0.80760988
       8072.0000      0.80709255
       8073.0000      0.80658348
       8074.0000      0.80608109
       8075.0000      0.80558343
       8076.0000      0.80508850
       8077.0000      0.80459436
       8078.0000      0.80409905
       8079.0000      0.80360065
       8080.0000      0.80309719
       8081.0000      0.80258668
       8082.0000      0.80206711
       8083.0000      0.80153638
       8084.0000      0.80099235
       8085.0000      0.80043282
       8086.0000      0.79985583
       8087.0000      0.79926133
       8088.0000      0.79864983
       8089.0000      0.79802175
       8090.0000      0.79737738
       8091.0000      0.79671696
       8092.0000      0.79604059
       8093.0000      0.79534830
       8094.0000      0.79464001
       8095.0000      0.79391556
       8096.0000      0.79317468
       8097.0000      0.79241700
       8098.0000      0.79164207
       8099.0000      0.79084972
       8100.0000      0.79004225
       8101.0000      0.78922267
       8102.0000      0.78839401
       8103.0000      0.78755916
       8104.0000      0.78612958
       8105.0000      0.78430711
       8106.0000      0.78248913
       8107.0000      0.78067847
       8108.0000      0.77915419
       8109.0000      0.77805643
       8110.0000      0.77697320
       8111.0000      0.77590749
       8112.0000      0.77487964
       8113.0000      0.77394244
       8114.0000      0.77302360
       8115.0000      0.77212190
       8116.0000      0.77123624
       8117.0000      0.77028763
       8118.0000      0.76935324
       8119.0000      0.76843222
       8120.0000      0.76752381
       8121.0000      0.76621482
       8122.0000      0.76481458
       8123.0000      0.76342583
       8124.0000      0.76204804
       8125.0000      0.76032900
       8126.0000      0.75838539
       8127.0000      0.75645009
       8128.0000      0.75452157
       8129.0000      0.75254950
       8130.0000      0.75050810
       8131.0000      0.74846919
       8132.0000      0.74643129
       8133.0000      0.74444356
       8134.0000      0.74265578
       8135.0000      0.74086429
       8136.0000      0.73906765
       8137.0000      0.73726432
       8138.0000      0.73568794
       8139.0000      0.73410502
       8140.0000      0.73251834
       8141.0000      0.73093064
       8142.0000      0.72935124
       8143.0000      0.72777785
       8144.0000      0.72621149
       8145.0000      0.72465485
       8146.0000      0.72303077
       8147.0000      0.72136879
       8148.0000      0.71972505
       8149.0000      0.71810240
       8150.0000      0.71649246
       8151.0000      0.71489214
       8152.0000      0.71331714
       8153.0000      0.71176449
       8154.0000      0.71024922
       8155.0000      0.70882207
       8156.0000      0.70740903
       8157.0000      0.70600761
       8158.0000      0.70461539
       8159.0000      0.70343445
       8160.0000      0.70225788
       8161.0000      0.70108340
       8162.0000      0.69990883
       8163.0000      0.69905922
       8164.0000      0.69828690
       8165.0000      0.69751007
       8166.0000      0.69672993
       8167.0000      0.68881311
       8168.0000      0.67615052
       8169.0000      0.67625651
       8170.0000      0.67636288
       8171.0000      0.67647077
       8172.0000      0.67658131
       8173.0000      0.67992588
       8174.0000      0.68327226
       8175.0000      0.68662179
       8176.0000      0.68997580
       8177.0000      0.69112223
       8178.0000      0.69227498
       8179.0000      0.69343148
       8180.0000      0.69458920
       8181.0000      0.69051970
       8182.0000      0.68645082
       8183.0000      0.68238011
       8184.0000      0.67830509
       8185.0000      0.68064779
       8186.0000      0.68297504
       8187.0000      0.68528397
       8188.0000      0.68757153
       8189.0000      0.68950813
       8190.0000      0.69141799
       8191.0000      0.69330489
       8192.0000      0.69517596
       8193.0000      0.69361516
       8194.0000      0.69205746
       8195.0000      0.69051007
       8196.0000      0.68898014
       8197.0000      0.68908861
       8198.0000      0.68922730
       8199.0000      0.68940387
       8200.0000      0.68962626
       8201.0000      0.68941657
       8202.0000      0.68926964
       8203.0000      0.68919304
       8204.0000      0.68918281
       8205.0000      0.69348767
       8206.0000      0.69783979
       8207.0000      0.70223029
       8208.0000      0.70665038
       8209.0000      0.71161828
       8210.0000      0.71659815
       8211.0000      0.72158087
       8212.0000      0.72655710
       8213.0000      0.72635861
       8214.0000      0.72613250
       8215.0000      0.72586922
       8216.0000      0.72556007
       8217.0000      0.72442581
       8218.0000      0.72325505
       8219.0000      0.72205525
       8220.0000      0.72083373
       8221.0000      0.71935449
       8222.0000      0.71786764
       8223.0000      0.71638002
       8224.0000      0.71489841
       8225.0000      0.70971087
       8226.0000      0.70454380
       8227.0000      0.69940357
       8228.0000      0.69429653
       8229.0000      0.68138286
       8230.0000      0.66850459
       8231.0000      0.65565372
       8232.0000      0.64282286
       8233.0000      0.63723831
       8234.0000      0.63166344
       8235.0000      0.62609277
       8236.0000      0.62052102
       8237.0000      0.63223545
       8238.0000      0.64394512
       8239.0000      0.65564408
       8240.0000      0.66732597
       8241.0000      0.67711079
       8242.0000      0.68686451
       8243.0000      0.69658511
       8244.0000      0.70627378
       8245.0000      0.70734954
       8246.0000      0.70839803
       8247.0000      0.70942123
       8248.0000      0.71042103
       8249.0000      0.71226093
       8250.0000      0.71408038
       8251.0000      0.71590491
       8252.0000      0.71771197
       8253.0000      0.71956957
       8254.0000      0.72141214
       8255.0000      0.72324104
       8256.0000      0.72505998
       8257.0000      0.72185391
       8258.0000      0.71865224
       8259.0000      0.71546033
       8260.0000      0.71228355
       8261.0000      0.70965639
       8262.0000      0.70705468
       8263.0000      0.70448385
       8264.0000      0.70194940
       8265.0000      0.70408313
       8266.0000      0.70626430
       8267.0000      0.70849996
       8268.0000      0.71079677
       8269.0000      0.71356016
       8270.0000      0.71637059
       8271.0000      0.71921727
       8272.0000      0.72208951
       8273.0000      0.72044878
       8274.0000      0.71880879
       8275.0000      0.71715880
       8276.0000      0.71548819
       8277.0000      0.71015935
       8278.0000      0.70478697
       8279.0000      0.69936107
       8280.0000      0.69387177
       8281.0000      0.69260967
       8282.0000      0.69127713
       8283.0000      0.68988470
       8284.0000      0.68844275
       8285.0000      0.68997707
       8286.0000      0.69147913
       8287.0000      0.69295802
       8288.0000      0.69442281
       8289.0000      0.69500451
       8290.0000      0.69559103
       8291.0000      0.69619159
       8292.0000      0.69681545
       8293.0000      0.69613439
       8294.0000      0.69549595
       8295.0000      0.69490036
       8296.0000      0.69434107
       8297.0000      0.69585612
       8298.0000      0.69739431
       8299.0000      0.69894963
       8300.0000      0.70051616
       8301.0000      0.70242954
       8302.0000      0.70434233
       8303.0000      0.70624854
       8304.0000      0.70814214
       8305.0000      0.70764295
       8306.0000      0.70711925
       8307.0000      0.70656504
       8308.0000      0.70597864
       8309.0000      0.70592781
       8310.0000      0.70584799
       8311.0000      0.70574065
       8312.0000      0.70560710
       8313.0000      0.70775273
       8314.0000      0.70987230
       8315.0000      0.71196646
       8316.0000      0.71403572
       8317.0000      0.71308403
       8318.0000      0.71211157
       8319.0000      0.71111875
       8320.0000      0.71010599
       8321.0000      0.70639375
       8322.0000      0.70267371
       8323.0000      0.69895137
       8324.0000      0.69523207
       8325.0000      0.69416443
       8326.0000      0.69310662
       8327.0000      0.69206388
       8328.0000      0.69104148
       8329.0000      0.69427667
       8330.0000      0.69753851
       8331.0000      0.70083332
       8332.0000      0.70416773
       8333.0000      0.70499414
       8334.0000      0.70586693
       8335.0000      0.70677695
       8336.0000      0.70771494
       8337.0000      0.70732516
       8338.0000      0.70694564
       8339.0000      0.70656731
       8340.0000      0.70618120
       8341.0000      0.70578137
       8342.0000      0.70535569
       8343.0000      0.70489497
       8344.0000      0.70438983
       8345.0000      0.70532081
       8346.0000      0.70618684
       8347.0000      0.70698755
       8348.0000      0.70773164
       8349.0000      0.70874318
       8350.0000      0.70971508
       8351.0000      0.71065409
       8352.0000      0.71157017
       8353.0000      0.71075014
       8354.0000      0.70992672
       8355.0000      0.70910809
       8356.0000      0.70830252
       8357.0000      0.70703545
       8358.0000      0.70579881
       8359.0000      0.70460073
       8360.0000      0.70344278
       8361.0000      0.70287534
       8362.0000      0.70233711
       8363.0000      0.70182315
       8364.0000      0.70132874
       8365.0000      0.70150565
       8366.0000      0.70169229
       8367.0000      0.70188419
       8368.0000      0.70207693
       8369.0000      0.70222053
       8370.0000      0.70235619
       8371.0000      0.70247944
       8372.0000      0.70258579
       8373.0000      0.70241692
       8374.0000      0.70222945
       8375.0000      0.70202362
       8376.0000      0.70179949
       8377.0000      0.70105639
       8378.0000      0.70029561
       8379.0000      0.69951702
       8380.0000      0.69872033
       8381.0000      0.69833011
       8382.0000      0.69792020
       8383.0000      0.69748996
       8384.0000      0.69703864
       8385.0000      0.69681524
       8386.0000      0.69657087
       8387.0000      0.69630944
       8388.0000      0.69603488
       8389.0000      0.69520217
       8390.0000      0.69436513
       8391.0000      0.69352750
       8392.0000      0.69269309
       8393.0000      0.69228668
       8394.0000      0.69189019
       8395.0000      0.69150755
       8396.0000      0.69114271
       8397.0000      0.69064713
       8398.0000      0.69017776
       8399.0000      0.68973574
       8400.0000      0.68931873
       8401.0000      0.68881585
       8402.0000      0.68833348
       8403.0000      0.68786943
       8404.0000      0.68742165
       8405.0000      0.68697217
       8406.0000      0.68653521
       8407.0000      0.68610896
       8408.0000      0.68569171
       8409.0000      0.68498903
       8410.0000      0.68429243
       8411.0000      0.68360032
       8412.0000      0.68291141
       8413.0000      0.68243963
       8414.0000      0.68196887
       8415.0000      0.68149817
       8416.0000      0.68102658
       8417.0000      0.68079943
       8418.0000      0.68056918
       8419.0000      0.68033491
       8420.0000      0.68009558
       8421.0000      0.67975272
       8422.0000      0.67940288
       8423.0000      0.67904492
       8424.0000      0.67867775
       8425.0000      0.67857909
       8426.0000      0.67847126
       8427.0000      0.67835505
       8428.0000      0.67823111
       8429.0000      0.67786752
       8430.0000      0.67749786
       8431.0000      0.67712271
       8432.0000      0.67674266
       8433.0000      0.67605094
       8434.0000      0.67535580
       8435.0000      0.67465771
       8436.0000      0.67395717
       8437.0000      0.67331319
       8438.0000      0.67266739
       8439.0000      0.67201988
       8440.0000      0.67137078
       8441.0000      0.67082446
       8442.0000      0.67027651
       8443.0000      0.66972699
       8444.0000      0.66917592
       8445.0000      0.66879894
       8446.0000      0.66842022
       8447.0000      0.66803973
       8448.0000      0.66765748
       8449.0000      0.66726544
       8450.0000      0.66687165
       8451.0000      0.66647578
       8452.0000      0.66608250
       8453.0000      0.66566657
       8454.0000      0.66525979
       8455.0000      0.66486548
       8456.0000      0.66448702
       8457.0000      0.66405959
       8458.0000      0.66365517
       8459.0000      0.66327744
       8460.0000      0.66293031
       8461.0000      0.66249825
       8462.0000      0.66210512
       8463.0000      0.66175531
       8464.0000      0.66144965
       8465.0000      0.66121257
       8466.0000      0.66101026
       8467.0000      0.66083814
       8468.0000      0.66069185
       8469.0000      0.66075522
       8470.0000      0.66083606
       8471.0000      0.66093044
       8472.0000      0.66103447
       8473.0000      0.66107257
       8474.0000      0.66111278
       8475.0000      0.66115133
       8476.0000      0.66118450
       8477.0000      0.66110531
       8478.0000      0.66101881
       8479.0000      0.66092546
       8480.0000      0.66082566
       8481.0000      0.66062144
       8482.0000      0.66041145
       8483.0000      0.66019603
       8484.0000      0.65997542
       8485.0000      0.65984879
       8486.0000      0.65971741
       8487.0000      0.65958143
       8488.0000      0.65944099
       8489.0000      0.65933218
       8490.0000      0.65921832
       8491.0000      0.65909734
       8492.0000      0.65896695
       8493.0000      0.65879009
       8494.0000      0.65859920
       8495.0000      0.65839184
       8496.0000      0.65816551
       8497.0000      0.65796517
       8498.0000      0.65774044
       8499.0000      0.65748842
       8500.0000      0.65720606
       8501.0000      0.65694590
       8502.0000      0.65664878
       8503.0000      0.65631534
       8504.0000      0.65595339
       8505.0000      0.65553352
       8506.0000      0.65510193
       8507.0000      0.65466687
       8508.0000      0.65423651
       8509.0000      0.65377059
       8510.0000      0.65332588
       8511.0000      0.65291072
       8512.0000      0.65253363
       8513.0000      0.65211415
       8514.0000      0.65175047
       8515.0000      0.65145182
       8516.0000      0.65122078
       8517.0000      0.65113674
       8518.0000      0.65109955
       8519.0000      0.65109866
       8520.0000      0.65112372
       8521.0000      0.65134265
       8522.0000      0.65156739
       8523.0000      0.65178797
       8524.0000      0.65199439
       8525.0000      0.65211535
       8526.0000      0.65220190
       8527.0000      0.65224367
       8528.0000      0.65223010
       8529.0000      0.65215809
       8530.0000      0.65202977
       8531.0000      0.65185056
       8532.0000      0.65162556
       8533.0000      0.65132492
       8534.0000      0.65098797
       8535.0000      0.65061911
       8536.0000      0.65022251
       8537.0000      0.64973572
       8538.0000      0.64922918
       8539.0000      0.64870664
       8540.0000      0.64817175
       8541.0000      0.64758364
       8542.0000      0.64699013
       8543.0000      0.64639411
       8544.0000      0.64579841
       8545.0000      0.64527096
       8546.0000      0.64474938
       8547.0000      0.64423654
       8548.0000      0.64373534
       8549.0000      0.64334099
       8550.0000      0.64296416
       8551.0000      0.64260801
       8552.0000      0.64227581
       8553.0000      0.64190384
       8554.0000      0.64156286
       8555.0000      0.64125453
       8556.0000      0.64097622
       8557.0000      0.64065035
       8558.0000      0.64034867
       8559.0000      0.64006845
       8560.0000      0.63980709
       8561.0000      0.63965735
       8562.0000      0.63952159
       8563.0000      0.63939752
       8564.0000      0.63928295
       8565.0000      0.63919556
       8566.0000      0.63911343
       8567.0000      0.63903448
       8568.0000      0.63895678
       8569.0000      0.63883245
       8570.0000      0.63870576
       8571.0000      0.63857487
       8572.0000      0.63843796
       8573.0000      0.63822918
       8574.0000      0.63801065
       8575.0000      0.63778040
       8576.0000      0.63753645
       8577.0000      0.63728225
       8578.0000      0.63701008
       8579.0000      0.63671763
       8580.0000      0.63640252
       8581.0000      0.63618505
       8582.0000      0.63594427
       8583.0000      0.63568132
       8584.0000      0.63539721
       8585.0000      0.63506473
       8586.0000      0.63471280
       8587.0000      0.63434207
       8588.0000      0.63395311
       8589.0000      0.63348869
       8590.0000      0.63300686
       8591.0000      0.63250791
       8592.0000      0.63199193
       8593.0000      0.63145233
       8594.0000      0.63089654
       8595.0000      0.63032743
       8596.0000      0.62974819
       8597.0000      0.62919790
       8598.0000      0.62864347
       8599.0000      0.62808791
       8600.0000      0.62753418
       8601.0000      0.62698105
       8602.0000      0.62643575
       8603.0000      0.62590134
       8604.0000      0.62538089
       8605.0000      0.62486278
       8606.0000      0.62436511
       8607.0000      0.62388919
       8608.0000      0.62343080
       8609.0000      0.62297697
       8610.0000      0.62253072
       8611.0000      0.62208717
       8612.0000      0.62164145
       8613.0000      0.62118387
       8614.0000      0.62071437
       8615.0000      0.62022797
       8616.0000      0.61971966
       8617.0000      0.61920066
       8618.0000      0.61864922
       8619.0000      0.61805985
       8620.0000      0.61742947
       8621.0000      0.61676399
       8622.0000      0.61606701
       8623.0000      0.61534368
       8624.0000      0.61459889
       8625.0000      0.61382932
       8626.0000      0.61304783
       8627.0000      0.61225903
       8628.0000      0.61146749
       8629.0000      0.61067589
       8630.0000      0.60989058
       8631.0000      0.60911613
       8632.0000      0.60835714
       8633.0000      0.60762357
       8634.0000      0.60690720
       8635.0000      0.60620583
       8636.0000      0.60551744
       8637.0000      0.60484141
       8638.0000      0.60417444
       8639.0000      0.60351467
       8640.0000      0.60286027
       8641.0000      0.60220554
       8642.0000      0.60155268
       8643.0000      0.60089991
       8644.0000      0.60024547
       8645.0000      0.59958644
       8646.0000      0.59892335
       8647.0000      0.59825897
       8648.0000      0.59759681
       8649.0000      0.59694017
       8650.0000      0.59629270
       8651.0000      0.59565799
       8652.0000      0.59503959
       8653.0000      0.59444022
       8654.0000      0.59386470
       8655.0000      0.59331698
       8656.0000      0.59280113
       8657.0000      0.59232042
       8658.0000      0.59188034
       8659.0000      0.59148300
       8660.0000      0.59112200
       8661.0000      0.59079275
       8662.0000      0.59048400
       8663.0000      0.59018811
       8664.0000      0.58989745
       8665.0000      0.58960524
       8666.0000      0.58930317
       8667.0000      0.58898370
       8668.0000      0.58863917
       8669.0000      0.58826027
       8670.0000      0.58784054
       8671.0000      0.58737177
       8672.0000      0.58684855
       8673.0000      0.58627560
       8674.0000      0.58566068
       8675.0000      0.58501080
       8676.0000      0.58433275
       8677.0000      0.58363317
       8678.0000      0.58291852
       8679.0000      0.58219519
       8680.0000      0.58146944
       8681.0000      0.58074760
       8682.0000      0.58003590
       8683.0000      0.57934070
       8684.0000      0.57866839
       8685.0000      0.57802419
       8686.0000      0.57740850
       8687.0000      0.57682076
       8688.0000      0.57626056
       8689.0000      0.57572765
       8690.0000      0.57522193
       8691.0000      0.57474349
       8692.0000      0.57429254
       8693.0000      0.57386947
       8694.0000      0.57347486
       8695.0000      0.57310941
       8696.0000      0.57277402
       8697.0000      0.57246973
       8698.0000      0.57219667
       8699.0000      0.57195055
       8700.0000      0.57172611
       8701.0000      0.57151822
       8702.0000      0.57132191
       8703.0000      0.57113223
       8704.0000      0.57094433
       8705.0000      0.57075335
       8706.0000      0.57055444
       8707.0000      0.57034270
       8708.0000      0.57011317
       8709.0000      0.56986081
       8710.0000      0.56958047
       8711.0000      0.56926849
       8712.0000      0.56892818
       8713.0000      0.56856452
       8714.0000      0.56818240
       8715.0000      0.56778651
       8716.0000      0.56738151
       8717.0000      0.56697199
       8718.0000      0.56656244
       8719.0000      0.56615745
       8720.0000      0.56576152
       8721.0000      0.56537924
       8722.0000      0.56501529
       8723.0000      0.56467441
       8724.0000      0.56436019
       8725.0000      0.56407070
       8726.0000      0.56380255
       8727.0000      0.56355244
       8728.0000      0.56331725
       8729.0000      0.56309395
       8730.0000      0.56287954
       8731.0000      0.56267112
       8732.0000      0.56246580
       8733.0000      0.56226076
       8734.0000      0.56205315
       8735.0000      0.56184014
       8736.0000      0.56161885
       8737.0000      0.56138701
       8738.0000      0.56114508
       8739.0000      0.56089437
       8740.0000      0.56063610
       8741.0000      0.56037145
       8742.0000      0.56010158
       8743.0000      0.55982758
       8744.0000      0.55955058
       8745.0000      0.55927160
       8746.0000      0.55899170
       8747.0000      0.55871194
       8748.0000      0.55843339
       8749.0000      0.55815704
       8750.0000      0.55788372
       8751.0000      0.55766235
       8752.0000      0.55744242
       8753.0000      0.55722295
       8754.0000      0.55700303
       8755.0000      0.55678166
       8756.0000      0.55655789
       8757.0000      0.55633036
       8758.0000      0.55609847
       8759.0000      0.55586122
       8760.0000      0.55561758
       8761.0000      0.55536393
       8762.0000      0.55510171
       8763.0000      0.55483015
       8764.0000      0.55455065
       8765.0000      0.55426520
       8766.0000      0.55397598
       8767.0000      0.55368504
       8768.0000      0.55339437
       8769.0000      0.55310809
       8770.0000      0.55282615
       8771.0000      0.55255058
       8772.0000      0.55228348
       8773.0000      0.55202392
       8774.0000      0.55177718
       8775.0000      0.55154547
       8776.0000      0.55133073
       8777.0000      0.55113519
       8778.0000      0.55095508
       8779.0000      0.55078933
       8780.0000      0.55063702
       8781.0000      0.55047714
       8782.0000      0.55032902
       8783.0000      0.55019192
       8784.0000      0.55006517
       8785.0000      0.54995823
       8786.0000      0.54986050
       8787.0000      0.54977151
       8788.0000      0.54969084
       8789.0000      0.54965238
       8790.0000      0.54961867
       8791.0000      0.54958617
       8792.0000      0.54955127
       8793.0000      0.54950290
       8794.0000      0.54944501
       8795.0000      0.54937398
       8796.0000      0.54928608
       8797.0000      0.54916407
       8798.0000      0.54901752
       8799.0000      0.54884236
       8800.0000      0.54863442
       8801.0000      0.54836794
       8802.0000      0.54806053
       8803.0000      0.54771353
       8804.0000      0.54733010
       8805.0000      0.54689812
       8806.0000      0.54643536
       8807.0000      0.54594438
       8808.0000      0.54542753
       8809.0000      0.54492370
       8810.0000      0.54439819
       8811.0000      0.54385295
       8812.0000      0.54328978
       8813.0000      0.54271946
       8814.0000      0.54213447
       8815.0000      0.54153646
       8816.0000      0.54092810
       8817.0000      0.54029709
       8818.0000      0.53966170
       8819.0000      0.53902486
       8820.0000      0.53838945
       8821.0000      0.53773339
       8822.0000      0.53708464
       8823.0000      0.53644618
       8824.0000      0.53582102
       8825.0000      0.53522497
       8826.0000      0.53464843
       8827.0000      0.53409467
       8828.0000      0.53356638
       8829.0000      0.53312258
       8830.0000      0.53269738
       8831.0000      0.53228648
       8832.0000      0.53188567
       8833.0000      0.53144481
       8834.0000      0.53100584
       8835.0000      0.53056468
       8836.0000      0.53011724
       8837.0000      0.52962855
       8838.0000      0.52912533
       8839.0000      0.52860333
       8840.0000      0.52805822
       8841.0000      0.52751738
       8842.0000      0.52695266
       8843.0000      0.52636980
       8844.0000      0.52577453
       8845.0000      0.52520751
       8846.0000      0.52463911
       8847.0000      0.52407486
       8848.0000      0.52352029
       8849.0000      0.52294946
       8850.0000      0.52239962
       8851.0000      0.52187527
       8852.0000      0.52138359
       8853.0000      0.52089419
       8854.0000      0.52044915
       8855.0000      0.52004805
       8856.0000      0.51968781
       8857.0000      0.51926344
       8858.0000      0.51887450
       8859.0000      0.51851854
       8860.0000      0.51819334
       8861.0000      0.51785426
       8862.0000      0.51754203
       8863.0000      0.51725489
       8864.0000      0.51699128
       8865.0000      0.51702691
       8866.0000      0.51708330
       8867.0000      0.51715902
       8868.0000      0.51724977
       8869.0000      0.51732327
       8870.0000      0.51740048
       8871.0000      0.51747579
       8872.0000      0.51754359
       8873.0000      0.51758828
       8874.0000      0.51761412
       8875.0000      0.51761533
       8876.0000      0.51758598
       8877.0000      0.51746880
       8878.0000      0.51730868
       8879.0000      0.51709911
       8880.0000      0.51683420
       8881.0000      0.51627970
       8882.0000      0.51567964
       8883.0000      0.51504070
       8884.0000      0.51436929
       8885.0000      0.51388885
       8886.0000      0.51338776
       8887.0000      0.51287191
       8888.0000      0.51234702
       8889.0000      0.51206535
       8890.0000      0.51178552
       8891.0000      0.51151318
       8892.0000      0.51125410
       8893.0000      0.51083440
       8894.0000      0.51043340
       8895.0000      0.51004805
       8896.0000      0.50967533
       8897.0000      0.50913529
       8898.0000      0.50860240
       8899.0000      0.50807384
       8900.0000      0.50754685
       8901.0000      0.50702686
       8902.0000      0.50650287
       8903.0000      0.50597211
       8904.0000      0.50543176
       8905.0000      0.50504665
       8906.0000      0.50464591
       8907.0000      0.50422715
       8908.0000      0.50378823
       8909.0000      0.50333736
       8910.0000      0.50286169
       8911.0000      0.50235866
       8912.0000      0.50182561
       8913.0000      0.50119506
       8914.0000      0.50052877
       8915.0000      0.49982347
       8916.0000      0.49907573
       8917.0000      0.49814187
       8918.0000      0.49715833
       8919.0000      0.49612105
       8920.0000      0.49502698
       8921.0000      0.49375885
       8922.0000      0.49242905
       8923.0000      0.49103442
       8924.0000      0.48957142
       8925.0000      0.48836556
       8926.0000      0.48708115
       8927.0000      0.48571322
       8928.0000      0.48425630
       8929.0000      0.48218024
       8930.0000      0.48000640
       8931.0000      0.47772801
       8932.0000      0.47533796
       8933.0000      0.47233241
       8934.0000      0.46921340
       8935.0000      0.46597835
       8936.0000      0.46262387
       8937.0000      0.46024233
       8938.0000      0.45771964
       8939.0000      0.45504915
       8940.0000      0.45222339
       8941.0000      0.44935826
       8942.0000      0.44631820
       8943.0000      0.44309268
       8944.0000      0.43967008
       8945.0000      0.43522016
       8946.0000      0.43057984
       8947.0000      0.42576254
       8948.0000      0.42078069
       8949.0000      0.41533704
       8950.0000      0.40975739
       8951.0000      0.40405031
       8952.0000      0.39822533
       8953.0000      0.39182017
       8954.0000      0.38532413
       8955.0000      0.37874358
       8956.0000      0.37208410
       8957.0000      0.36518631
       8958.0000      0.35822404
       8959.0000      0.35120893
       8960.0000      0.34415734
       8961.0000      0.33804642
       8962.0000      0.33189641
       8963.0000      0.32572149
       8964.0000      0.31953549
       8965.0000      0.31176300
       8966.0000      0.30406625
       8967.0000      0.29645828
       8968.0000      0.28895186
       8969.0000      0.28220679
       8970.0000      0.27556263
       8971.0000      0.26903181
       8972.0000      0.26262010
       8973.0000      0.25755767
       8974.0000      0.25256666
       8975.0000      0.24764986
       8976.0000      0.24281052
       8977.0000      0.23772873
       8978.0000      0.23274564
       8979.0000      0.22786565
       8980.0000      0.22309363
       8981.0000      0.21946328
       8982.0000      0.21591056
       8983.0000      0.21244388
       8984.0000      0.20907176
       8985.0000      0.20460931
       8986.0000      0.20027865
       8987.0000      0.19606986
       8988.0000      0.19197366
       8989.0000      0.18573082
       8990.0000      0.17967013
       8991.0000      0.17378132
       8992.0000      0.16805495
       8993.0000      0.16253609
       8994.0000      0.15716087
       8995.0000      0.15192192
       8996.0000      0.14681248
       8997.0000      0.14646140
       8998.0000      0.14604463
       8999.0000      0.14555646
       9000.0000      0.14499077
       9001.0000      0.14357179
       9002.0000      0.14209395
       9003.0000      0.14054998
       9004.0000      0.13893229
       9005.0000      0.13459682
       9006.0000      0.13029282
       9007.0000      0.12601338
       9008.0000      0.12175163
       9009.0000      0.11868285
       9010.0000      0.11555515
       9011.0000      0.11237134
       9012.0000      0.10914356
       9013.0000      0.10627641
       9014.0000      0.10336482
       9015.0000      0.10042069
       9016.0000     0.097456010
       9017.0000     0.093958746
       9018.0000     0.090502798
       9019.0000     0.087100234
       9020.0000     0.083763268
       9021.0000     0.080535894
       9022.0000     0.077396839
       9023.0000     0.074358850
       9024.0000     0.071426659
       9025.0000     0.068814453
       9026.0000     0.066286181
       9027.0000     0.063840908
       9028.0000     0.061478231
       9029.0000     0.059095477
       9030.0000     0.056804161
       9031.0000     0.054604990
       9032.0000     0.052499197
       9033.0000     0.050917025
       9034.0000     0.049399550
       9035.0000     0.047952271
       9036.0000     0.046581132
       9037.0000     0.045278669
       9038.0000     0.044049036
       9039.0000     0.042887687
       9040.0000     0.041790420
       9041.0000     0.040492253
       9042.0000     0.039267355
       9043.0000     0.038111037
       9044.0000     0.037019007
       9045.0000     0.035816587
       9046.0000     0.034680787
       9047.0000     0.033607572
       9048.0000     0.032593281
       9049.0000     0.031793658
       9050.0000     0.031037250
       9051.0000     0.030319690
       9052.0000     0.029636628
       9053.0000     0.028936905
       9054.0000     0.028265895
       9055.0000     0.027619707
       9056.0000     0.026994605
       9057.0000     0.026349855
       9058.0000     0.025720762
       9059.0000     0.025103860
       9060.0000     0.024495768
       9061.0000     0.023920096
       9062.0000     0.023345420
       9063.0000     0.022770512
       9064.0000     0.022196258
       9065.0000     0.021517494
       9066.0000     0.020846950
       9067.0000     0.020185573
       9068.0000     0.019534301
       9069.0000     0.018858494
       9070.0000     0.018196693
       9071.0000     0.017549811
       9072.0000     0.016918769
       9073.0000     0.016226380
       9074.0000     0.015556343
       9075.0000     0.014909435
       9076.0000     0.014285708
       9077.0000     0.013887322
       9078.0000     0.013498495
       9079.0000     0.013119109
       9080.0000     0.012749108
       9081.0000     0.012416710
       9082.0000     0.012092053
       9083.0000     0.011775342
       9084.0000     0.011466849
       9085.0000     0.011103526
       9086.0000     0.010753005
       9087.0000     0.010415558
       9088.0000     0.010091506
       9089.0000    0.0098287863
       9090.0000    0.0095758574
       9091.0000    0.0093322490
       9092.0000    0.0090975499
       9093.0000    0.0088645031
       9094.0000    0.0086400933
       9095.0000    0.0084240500
       9096.0000    0.0082161541
       9097.0000    0.0080039950
       9098.0000    0.0078003515
       9099.0000    0.0076051161
       9100.0000    0.0074182320
       9101.0000    0.0072028212
       9102.0000    0.0069974582
       9103.0000    0.0068017606
       9104.0000    0.0066153859
       9105.0000    0.0064447998
       9106.0000    0.0062826996
       9107.0000    0.0061289092
       9108.0000    0.0059832998
       9109.0000    0.0058589608
       9110.0000    0.0057421638
       9111.0000    0.0056329570
       9112.0000    0.0055314298
       9113.0000    0.0054860385
       9114.0000    0.0054471654
       9115.0000    0.0054145749
       9116.0000    0.0053871855
       9117.0000    0.0053525218
       9118.0000    0.0053210361
       9119.0000    0.0052915534
       9120.0000    0.0052628879
       9121.0000    0.0051591350
       9122.0000    0.0050554771
       9123.0000    0.0049507529
       9124.0000    0.0048438358
       9125.0000    0.0047964403
       9126.0000    0.0047427558
       9127.0000    0.0046814640
       9128.0000    0.0046121622
       9129.0000    0.0045208805
       9130.0000    0.0044241397
       9131.0000    0.0043229472
       9132.0000    0.0042182849
       9133.0000    0.0040553357
       9134.0000    0.0038938570
       9135.0000    0.0037348057
       9136.0000    0.0035790846
       9137.0000    0.0034506070
       9138.0000    0.0033257664
       9139.0000    0.0032053970
       9140.0000    0.0030903166
       9141.0000    0.0030225628
       9142.0000    0.0029582414
       9143.0000    0.0028975138
       9144.0000    0.0028405703
       9145.0000    0.0028150834
       9146.0000    0.0027925445
       9147.0000    0.0027733978
       9148.0000    0.0027581319
       9149.0000    0.0027153850
       9150.0000    0.0026787355
       9151.0000    0.0026485893
       9152.0000    0.0026253963
       9153.0000    0.0025683260
       9154.0000    0.0025191592
       9155.0000    0.0024765579
       9156.0000    0.0024391988
       9157.0000    0.0023940340
       9158.0000    0.0023517116
       9159.0000    0.0023111214
       9160.0000    0.0022712376
       9161.0000    0.0022965503
       9162.0000    0.0023208766
       9163.0000    0.0023432394
       9164.0000    0.0023626168
       9165.0000    0.0023988809
       9166.0000    0.0024297594
       9167.0000    0.0024545521
       9168.0000    0.0024735547
       9169.0000    0.0024546922
       9170.0000    0.0024316997
       9171.0000    0.0024051398
       9172.0000    0.0023755625
       9173.0000    0.0023146027
       9174.0000    0.0022527433
       9175.0000    0.0021905548
       9176.0000    0.0021285804
       9177.0000    0.0020576060
       9178.0000    0.0019882557
       9179.0000    0.0019209954
       9180.0000    0.0018560950
       9181.0000    0.0018293379
       9182.0000    0.0018034866
       9183.0000    0.0017785715
       9184.0000    0.0017546306
       9185.0000    0.0017412786
       9186.0000    0.0017286641
       9187.0000    0.0017168736
       9188.0000    0.0017060032
       9189.0000    0.0016852451
       9190.0000    0.0016659612
       9191.0000    0.0016482487
       9192.0000    0.0016322142
       9193.0000    0.0016193775
       9194.0000    0.0016078522
       9195.0000    0.0015973215
       9196.0000    0.0015874705
       9197.0000    0.0015663748
       9198.0000    0.0015455683
       9199.0000    0.0015247327
       9200.0000    0.0015035539
       9201.0000    0.0014902277
       9202.0000    0.0014757204
       9203.0000    0.0014596939
       9204.0000    0.0014417984
       9205.0000    0.0014275421
       9206.0000    0.0014107461
       9207.0000    0.0013918139
       9208.0000    0.0013712094
       9209.0000    0.0013395320
       9210.0000    0.0013075830
       9211.0000    0.0012758424
       9212.0000    0.0012447885
       9213.0000    0.0012127193
       9214.0000    0.0011823974
       9215.0000    0.0011543010
       9216.0000    0.0011289139
       9217.0000    0.0011044953
       9218.0000    0.0010838442
       9219.0000    0.0010672002
       9220.0000    0.0010543231
       9221.0000    0.0010490183
       9222.0000    0.0010469484
       9223.0000    0.0010479237
       9224.0000    0.0010517734
       9225.0000    0.0010639574
       9226.0000    0.0010788317
       9227.0000    0.0010963160
       9228.0000    0.0011163432
       9229.0000    0.0011348297
       9230.0000    0.0011556241
       9231.0000    0.0011786730
       9232.0000    0.0012037651
       9233.0000    0.0012288454
       9234.0000    0.0012547531
       9235.0000    0.0012808976
       9236.0000    0.0013066923
       9237.0000    0.0013294547
       9238.0000    0.0013506182
       9239.0000    0.0013695974
       9240.0000    0.0013858011
       9241.0000    0.0013979059
       9242.0000    0.0014060092
       9243.0000    0.0014094881
       9244.0000    0.0014077028
       9245.0000    0.0014016373
       9246.0000    0.0013904190
       9247.0000    0.0013745402
       9248.0000    0.0013544620
       9249.0000    0.0013310575
       9250.0000    0.0013042739
       9251.0000    0.0012744910
       9252.0000    0.0012420651
       9253.0000    0.0012112995
       9254.0000    0.0011783195
       9255.0000    0.0011434153
       9256.0000    0.0011068678
       9257.0000    0.0010697707
       9258.0000    0.0010315520
       9259.0000   0.00099261908
       9260.0000   0.00095339386
       9261.0000   0.00091171198
       9262.0000   0.00087082563
       9263.0000   0.00083116254
       9264.0000   0.00079315618
       9265.0000   0.00075632389
       9266.0000   0.00072212363
       9267.0000   0.00069100997
       9268.0000   0.00066345127
       9269.0000   0.00064300589
       9270.0000   0.00062692839
       9271.0000   0.00061558270
       9272.0000   0.00060878858
       9273.0000   0.00060378985
       9274.0000   0.00060288478
       9275.0000   0.00060582684
       9276.0000   0.00061239329
       9277.0000   0.00061870252
       9278.0000   0.00062809635
       9279.0000   0.00064036117
       9280.0000   0.00065530582
       9281.0000   0.00067056070
       9282.0000   0.00068801464
       9283.0000   0.00070750982
       9284.0000   0.00072869312
       9285.0000   0.00075562655
       9286.0000   0.00078285000
       9287.0000   0.00080948180
       9288.0000   0.00083465469
       9289.0000   0.00085977634
       9290.0000   0.00088185015
       9291.0000   0.00089999148
       9292.0000   0.00091330044
       9293.0000   0.00092078082
       9294.0000   0.00092156246
       9295.0000   0.00091467017
       9296.0000   0.00089909296
       9297.0000   0.00086676775
       9298.0000   0.00082607887
       9299.0000   0.00077778708
       9300.0000   0.00072258318
       9301.0000   0.00065869462
       9302.0000   0.00058952825
       9303.0000   0.00051566611
       9304.0000   0.00043763472
       9305.0000   0.00035992695
       9306.0000   0.00027712690
       9307.0000   0.00018943479
       9308.0000   9.7015546e-05
       9309.0000       0.0000000
