      3021.00       0.0000000
      3022.00   1.7405733e-07
      3023.00   7.6554649e-07
      3024.00   1.7254504e-06
      3025.00   3.0791656e-06
      3026.00   4.8532212e-06
      3027.00   7.0753476e-06
      3028.00   9.7745510e-06
      3029.00   1.2981190e-05
      3030.00   1.6727056e-05
      3031.00   2.1045452e-05
      3032.00   2.5971292e-05
      3033.00   3.1541181e-05
      3034.00   3.7793516e-05
      3035.00   4.4768598e-05
      3036.00   5.2508716e-05
      3037.00   6.1058291e-05
      3038.00   7.0463949e-05
      3039.00   8.0774692e-05
      3040.00   9.2042009e-05
      3041.00   0.00010429264
      3042.00   0.00011744624
      3043.00   0.00013139668
      3044.00   0.00014603906
      3045.00   0.00016126936
      3046.00   0.00017698434
      3047.00   0.00019308113
      3048.00   0.00020945707
      3049.00   0.00022600943
      3050.00   0.00024263514
      3051.00   0.00025923054
      3052.00   0.00027569110
      3053.00   0.00029191121
      3054.00   0.00030778383
      3055.00   0.00032320031
      3056.00   0.00033805001
      3057.00   0.00035222013
      3058.00   0.00036559533
      3059.00   0.00037805748
      3060.00   0.00038948533
      3061.00   0.00039984308
      3062.00   0.00040944793
      3063.00   0.00041870630
      3064.00   0.00042802617
      3065.00   0.00043781819
      3066.00   0.00044849661
      3067.00   0.00046048037
      3068.00   0.00047419426
      3069.00   0.00049006980
      3070.00   0.00050854663
      3071.00   0.00053007333
      3072.00   0.00055510864
      3073.00   0.00058412293
      3074.00   0.00061759885
      3075.00   0.00065603337
      3076.00   0.00069993803
      3077.00   0.00074984131
      3078.00   0.00080628926
      3079.00   0.00086984730
      3080.00   0.00094110158
      3081.00    0.0010204965
      3082.00    0.0011078418
      3083.00    0.0012028007
      3084.00    0.0013050531
      3085.00    0.0014142937
      3086.00    0.0015302321
      3087.00    0.0016525923
      3088.00    0.0017811110
      3089.00    0.0019155384
      3090.00    0.0020556362
      3091.00    0.0022011784
      3092.00    0.0023519495
      3093.00    0.0025077450
      3094.00    0.0026683700
      3095.00    0.0028336401
      3096.00    0.0030033792
      3097.00    0.0031774201
      3098.00    0.0033556050
      3099.00    0.0035377828
      3100.00    0.0037238110
      3101.00    0.0039136095
      3102.00    0.0041073274
      3103.00    0.0043051782
      3104.00    0.0045073872
      3105.00    0.0047141878
      3106.00    0.0049258271
      3107.00    0.0051425629
      3108.00    0.0053646657
      3109.00    0.0055924198
      3110.00    0.0058261246
      3111.00    0.0060660917
      3112.00    0.0063126511
      3113.00    0.0065661481
      3114.00    0.0068269461
      3115.00    0.0070954267
      3116.00    0.0073719906
      3117.00    0.0076570592
      3118.00    0.0079510769
      3119.00    0.0082545081
      3120.00    0.0085678447
      3121.00    0.0088914934
      3122.00    0.0092254569
      3123.00    0.0095696534
      3124.00    0.0099240217
      3125.00     0.010288525
      3126.00     0.010663147
      3127.00     0.011047898
      3128.00     0.011442803
      3129.00     0.011847919
      3130.00     0.012263319
      3131.00     0.012689102
      3132.00     0.013125388
      3133.00     0.013572324
      3134.00     0.014030080
      3135.00     0.014498849
      3136.00     0.014978853
      3137.00     0.015470335
      3138.00     0.015973568
      3139.00     0.016488851
      3140.00     0.017016512
      3141.00     0.017556824
      3142.00     0.018109753
      3143.00     0.018675215
      3144.00     0.019253143
      3145.00     0.019843506
      3146.00     0.020446295
      3147.00     0.021061527
      3148.00     0.021689247
      3149.00     0.022329527
      3150.00     0.022982467
      3151.00     0.023648192
      3152.00     0.024326860
      3153.00     0.025018650
      3154.00     0.025723776
      3155.00     0.026442476
      3156.00     0.027175027
      3157.00     0.027921727
      3158.00     0.028682910
      3159.00     0.029458947
      3160.00     0.030250236
      3161.00     0.031057075
      3162.00     0.031879246
      3163.00     0.032716427
      3164.00     0.033568318
      3165.00     0.034434655
      3166.00     0.035315202
      3167.00     0.036209748
      3168.00     0.037118110
      3169.00     0.038040135
      3170.00     0.038975691
      3171.00     0.039924676
      3172.00     0.040887018
      3173.00     0.041862668
      3174.00     0.042851595
      3175.00     0.043853812
      3176.00     0.044869342
      3177.00     0.045898239
      3178.00     0.046940591
      3179.00     0.047996501
      3180.00     0.049066112
      3181.00     0.050149519
      3182.00     0.051246642
      3183.00     0.052357342
      3184.00     0.053481525
      3185.00     0.054619108
      3186.00     0.055770054
      3187.00     0.056934334
      3188.00     0.058111938
      3189.00     0.059302899
      3190.00     0.060507275
      3191.00     0.061725130
      3192.00     0.062956571
      3193.00     0.064201729
      3194.00     0.065460761
      3195.00     0.066733843
      3196.00     0.068021189
      3197.00     0.069323030
      3198.00     0.070639642
      3199.00     0.071971313
      3200.00     0.073318379
      3201.00     0.074681059
      3202.00     0.076059109
      3203.00     0.077452196
      3204.00     0.078859990
      3205.00     0.080282201
      3206.00     0.081718546
      3207.00     0.083168806
      3208.00     0.084632733
      3209.00     0.086110143
      3210.00     0.087600858
      3211.00     0.089104738
      3212.00     0.090621633
      3213.00     0.092151439
      3214.00     0.093694086
      3215.00     0.095249478
      3216.00     0.096817593
      3217.00     0.098398398
      3218.00     0.099991888
      3219.00      0.10159809
      3220.00      0.10321704
      3221.00      0.10484870
      3222.00      0.10649267
      3223.00      0.10814847
      3224.00      0.10981564
      3225.00      0.11149371
      3226.00      0.11318226
      3227.00      0.11488087
      3228.00      0.11658913
      3229.00      0.11830662
      3230.00      0.12003296
      3231.00      0.12176778
      3232.00      0.12351068
      3233.00      0.12526131
      3234.00      0.12701930
      3235.00      0.12878430
      3236.00      0.13055595
      3237.00      0.13233392
      3238.00      0.13411785
      3239.00      0.13590739
      3240.00      0.13770221
      3241.00      0.13950205
      3242.00      0.14130705
      3243.00      0.14311747
      3244.00      0.14493352
      3245.00      0.14675546
      3246.00      0.14858352
      3247.00      0.15041798
      3248.00      0.15225909
      3249.00      0.15410712
      3250.00      0.15596233
      3251.00      0.15782502
      3252.00      0.15969547
      3253.00      0.16157398
      3254.00      0.16346086
      3255.00      0.16535643
      3256.00      0.16726106
      3257.00      0.16917503
      3258.00      0.17109874
      3259.00      0.17303255
      3260.00      0.17497685
      3261.00      0.17693191
      3262.00      0.17889747
      3263.00      0.18087306
      3264.00      0.18285832
      3265.00      0.18485287
      3266.00      0.18685628
      3267.00      0.18886821
      3268.00      0.19088828
      3269.00      0.19291613
      3270.00      0.19495139
      3271.00      0.19699374
      3272.00      0.19904282
      3273.00      0.20109827
      3274.00      0.20315976
      3275.00      0.20522693
      3276.00      0.20729947
      3277.00      0.20937701
      3278.00      0.21145918
      3279.00      0.21354568
      3280.00      0.21563614
      3281.00      0.21773024
      3282.00      0.21982777
      3283.00      0.22192853
      3284.00      0.22403237
      3285.00      0.22613906
      3286.00      0.22824842
      3287.00      0.23036025
      3288.00      0.23247431
      3289.00      0.23459039
      3290.00      0.23670829
      3291.00      0.23882774
      3292.00      0.24094851
      3293.00      0.24307032
      3294.00      0.24519292
      3295.00      0.24731603
      3296.00      0.24943936
      3297.00      0.25156258
      3298.00      0.25368539
      3299.00      0.25580744
      3300.00      0.25792841
      3301.00      0.26004802
      3302.00      0.26216635
      3303.00      0.26428358
      3304.00      0.26639988
      3305.00      0.26851542
      3306.00      0.27063028
      3307.00      0.27274463
      3308.00      0.27485856
      3309.00      0.27697219
      3310.00      0.27908557
      3311.00      0.28119884
      3312.00      0.28331199
      3313.00      0.28542511
      3314.00      0.28753824
      3315.00      0.28965141
      3316.00      0.29176464
      3317.00      0.29387793
      3318.00      0.29599128
      3319.00      0.29810468
      3320.00      0.30021811
      3321.00      0.30233152
      3322.00      0.30444506
      3323.00      0.30655883
      3324.00      0.30867295
      3325.00      0.31078752
      3326.00      0.31290262
      3327.00      0.31501835
      3328.00      0.31713478
      3329.00      0.31925196
      3330.00      0.32136997
      3331.00      0.32348883
      3332.00      0.32560860
      3333.00      0.32772930
      3334.00      0.32985094
      3335.00      0.33197356
      3336.00      0.33409714
      3337.00      0.33622170
      3338.00      0.33834719
      3339.00      0.34047362
      3340.00      0.34260094
      3341.00      0.34472905
      3342.00      0.34685767
      3343.00      0.34898637
      3344.00      0.35111476
      3345.00      0.35324240
      3346.00      0.35536891
      3347.00      0.35749378
      3348.00      0.35961660
      3349.00      0.36173689
      3350.00      0.36385409
      3351.00      0.36596773
      3352.00      0.36807728
      3353.00      0.37018211
      3354.00      0.37228168
      3355.00      0.37437535
      3356.00      0.37646250
      3357.00      0.37854239
      3358.00      0.38061439
      3359.00      0.38267772
      3360.00      0.38473161
      3361.00      0.38677550
      3362.00      0.38881001
      3363.00      0.39083591
      3364.00      0.39285397
      3365.00      0.39486501
      3366.00      0.39686967
      3367.00      0.39886879
      3368.00      0.40086296
      3369.00      0.40285289
      3370.00      0.40483923
      3371.00      0.40682265
      3372.00      0.40880380
      3373.00      0.41078323
      3374.00      0.41276159
      3375.00      0.41473948
      3376.00      0.41671751
      3377.00      0.41869615
      3378.00      0.42067615
      3379.00      0.42265794
      3380.00      0.42464219
      3381.00      0.42662929
      3382.00      0.42861919
      3383.00      0.43061159
      3384.00      0.43260634
      3385.00      0.43460314
      3386.00      0.43660179
      3387.00      0.43860203
      3388.00      0.44060363
      3389.00      0.44260627
      3390.00      0.44460968
      3391.00      0.44661366
      3392.00      0.44861785
      3393.00      0.45062202
      3394.00      0.45262575
      3395.00      0.45462881
      3396.00      0.45663087
      3397.00      0.45863151
      3398.00      0.46063040
      3399.00      0.46262722
      3400.00      0.46462149
      3401.00      0.46661293
      3402.00      0.46860121
      3403.00      0.47058625
      3404.00      0.47256777
      3405.00      0.47454552
      3406.00      0.47651935
      3407.00      0.47848886
      3408.00      0.48045387
      3409.00      0.48241402
      3410.00      0.48436897
      3411.00      0.48631834
      3412.00      0.48826178
      3413.00      0.49019890
      3414.00      0.49212921
      3415.00      0.49405223
      3416.00      0.49596756
      3417.00      0.49787462
      3418.00      0.49977283
      3419.00      0.50166165
      3420.00      0.50354044
      3421.00      0.50540880
      3422.00      0.50726761
      3423.00      0.50911790
      3424.00      0.51096075
      3425.00      0.51279718
      3426.00      0.51462825
      3427.00      0.51645495
      3428.00      0.51827826
      3429.00      0.52009916
      3430.00      0.52191865
      3431.00      0.52373760
      3432.00      0.52555708
      3433.00      0.52737795
      3434.00      0.52920120
      3435.00      0.53102780
      3436.00      0.53285864
      3437.00      0.53469480
      3438.00      0.53653714
      3439.00      0.53838672
      3440.00      0.54024452
      3441.00      0.54211124
      3442.00      0.54398614
      3443.00      0.54586826
      3444.00      0.54775658
      3445.00      0.54965010
      3446.00      0.55154785
      3447.00      0.55344874
      3448.00      0.55535184
      3449.00      0.55725614
      3450.00      0.55916050
      3451.00      0.56106398
      3452.00      0.56296551
      3453.00      0.56486394
      3454.00      0.56675827
      3455.00      0.56864728
      3456.00      0.57052990
      3457.00      0.57240493
      3458.00      0.57427108
      3459.00      0.57612724
      3460.00      0.57797199
      3461.00      0.57980442
      3462.00      0.58162492
      3463.00      0.58343423
      3464.00      0.58523312
      3465.00      0.58702222
      3466.00      0.58880212
      3467.00      0.59057352
      3468.00      0.59233701
      3469.00      0.59409314
      3470.00      0.59584246
      3471.00      0.59758542
      3472.00      0.59932263
      3473.00      0.60105455
      3474.00      0.60278155
      3475.00      0.60450419
      3476.00      0.60622282
      3477.00      0.60793789
      3478.00      0.60964975
      3479.00      0.61135882
      3480.00      0.61306549
      3481.00      0.61477007
      3482.00      0.61647296
      3483.00      0.61817461
      3484.00      0.61987532
      3485.00      0.62157551
      3486.00      0.62327547
      3487.00      0.62497569
      3488.00      0.62667639
      3489.00      0.62837797
      3490.00      0.63008076
      3491.00      0.63178511
      3492.00      0.63349130
      3493.00      0.63519978
      3494.00      0.63691079
      3495.00      0.63862468
      3496.00      0.64034179
      3497.00      0.64206247
      3498.00      0.64378701
      3499.00      0.64551582
      3500.00      0.64724915
      3501.00      0.64898502
      3502.00      0.65072516
      3503.00      0.65246894
      3504.00      0.65421572
      3505.00      0.65596479
      3506.00      0.65771557
      3507.00      0.65946740
      3508.00      0.66121958
      3509.00      0.66297142
      3510.00      0.66472224
      3511.00      0.66647136
      3512.00      0.66821805
      3513.00      0.66996151
      3514.00      0.67170107
      3515.00      0.67343591
      3516.00      0.67516521
      3517.00      0.67688810
      3518.00      0.67860381
      3519.00      0.68031141
      3520.00      0.68200996
      3521.00      0.68369878
      3522.00      0.68537835
      3523.00      0.68704934
      3524.00      0.68871243
      3525.00      0.69036820
      3526.00      0.69201739
      3527.00      0.69366052
      3528.00      0.69529824
      3529.00      0.69693098
      3530.00      0.69855943
      3531.00      0.70018403
      3532.00      0.70180533
      3533.00      0.70342378
      3534.00      0.70503990
      3535.00      0.70665422
      3536.00      0.70826706
      3537.00      0.70987898
      3538.00      0.71149039
      3539.00      0.71310173
      3540.00      0.71471346
      3541.00      0.71632588
      3542.00      0.71793925
      3543.00      0.71955355
      3544.00      0.72116900
      3545.00      0.72278563
      3546.00      0.72440356
      3547.00      0.72602283
      3548.00      0.72764359
      3549.00      0.72926584
      3550.00      0.73088968
      3551.00      0.73251516
      3552.00      0.73414238
      3553.00      0.73577140
      3554.00      0.73740226
      3555.00      0.73903501
      3556.00      0.74066966
      3557.00      0.74230625
      3558.00      0.74394493
      3559.00      0.74558562
      3560.00      0.74722835
      3561.00      0.74887317
      3562.00      0.75051968
      3563.00      0.75216755
      3564.00      0.75381637
      3565.00      0.75546582
      3566.00      0.75711538
      3567.00      0.75876473
      3568.00      0.76041339
      3569.00      0.76206093
      3570.00      0.76370688
      3571.00      0.76535081
      3572.00      0.76699224
      3573.00      0.76863063
      3574.00      0.77026544
      3575.00      0.77189614
      3576.00      0.77352218
      3577.00      0.77514297
      3578.00      0.77675787
      3579.00      0.77836626
      3580.00      0.77996739
      3581.00      0.78156083
      3582.00      0.78314670
      3583.00      0.78472513
      3584.00      0.78629649
      3585.00      0.78786090
      3586.00      0.78941861
      3587.00      0.79096971
      3588.00      0.79251439
      3589.00      0.79405273
      3590.00      0.79558483
      3591.00      0.79711076
      3592.00      0.79863046
      3593.00      0.80014407
      3594.00      0.80165146
      3595.00      0.80315267
      3596.00      0.80464758
      3597.00      0.80613610
      3598.00      0.80761818
      3599.00      0.80909357
      3600.00      0.81056220
      3601.00      0.81202400
      3602.00      0.81347986
      3603.00      0.81493095
      3604.00      0.81637821
      3605.00      0.81782282
      3606.00      0.81926568
      3607.00      0.82070791
      3608.00      0.82215049
      3609.00      0.82359448
      3610.00      0.82504085
      3611.00      0.82649068
      3612.00      0.82794491
      3613.00      0.82940466
      3614.00      0.83087087
      3615.00      0.83234475
      3616.00      0.83382721
      3617.00      0.83531937
      3618.00      0.83682233
      3619.00      0.83833730
      3620.00      0.83986533
      3621.00      0.84140716
      3622.00      0.84296173
      3623.00      0.84452743
      3624.00      0.84610280
      3625.00      0.84768622
      3626.00      0.84927629
      3627.00      0.85087132
      3628.00      0.85246990
      3629.00      0.85407039
      3630.00      0.85567131
      3631.00      0.85727102
      3632.00      0.85886790
      3633.00      0.86046032
      3634.00      0.86204666
      3635.00      0.86362520
      3636.00      0.86519410
      3637.00      0.86675174
      3638.00      0.86829612
      3639.00      0.86982548
      3640.00      0.87133776
      3641.00      0.87283158
      3642.00      0.87430746
      3643.00      0.87576662
      3644.00      0.87721007
      3645.00      0.87863889
      3646.00      0.88005404
      3647.00      0.88145648
      3648.00      0.88284712
      3649.00      0.88422683
      3650.00      0.88559641
      3651.00      0.88695672
      3652.00      0.88830853
      3653.00      0.88965258
      3654.00      0.89098959
      3655.00      0.89232020
      3656.00      0.89364519
      3657.00      0.89496514
      3658.00      0.89628071
      3659.00      0.89759246
      3660.00      0.89890110
      3661.00      0.90020711
      3662.00      0.90151135
      3663.00      0.90281457
      3664.00      0.90411768
      3665.00      0.90542140
      3666.00      0.90672652
      3667.00      0.90803383
      3668.00      0.90934416
      3669.00      0.91065826
      3670.00      0.91197691
      3671.00      0.91330098
      3672.00      0.91463119
      3673.00      0.91596842
      3674.00      0.91731340
      3675.00      0.91866711
      3676.00      0.92003029
      3677.00      0.92140388
      3678.00      0.92278874
      3679.00      0.92418585
      3680.00      0.92559602
      3681.00      0.92701981
      3682.00      0.92845505
      3683.00      0.92989935
      3684.00      0.93135014
      3685.00      0.93280477
      3686.00      0.93426068
      3687.00      0.93571530
      3688.00      0.93716600
      3689.00      0.93861003
      3690.00      0.94004480
      3691.00      0.94146744
      3692.00      0.94287523
      3693.00      0.94426516
      3694.00      0.94563444
      3695.00      0.94697993
      3696.00      0.94829855
      3697.00      0.94958709
      3698.00      0.95084219
      3699.00      0.95206053
      3700.00      0.95323852
      3701.00      0.95437361
      3702.00      0.95546806
      3703.00      0.95652507
      3704.00      0.95754786
      3705.00      0.95853953
      3706.00      0.95950314
      3707.00      0.96044162
      3708.00      0.96135800
      3709.00      0.96225512
      3710.00      0.96313583
      3711.00      0.96400300
      3712.00      0.96485944
      3713.00      0.96570796
      3714.00      0.96655129
      3715.00      0.96739236
      3716.00      0.96823385
      3717.00      0.96907861
      3718.00      0.96992949
      3719.00      0.97078935
      3720.00      0.97166118
      3721.00      0.97254700
      3722.00      0.97344558
      3723.00      0.97435493
      3724.00      0.97527308
      3725.00      0.97619798
      3726.00      0.97712756
      3727.00      0.97805988
      3728.00      0.97899291
      3729.00      0.97992459
      3730.00      0.98085292
      3731.00      0.98177573
      3732.00      0.98269095
      3733.00      0.98359652
      3734.00      0.98449017
      3735.00      0.98536965
      3736.00      0.98623275
      3737.00      0.98707709
      3738.00      0.98790033
      3739.00      0.98869995
      3740.00      0.98947344
      3741.00      0.99021867
      3742.00      0.99093571
      3743.00      0.99162499
      3744.00      0.99228685
      3745.00      0.99292167
      3746.00      0.99352969
      3747.00      0.99411110
      3748.00      0.99466608
      3749.00      0.99519464
      3750.00      0.99569680
      3751.00      0.99617257
      3752.00      0.99662171
      3753.00      0.99704413
      3754.00      0.99743947
      3755.00      0.99780757
      3756.00      0.99814791
      3757.00      0.99846006
      3758.00      0.99874351
      3759.00      0.99899772
      3760.00      0.99922193
      3761.00      0.99941579
      3762.00      0.99958001
      3763.00      0.99971581
      3764.00      0.99982403
      3765.00      0.99990569
      3766.00      0.99996172
      3767.00      0.99999285
      3768.00       1.0000000
      3769.00      0.99998378
      3770.00      0.99994494
      3771.00      0.99988416
      3772.00      0.99980200
      3773.00      0.99969904
      3774.00      0.99957577
      3775.00      0.99943271
      3776.00      0.99927031
      3777.00      0.99908895
      3778.00      0.99888898
      3779.00      0.99867077
      3780.00      0.99843461
      3781.00      0.99818065
      3782.00      0.99790843
      3783.00      0.99761745
      3784.00      0.99730700
      3785.00      0.99697650
      3786.00      0.99662515
      3787.00      0.99625229
      3788.00      0.99585704
      3789.00      0.99543858
      3790.00      0.99499601
      3791.00      0.99452839
      3792.00      0.99403464
      3793.00      0.99351375
      3794.00      0.99296457
      3795.00      0.99238589
      3796.00      0.99177640
      3797.00      0.99113482
      3798.00      0.99045969
      3799.00      0.98974949
      3800.00      0.98900270
      3801.00      0.98821785
      3802.00      0.98739463
      3803.00      0.98653275
      3804.00      0.98563194
      3805.00      0.98469191
      3806.00      0.98371211
      3807.00      0.98269197
      3808.00      0.98163101
      3809.00      0.98052829
      3810.00      0.97938321
      3811.00      0.97819477
      3812.00      0.97696191
      3813.00      0.97568365
      3814.00      0.97435867
      3815.00      0.97298574
      3816.00      0.97156342
      3817.00      0.97009009
      3818.00      0.96856425
      3819.00      0.96698409
      3820.00      0.96534766
      3821.00      0.96365376
      3822.00      0.96190461
      3823.00      0.96010295
      3824.00      0.95825164
      3825.00      0.95635325
      3826.00      0.95441046
      3827.00      0.95242574
      3828.00      0.95040157
      3829.00      0.94834034
      3830.00      0.94624441
      3831.00      0.94411603
      3832.00      0.94195754
      3833.00      0.93977106
      3834.00      0.93755875
      3835.00      0.93532287
      3836.00      0.93306547
      3837.00      0.93078876
      3838.00      0.92849472
      3839.00      0.92618558
      3840.00      0.92386333
      3841.00      0.92152947
      3842.00      0.91918278
      3843.00      0.91682132
      3844.00      0.91444312
      3845.00      0.91204630
      3846.00      0.90962882
      3847.00      0.90718870
      3848.00      0.90472379
      3849.00      0.90223199
      3850.00      0.89971111
      3851.00      0.89715905
      3852.00      0.89457330
      3853.00      0.89195169
      3854.00      0.88929165
      3855.00      0.88659072
      3856.00      0.88384633
      3857.00      0.88105563
      3858.00      0.87821592
      3859.00      0.87532435
      3860.00      0.87237768
      3861.00      0.86937368
      3862.00      0.86631297
      3863.00      0.86319681
      3864.00      0.86002644
      3865.00      0.85680293
      3866.00      0.85352730
      3867.00      0.85020048
      3868.00      0.84682330
      3869.00      0.84339651
      3870.00      0.83992076
      3871.00      0.83639660
      3872.00      0.83282450
      3873.00      0.82920488
      3874.00      0.82553815
      3875.00      0.82182443
      3876.00      0.81806385
      3877.00      0.81425661
      3878.00      0.81040264
      3879.00      0.80650177
      3880.00      0.80255400
      3881.00      0.79855945
      3882.00      0.79452006
      3883.00      0.79043821
      3884.00      0.78631627
      3885.00      0.78215637
      3886.00      0.77796084
      3887.00      0.77373190
      3888.00      0.76947148
      3889.00      0.76518193
      3890.00      0.76086516
      3891.00      0.75652337
      3892.00      0.75215848
      3893.00      0.74777266
      3894.00      0.74336788
      3895.00      0.73894618
      3896.00      0.73450969
      3897.00      0.73006040
      3898.00      0.72560042
      3899.00      0.72113183
      3900.00      0.71665681
      3901.00      0.71217687
      3902.00      0.70769161
      3903.00      0.70320001
      3904.00      0.69870092
      3905.00      0.69419343
      3906.00      0.68967644
      3907.00      0.68514911
      3908.00      0.68061027
      3909.00      0.67605909
      3910.00      0.67149457
      3911.00      0.66691562
      3912.00      0.66232138
      3913.00      0.65771074
      3914.00      0.65308284
      3915.00      0.64843658
      3916.00      0.64377089
      3917.00      0.63908486
      3918.00      0.63437735
      3919.00      0.62964725
      3920.00      0.62489350
      3921.00      0.62011535
      3922.00      0.61531345
      3923.00      0.61048874
      3924.00      0.60564233
      3925.00      0.60077518
      3926.00      0.59588818
      3927.00      0.59098231
      3928.00      0.58605866
      3929.00      0.58111808
      3930.00      0.57616160
      3931.00      0.57119015
      3932.00      0.56620468
      3933.00      0.56120626
      3934.00      0.55619578
      3935.00      0.55117431
      3936.00      0.54614290
      3937.00      0.54110252
      3938.00      0.53605428
      3939.00      0.53099925
      3940.00      0.52593853
      3941.00      0.52087331
      3942.00      0.51580512
      3943.00      0.51073545
      3944.00      0.50566593
      3945.00      0.50059819
      3946.00      0.49553393
      3947.00      0.49047492
      3948.00      0.48542297
      3949.00      0.48037988
      3950.00      0.47534768
      3951.00      0.47032833
      3952.00      0.46532400
      3953.00      0.46033676
      3954.00      0.45536891
      3955.00      0.45042282
      3956.00      0.44550094
      3957.00      0.44060584
      3958.00      0.43574020
      3959.00      0.43090679
      3960.00      0.42610860
      3961.00      0.42134771
      3962.00      0.41662270
      3963.00      0.41193129
      3964.00      0.40727135
      3965.00      0.40264081
      3966.00      0.39803775
      3967.00      0.39346026
      3968.00      0.38890659
      3969.00      0.38437505
      3970.00      0.37986397
      3971.00      0.37537184
      3972.00      0.37089718
      3973.00      0.36643860
      3974.00      0.36199472
      3975.00      0.35756427
      3976.00      0.35314602
      3977.00      0.34873882
      3978.00      0.34434149
      3979.00      0.33995302
      3980.00      0.33557236
      3981.00      0.33119887
      3982.00      0.32683353
      3983.00      0.32247767
      3984.00      0.31813271
      3985.00      0.31380015
      3986.00      0.30948151
      3987.00      0.30517842
      3988.00      0.30089253
      3989.00      0.29662564
      3990.00      0.29237961
      3991.00      0.28815638
      3992.00      0.28395793
      3993.00      0.27978641
      3994.00      0.27564406
      3995.00      0.27153321
      3996.00      0.26745629
      3997.00      0.26341593
      3998.00      0.25941475
      3999.00      0.25545564
      4000.00      0.25154153
      4001.00      0.24767390
      4002.00      0.24385280
      4003.00      0.24007665
      4004.00      0.23634413
      4005.00      0.23265392
      4006.00      0.22900485
      4007.00      0.22539593
      4008.00      0.22182622
      4009.00      0.21829493
      4010.00      0.21480137
      4011.00      0.21134500
      4012.00      0.20792528
      4013.00      0.20454192
      4014.00      0.20119463
      4015.00      0.19788330
      4016.00      0.19460788
      4017.00      0.19136846
      4018.00      0.18816524
      4019.00      0.18499848
      4020.00      0.18186861
      4021.00      0.17877589
      4022.00      0.17571964
      4023.00      0.17269903
      4024.00      0.16971335
      4025.00      0.16676197
      4026.00      0.16384434
      4027.00      0.16096009
      4028.00      0.15810884
      4029.00      0.15529037
      4030.00      0.15250457
      4031.00      0.14975136
      4032.00      0.14703083
      4033.00      0.14434311
      4034.00      0.14168848
      4035.00      0.13906725
      4036.00      0.13647987
      4037.00      0.13392691
      4038.00      0.13140899
      4039.00      0.12892688
      4040.00      0.12648142
      4041.00      0.12407323
      4042.00      0.12170157
      4043.00      0.11936552
      4044.00      0.11706418
      4045.00      0.11479678
      4046.00      0.11256265
      4047.00      0.11036119
      4048.00      0.10819191
      4049.00      0.10605439
      4050.00      0.10394832
      4051.00      0.10187347
      4052.00     0.099829684
      4053.00     0.097816917
      4054.00     0.095835204
      4055.00     0.093884655
      4056.00     0.091965485
      4057.00     0.090077977
      4058.00     0.088222511
      4059.00     0.086399571
      4060.00     0.084609718
      4061.00     0.082853273
      4062.00     0.081129404
      4063.00     0.079437026
      4064.00     0.077775137
      4065.00     0.076142815
      4066.00     0.074539239
      4067.00     0.072963619
      4068.00     0.071415284
      4069.00     0.069893600
      4070.00     0.068398028
      4071.00     0.066928092
      4072.00     0.065483377
      4073.00     0.064063540
      4074.00     0.062668310
      4075.00     0.061297478
      4076.00     0.059950900
      4077.00     0.058628499
      4078.00     0.057330262
      4079.00     0.056056244
      4080.00     0.054806565
      4081.00     0.053581227
      4082.00     0.052379572
      4083.00     0.051200817
      4084.00     0.050044237
      4085.00     0.048909175
      4086.00     0.047795014
      4087.00     0.046701211
      4088.00     0.045627262
      4089.00     0.044572719
      4090.00     0.043537181
      4091.00     0.042520307
      4092.00     0.041521802
      4093.00     0.040541410
      4094.00     0.039578936
      4095.00     0.038634229
      4096.00     0.037707181
      4097.00     0.036797731
      4098.00     0.035905874
      4099.00     0.035031648
      4100.00     0.034175131
      4101.00     0.033336339
      4102.00     0.032514836
      4103.00     0.031710116
      4104.00     0.030921713
      4105.00     0.030149211
      4106.00     0.029392222
      4107.00     0.028650409
      4108.00     0.027923469
      4109.00     0.027211143
      4110.00     0.026513202
      4111.00     0.025829465
      4112.00     0.025159779
      4113.00     0.024504034
      4114.00     0.023862156
      4115.00     0.023234102
      4116.00     0.022619875
      4117.00     0.022019505
      4118.00     0.021433067
      4119.00     0.020860666
      4120.00     0.020302448
      4121.00     0.019758478
      4122.00     0.019228362
      4123.00     0.018711634
      4124.00     0.018207851
      4125.00     0.017716607
      4126.00     0.017237527
      4127.00     0.016770267
      4128.00     0.016314514
      4129.00     0.015869984
      4130.00     0.015436422
      4131.00     0.015013597
      4132.00     0.014601312
      4133.00     0.014199392
      4134.00     0.013807695
      4135.00     0.013426098
      4136.00     0.013054506
      4137.00     0.012692854
      4138.00     0.012341097
      4139.00     0.011999223
      4140.00     0.011667238
      4141.00     0.011345096
      4142.00     0.011032454
      4143.00     0.010728910
      4144.00     0.010434082
      4145.00     0.010147615
      4146.00    0.0098691700
      4147.00    0.0095984336
      4148.00    0.0093351057
      4149.00    0.0090789087
      4150.00    0.0088295806
      4151.00    0.0085868784
      4152.00    0.0083505751
      4153.00    0.0081204595
      4154.00    0.0078963366
      4155.00    0.0076780263
      4156.00    0.0074653628
      4157.00    0.0072581958
      4158.00    0.0070563870
      4159.00    0.0068598138
      4160.00    0.0066683662
      4161.00    0.0064819335
      4162.00    0.0063003659
      4163.00    0.0061235115
      4164.00    0.0059512325
      4165.00    0.0057833999
      4166.00    0.0056198983
      4167.00    0.0054606213
      4168.00    0.0053054755
      4169.00    0.0051543764
      4170.00    0.0050072505
      4171.00    0.0048640345
      4172.00    0.0047246737
      4173.00    0.0045891256
      4174.00    0.0044573562
      4175.00    0.0043293413
      4176.00    0.0042050662
      4177.00    0.0040845263
      4178.00    0.0039677265
      4179.00    0.0038546812
      4180.00    0.0037454144
      4181.00    0.0036399202
      4182.00    0.0035380410
      4183.00    0.0034395879
      4184.00    0.0033443810
      4185.00    0.0032522472
      4186.00    0.0031630225
      4187.00    0.0030765485
      4188.00    0.0029926747
      4189.00    0.0029112566
      4190.00    0.0028321557
      4191.00    0.0027552393
      4192.00    0.0026803798
      4193.00    0.0026074549
      4194.00    0.0025363474
      4195.00    0.0024669436
      4196.00    0.0023991354
      4197.00    0.0023328171
      4198.00    0.0022678882
      4199.00    0.0022042503
      4200.00    0.0021418091
      4201.00    0.0020804883
      4202.00    0.0020202781
      4203.00    0.0019611865
      4204.00    0.0019032253
      4205.00    0.0018464084
      4206.00    0.0017907536
      4207.00    0.0017362811
      4208.00    0.0016830146
      4209.00    0.0016309808
      4210.00    0.0015802096
      4211.00    0.0015307346
      4212.00    0.0014825926
      4213.00    0.0014358238
      4214.00    0.0013904721
      4215.00    0.0013465851
      4216.00    0.0013042143
      4217.00    0.0012634152
      4218.00    0.0012242475
      4219.00    0.0011867751
      4220.00    0.0011510661
      4221.00    0.0011171607
      4222.00    0.0010849714
      4223.00    0.0010543823
      4224.00    0.0010252811
      4225.00   0.00099755914
      4226.00   0.00097111120
      4227.00   0.00094583487
      4228.00   0.00092163062
      4229.00   0.00089840169
      4230.00   0.00087605321
      4231.00   0.00085449277
      4232.00   0.00083362963
      4233.00   0.00081337469
      4234.00   0.00079364023
      4235.00   0.00077433986
      4236.00   0.00075538804
      4237.00   0.00073669991
      4238.00   0.00071819143
      4239.00   0.00069977863
      4240.00   0.00068137778
      4241.00   0.00066292578
      4242.00   0.00064444168
      4243.00   0.00062596515
      4244.00   0.00060753609
      4245.00   0.00058919465
      4246.00   0.00057098117
      4247.00   0.00055293652
      4248.00   0.00053510211
      4249.00   0.00051751992
      4250.00   0.00050023271
      4251.00   0.00048328410
      4252.00   0.00046671860
      4253.00   0.00045058188
      4254.00   0.00043492073
      4255.00   0.00041978329
      4256.00   0.00040521901
      4257.00   0.00039127901
      4258.00   0.00037801602
      4259.00   0.00036548462
      4260.00   0.00035374128
      4261.00   0.00034282241
      4262.00   0.00033267774
      4263.00   0.00032323669
      4264.00   0.00031443033
      4265.00   0.00030619133
      4266.00   0.00029845346
      4267.00   0.00029115190
      4268.00   0.00028422259
      4269.00   0.00027760251
      4270.00   0.00027122924
      4271.00   0.00026504084
      4272.00   0.00025897584
      4273.00   0.00025297291
      4274.00   0.00024697088
      4275.00   0.00024090840
      4276.00   0.00023472397
      4277.00   0.00022835563
      4278.00   0.00022174093
      4279.00   0.00021481668
      4280.00   0.00020751890
      4281.00   0.00019979789
      4282.00   0.00019166452
      4283.00   0.00018314405
      4284.00   0.00017426085
      4285.00   0.00016503840
      4286.00   0.00015549944
      4287.00   0.00014566593
      4288.00   0.00013555915
      4289.00   0.00012519977
      4290.00   0.00011460787
      4291.00   0.00010380301
      4292.00   9.2804249e-05
      4293.00   8.1630233e-05
      4294.00   7.0299211e-05
      4295.00   5.8829084e-05
      4296.00   4.7237454e-05
      4297.00   3.5541674e-05
      4298.00   2.3758883e-05
      4299.00   1.1906045e-05
      4300.00       0.0000000
