 8031.0   0.88735E-03
 8032.0   0.17751E-02
 8033.0   0.26399E-02
 8034.0   0.35052E-02
 8035.0   0.43941E-02
 8036.0   0.52825E-02
 8037.0   0.61475E-02
 8038.0   0.70125E-02
 8039.0   0.79010E-02
 8040.0   0.87895E-02
 8041.0   0.96536E-02
 8042.0   0.10517E-01
 8043.0   0.11405E-01
 8044.0   0.12291E-01
 8045.0   0.13155E-01
 8046.0   0.14024E-01
 8047.0   0.14917E-01
 8048.0   0.15810E-01
 8049.0   0.16704E-01
 8050.0   0.17599E-01
 8051.0   0.18472E-01
 8052.0   0.19346E-01
 8053.0   0.20243E-01
 8054.0   0.21142E-01
 8055.0   0.22018E-01
 8056.0   0.22885E-01
 8057.0   0.23775E-01
 8058.0   0.24666E-01
 8059.0   0.25533E-01
 8060.0   0.26400E-01
 8061.0   0.27289E-01
 8062.0   0.28179E-01
 8063.0   0.29069E-01
 8064.0   0.29959E-01
 8065.0   0.30825E-01
 8066.0   0.31691E-01
 8067.0   0.32581E-01
 8068.0   0.33470E-01
 8069.0   0.34336E-01
 8070.0   0.35202E-01
 8071.0   0.36089E-01
 8072.0   0.36976E-01
 8073.0   0.37838E-01
 8074.0   0.38701E-01
 8075.0   0.39587E-01
 8076.0   0.40473E-01
 8077.0   0.41335E-01
 8078.0   0.42196E-01
 8079.0   0.43082E-01
 8080.0   0.43966E-01
 8081.0   0.45710E-01
 8082.0   0.47452E-01
 8083.0   0.49193E-01
 8084.0   0.50933E-01
 8085.0   0.52673E-01
 8086.0   0.54411E-01
 8087.0   0.56148E-01
 8088.0   0.57885E-01
 8089.0   0.59643E-01
 8090.0   0.61401E-01
 8091.0   0.63142E-01
 8092.0   0.64882E-01
 8093.0   0.66621E-01
 8094.0   0.68360E-01
 8095.0   0.70099E-01
 8096.0   0.71851E-01
 8097.0   0.73604E-01
 8098.0   0.75356E-01
 8099.0   0.77109E-01
 8100.0   0.78862E-01
 8101.0   0.80613E-01
 8102.0   0.82364E-01
 8103.0   0.84115E-01
 8104.0   0.85866E-01
 8105.0   0.87641E-01
 8106.0   0.89378E-01
 8107.0   0.91091E-01
 8108.0   0.92803E-01
 8109.0   0.94513E-01
 8110.0   0.96222E-01
 8111.0   0.97899E-01
 8112.0   0.99572E-01
 8113.0   0.10124    
 8114.0   0.10291    
 8115.0   0.10458    
 8116.0   0.10626    
 8117.0   0.10795    
 8118.0   0.10963    
 8119.0   0.11131    
 8120.0   0.11299    
 8121.0   0.11473    
 8122.0   0.11647    
 8123.0   0.11818    
 8124.0   0.11990    
 8125.0   0.12161    
 8126.0   0.12315    
 8127.0   0.12468    
 8128.0   0.12620    
 8129.0   0.12772    
 8130.0   0.12923    
 8131.0   0.13053    
 8132.0   0.13183    
 8133.0   0.13311    
 8134.0   0.13438    
 8135.0   0.13564    
 8136.0   0.13715    
 8137.0   0.13866    
 8138.0   0.14016    
 8139.0   0.14168    
 8140.0   0.14320    
 8141.0   0.14479    
 8142.0   0.14639    
 8143.0   0.14798    
 8144.0   0.14957    
 8145.0   0.15115    
 8146.0   0.15251    
 8147.0   0.15386    
 8148.0   0.15520    
 8149.0   0.15654    
 8150.0   0.15786    
 8151.0   0.15913    
 8152.0   0.16039    
 8153.0   0.16165    
 8154.0   0.16289    
 8155.0   0.16415    
 8156.0   0.16544    
 8157.0   0.16670    
 8158.0   0.16795    
 8159.0   0.16919    
 8160.0   0.17043    
 8161.0   0.17181    
 8162.0   0.17318    
 8163.0   0.17455    
 8164.0   0.17592    
 8165.0   0.17728    
 8166.0   0.17943    
 8167.0   0.18159    
 8168.0   0.18376    
 8169.0   0.18595    
 8170.0   0.18814    
 8171.0   0.18980    
 8172.0   0.19146    
 8173.0   0.19310    
 8174.0   0.19474    
 8175.0   0.19638    
 8176.0   0.19724    
 8177.0   0.19809    
 8178.0   0.19892    
 8179.0   0.19974    
 8180.0   0.20055    
 8181.0   0.20277    
 8182.0   0.20501    
 8183.0   0.20725    
 8184.0   0.20950    
 8185.0   0.21177    
 8186.0   0.21390    
 8187.0   0.21604    
 8188.0   0.21819    
 8189.0   0.22036    
 8190.0   0.22255    
 8191.0   0.22424    
 8192.0   0.22593    
 8193.0   0.22763    
 8194.0   0.22932    
 8195.0   0.23102    
 8196.0   0.23267    
 8197.0   0.23431    
 8198.0   0.23596    
 8199.0   0.23760    
 8200.0   0.23925    
 8201.0   0.24216    
 8202.0   0.24509    
 8203.0   0.24804    
 8204.0   0.25100    
 8205.0   0.25400    
 8206.0   0.25670    
 8207.0   0.25939    
 8208.0   0.26208    
 8209.0   0.26480    
 8210.0   0.26752    
 8211.0   0.26912    
 8212.0   0.27072    
 8213.0   0.27232    
 8214.0   0.27391    
 8215.0   0.27550    
 8216.0   0.27658    
 8217.0   0.27764    
 8218.0   0.27870    
 8219.0   0.27974    
 8220.0   0.28078    
 8221.0   0.28015    
 8222.0   0.27948    
 8223.0   0.27876    
 8224.0   0.27802    
 8225.0   0.27724    
 8226.0   0.27564    
 8227.0   0.27400    
 8228.0   0.27232    
 8229.0   0.27060    
 8230.0   0.26885    
 8231.0   0.27182    
 8232.0   0.27481    
 8233.0   0.27781    
 8234.0   0.28083    
 8235.0   0.28387    
 8236.0   0.28880    
 8237.0   0.29378    
 8238.0   0.29879    
 8239.0   0.30385    
 8240.0   0.30896    
 8241.0   0.31196    
 8242.0   0.31498    
 8243.0   0.31801    
 8244.0   0.32106    
 8245.0   0.32412    
 8246.0   0.32617    
 8247.0   0.32822    
 8248.0   0.33027    
 8249.0   0.33233    
 8250.0   0.33439    
 8251.0   0.33577    
 8252.0   0.33715    
 8253.0   0.33853    
 8254.0   0.33990    
 8255.0   0.34129    
 8256.0   0.34268    
 8257.0   0.34404    
 8258.0   0.34540    
 8259.0   0.34676    
 8260.0   0.34811    
 8261.0   0.35068    
 8262.0   0.35326    
 8263.0   0.35585    
 8264.0   0.35844    
 8265.0   0.36105    
 8266.0   0.36305    
 8267.0   0.36506    
 8268.0   0.36707    
 8269.0   0.36909    
 8270.0   0.37111    
 8271.0   0.37096    
 8272.0   0.37080    
 8273.0   0.37060    
 8274.0   0.37038    
 8275.0   0.37014    
 8276.0   0.37068    
 8277.0   0.37121    
 8278.0   0.37173    
 8279.0   0.37224    
 8280.0   0.37274    
 8281.0   0.37516    
 8282.0   0.37759    
 8283.0   0.38002    
 8284.0   0.38246    
 8285.0   0.38491    
 8286.0   0.38662    
 8287.0   0.38813    
 8288.0   0.38964    
 8289.0   0.39053    
 8290.0   0.39141    
 8291.0   0.39254    
 8292.0   0.39367    
 8293.0   0.39482    
 8294.0   0.39597    
 8295.0   0.39711    
 8296.0   0.39875    
 8297.0   0.40042    
 8298.0   0.40209    
 8299.0   0.40374    
 8300.0   0.40540    
 8301.0   0.40649    
 8302.0   0.40757    
 8303.0   0.40866    
 8304.0   0.40976    
 8305.0   0.41082    
 8306.0   0.41250    
 8307.0   0.41421    
 8308.0   0.41591    
 8309.0   0.41760    
 8310.0   0.41929    
 8311.0   0.42011    
 8312.0   0.42092    
 8313.0   0.42171    
 8314.0   0.42249    
 8315.0   0.42331    
 8316.0   0.42314    
 8317.0   0.42295    
 8318.0   0.42275    
 8319.0   0.42258    
 8320.0   0.42239    
 8321.0   0.42396    
 8322.0   0.42553    
 8323.0   0.42645    
 8324.0   0.42736    
 8325.0   0.42807    
 8326.0   0.42905    
 8327.0   0.43003    
 8328.0   0.43101    
 8329.0   0.43199    
 8330.0   0.43297    
 8331.0   0.43282    
 8332.0   0.43266    
 8333.0   0.43250    
 8334.0   0.43234    
 8335.0   0.43219    
 8336.0   0.43230    
 8337.0   0.43241    
 8338.0   0.43252    
 8339.0   0.43264    
 8340.0   0.43275    
 8341.0   0.43346    
 8342.0   0.43416    
 8343.0   0.43487    
 8344.0   0.43557    
 8345.0   0.43628    
 8346.0   0.43653    
 8347.0   0.43679    
 8348.0   0.43704    
 8349.0   0.43729    
 8350.0   0.43754    
 8351.0   0.43736    
 8352.0   0.43717    
 8353.0   0.43699    
 8354.0   0.43681    
 8355.0   0.43662    
 8356.0   0.43661    
 8357.0   0.43660    
 8358.0   0.43660    
 8359.0   0.43659    
 8360.0   0.43658    
 8361.0   0.43673    
 8362.0   0.43687    
 8363.0   0.43702    
 8364.0   0.43717    
 8365.0   0.43732    
 8366.0   0.43747    
 8367.0   0.43762    
 8368.0   0.43777    
 8369.0   0.43791    
 8370.0   0.43806    
 8371.0   0.43816    
 8372.0   0.43826    
 8373.0   0.43836    
 8374.0   0.43846    
 8375.0   0.43856    
 8376.0   0.43857    
 8377.0   0.43858    
 8378.0   0.43858    
 8379.0   0.43859    
 8380.0   0.43860    
 8381.0   0.43873    
 8382.0   0.43886    
 8383.0   0.43899    
 8384.0   0.43912    
 8385.0   0.43925    
 8386.0   0.43929    
 8387.0   0.43933    
 8388.0   0.43937    
 8389.0   0.43941    
 8390.0   0.43945    
 8391.0   0.43944    
 8392.0   0.43943    
 8393.0   0.43942    
 8394.0   0.43941    
 8395.0   0.43940    
 8396.0   0.43948    
 8397.0   0.43957    
 8398.0   0.43965    
 8399.0   0.43973    
 8400.0   0.43982    
 8401.0   0.43970    
 8402.0   0.43959    
 8403.0   0.43947    
 8404.0   0.43936    
 8405.0   0.43924    
 8406.0   0.43913    
 8407.0   0.43902    
 8408.0   0.43890    
 8409.0   0.43879    
 8410.0   0.43868    
 8411.0   0.43875    
 8412.0   0.43882    
 8413.0   0.43889    
 8414.0   0.43896    
 8415.0   0.43903    
 8416.0   0.43910    
 8417.0   0.43917    
 8418.0   0.43924    
 8419.0   0.43931    
 8420.0   0.43938    
 8421.0   0.43950    
 8422.0   0.43963    
 8423.0   0.43975    
 8424.0   0.43988    
 8425.0   0.44000    
 8426.0   0.44004    
 8427.0   0.44008    
 8428.0   0.44011    
 8429.0   0.44015    
 8430.0   0.44018    
 8431.0   0.44009    
 8432.0   0.44000    
 8433.0   0.43991    
 8434.0   0.43982    
 8435.0   0.43973    
 8436.0   0.43982    
 8437.0   0.43991    
 8438.0   0.44000    
 8439.0   0.44008    
 8440.0   0.44017    
 8441.0   0.44014    
 8442.0   0.44011    
 8443.0   0.44008    
 8444.0   0.44006    
 8445.0   0.44003    
 8446.0   0.44010    
 8447.0   0.44016    
 8448.0   0.44023    
 8449.0   0.44030    
 8450.0   0.44038    
 8451.0   0.44045    
 8452.0   0.44052    
 8453.0   0.44059    
 8454.0   0.44067    
 8455.0   0.44074    
 8456.0   0.44073    
 8457.0   0.44072    
 8458.0   0.44071    
 8459.0   0.44070    
 8460.0   0.44070    
 8461.0   0.44058    
 8462.0   0.44045    
 8463.0   0.44033    
 8464.0   0.44021    
 8465.0   0.44009    
 8466.0   0.44015    
 8467.0   0.44020    
 8468.0   0.44026    
 8469.0   0.44031    
 8470.0   0.44037    
 8471.0   0.44041    
 8472.0   0.44044    
 8473.0   0.44048    
 8474.0   0.44051    
 8475.0   0.44055    
 8476.0   0.44050    
 8477.0   0.44044    
 8478.0   0.44039    
 8479.0   0.44034    
 8480.0   0.44028    
 8481.0   0.44032    
 8482.0   0.44035    
 8483.0   0.44039    
 8484.0   0.44043    
 8485.0   0.44046    
 8486.0   0.44050    
 8487.0   0.44054    
 8488.0   0.44057    
 8489.0   0.44061    
 8490.0   0.44065    
 8491.0   0.44063    
 8492.0   0.44062    
 8493.0   0.44060    
 8494.0   0.44059    
 8495.0   0.44057    
 8496.0   0.44055    
 8497.0   0.44052    
 8498.0   0.44050    
 8499.0   0.44047    
 8500.0   0.44045    
 8501.0   0.44047    
 8502.0   0.44048    
 8503.0   0.44050    
 8504.0   0.44051    
 8505.0   0.44052    
 8506.0   0.44054    
 8507.0   0.44054    
 8508.0   0.44055    
 8509.0   0.44056    
 8510.0   0.44057    
 8511.0   0.44052    
 8512.0   0.44048    
 8513.0   0.44043    
 8514.0   0.44039    
 8515.0   0.44035    
 8516.0   0.44048    
 8517.0   0.44062    
 8518.0   0.44076    
 8519.0   0.44090    
 8520.0   0.44103    
 8521.0   0.44105    
 8522.0   0.44107    
 8523.0   0.44108    
 8524.0   0.44110    
 8525.0   0.44111    
 8526.0   0.44122    
 8527.0   0.44133    
 8528.0   0.44143    
 8529.0   0.44154    
 8530.0   0.44164    
 8531.0   0.44165    
 8532.0   0.44165    
 8533.0   0.44166    
 8534.0   0.44166    
 8535.0   0.44167    
 8536.0   0.44158    
 8537.0   0.44149    
 8538.0   0.44141    
 8539.0   0.44132    
 8540.0   0.44123    
 8541.0   0.44124    
 8542.0   0.44125    
 8543.0   0.44126    
 8544.0   0.44128    
 8545.0   0.44129    
 8546.0   0.44140    
 8547.0   0.44151    
 8548.0   0.44162    
 8549.0   0.44173    
 8550.0   0.44184    
 8551.0   0.44194    
 8552.0   0.44205    
 8553.0   0.44215    
 8554.0   0.44226    
 8555.0   0.44237    
 8556.0   0.44248    
 8557.0   0.44260    
 8558.0   0.44271    
 8559.0   0.44282    
 8560.0   0.44294    
 8561.0   0.44290    
 8562.0   0.44286    
 8563.0   0.44283    
 8564.0   0.44279    
 8565.0   0.44275    
 8566.0   0.44271    
 8567.0   0.44267    
 8568.0   0.44263    
 8569.0   0.44259    
 8570.0   0.44255    
 8571.0   0.44256    
 8572.0   0.44258    
 8573.0   0.44259    
 8574.0   0.44261    
 8575.0   0.44262    
 8576.0   0.44273    
 8577.0   0.44283    
 8578.0   0.44293    
 8579.0   0.44304    
 8580.0   0.44314    
 8581.0   0.44315    
 8582.0   0.44316    
 8583.0   0.44317    
 8584.0   0.44318    
 8585.0   0.44319    
 8586.0   0.44320    
 8587.0   0.44321    
 8588.0   0.44322    
 8589.0   0.44323    
 8590.0   0.44324    
 8591.0   0.44327    
 8592.0   0.44331    
 8593.0   0.44334    
 8594.0   0.44338    
 8595.0   0.44341    
 8596.0   0.44344    
 8597.0   0.44347    
 8598.0   0.44349    
 8599.0   0.44352    
 8600.0   0.44354    
 8601.0   0.44352    
 8602.0   0.44350    
 8603.0   0.44347    
 8604.0   0.44345    
 8605.0   0.44342    
 8606.0   0.44339    
 8607.0   0.44336    
 8608.0   0.44333    
 8609.0   0.44330    
 8610.0   0.44327    
 8611.0   0.44326    
 8612.0   0.44325    
 8613.0   0.44324    
 8614.0   0.44324    
 8615.0   0.44323    
 8616.0   0.44322    
 8617.0   0.44322    
 8618.0   0.44321    
 8619.0   0.44321    
 8620.0   0.44320    
 8621.0   0.44327    
 8622.0   0.44334    
 8623.0   0.44341    
 8624.0   0.44349    
 8625.0   0.44356    
 8626.0   0.44354    
 8627.0   0.44352    
 8628.0   0.44350    
 8629.0   0.44348    
 8630.0   0.44346    
 8631.0   0.44348    
 8632.0   0.44351    
 8633.0   0.44353    
 8634.0   0.44356    
 8635.0   0.44358    
 8636.0   0.44360    
 8637.0   0.44363    
 8638.0   0.44365    
 8639.0   0.44367    
 8640.0   0.44369    
 8641.0   0.44369    
 8642.0   0.44369    
 8643.0   0.44369    
 8644.0   0.44369    
 8645.0   0.44370    
 8646.0   0.44370    
 8647.0   0.44371    
 8648.0   0.44372    
 8649.0   0.44373    
 8650.0   0.44374    
 8651.0   0.44373    
 8652.0   0.44372    
 8653.0   0.44372    
 8654.0   0.44372    
 8655.0   0.44372    
 8656.0   0.44372    
 8657.0   0.44372    
 8658.0   0.44372    
 8659.0   0.44373    
 8660.0   0.44374    
 8661.0   0.44376    
 8662.0   0.44379    
 8663.0   0.44381    
 8664.0   0.44384    
 8665.0   0.44386    
 8666.0   0.44389    
 8667.0   0.44391    
 8668.0   0.44394    
 8669.0   0.44396    
 8670.0   0.44398    
 8671.0   0.44391    
 8672.0   0.44384    
 8673.0   0.44377    
 8674.0   0.44369    
 8675.0   0.44362    
 8676.0   0.44355    
 8677.0   0.44347    
 8678.0   0.44340    
 8679.0   0.44333    
 8680.0   0.44325    
 8681.0   0.44328    
 8682.0   0.44331    
 8683.0   0.44335    
 8684.0   0.44338    
 8685.0   0.44341    
 8686.0   0.44344    
 8687.0   0.44348    
 8688.0   0.44351    
 8689.0   0.44355    
 8690.0   0.44358    
 8691.0   0.44356    
 8692.0   0.44354    
 8693.0   0.44352    
 8694.0   0.44350    
 8695.0   0.44347    
 8696.0   0.44353    
 8697.0   0.44359    
 8698.0   0.44364    
 8699.0   0.44369    
 8700.0   0.44373    
 8701.0   0.44371    
 8702.0   0.44369    
 8703.0   0.44366    
 8704.0   0.44362    
 8705.0   0.44358    
 8706.0   0.44354    
 8707.0   0.44350    
 8708.0   0.44345    
 8709.0   0.44340    
 8710.0   0.44335    
 8711.0   0.44328    
 8712.0   0.44320    
 8713.0   0.44313    
 8714.0   0.44305    
 8715.0   0.44298    
 8716.0   0.44291    
 8717.0   0.44284    
 8718.0   0.44276    
 8719.0   0.44269    
 8720.0   0.44262    
 8721.0   0.44257    
 8722.0   0.44252    
 8723.0   0.44246    
 8724.0   0.44241    
 8725.0   0.44236    
 8726.0   0.44231    
 8727.0   0.44226    
 8728.0   0.44221    
 8729.0   0.44216    
 8730.0   0.44211    
 8731.0   0.44205    
 8732.0   0.44200    
 8733.0   0.44194    
 8734.0   0.44189    
 8735.0   0.44183    
 8736.0   0.44177    
 8737.0   0.44171    
 8738.0   0.44166    
 8739.0   0.44160    
 8740.0   0.44154    
 8741.0   0.44153    
 8742.0   0.44152    
 8743.0   0.44151    
 8744.0   0.44150    
 8745.0   0.44150    
 8746.0   0.44150    
 8747.0   0.44150    
 8748.0   0.44151    
 8749.0   0.44152    
 8750.0   0.44153    
 8751.0   0.44146    
 8752.0   0.44139    
 8753.0   0.44132    
 8754.0   0.44126    
 8755.0   0.44120    
 8756.0   0.44115    
 8757.0   0.44109    
 8758.0   0.44104    
 8759.0   0.44099    
 8760.0   0.44094    
 8761.0   0.44096    
 8762.0   0.44098    
 8763.0   0.44099    
 8764.0   0.44101    
 8765.0   0.44103    
 8766.0   0.44104    
 8767.0   0.44105    
 8768.0   0.44107    
 8769.0   0.44108    
 8770.0   0.44109    
 8771.0   0.44105    
 8772.0   0.44101    
 8773.0   0.44096    
 8774.0   0.44092    
 8775.0   0.44088    
 8776.0   0.44083    
 8777.0   0.44079    
 8778.0   0.44075    
 8779.0   0.44071    
 8780.0   0.44066    
 8781.0   0.44061    
 8782.0   0.44057    
 8783.0   0.44052    
 8784.0   0.44047    
 8785.0   0.44042    
 8786.0   0.44038    
 8787.0   0.44033    
 8788.0   0.44028    
 8789.0   0.44022    
 8790.0   0.44017    
 8791.0   0.44022    
 8792.0   0.44027    
 8793.0   0.44033    
 8794.0   0.44038    
 8795.0   0.44043    
 8796.0   0.44049    
 8797.0   0.44055    
 8798.0   0.44061    
 8799.0   0.44067    
 8800.0   0.44074    
 8801.0   0.44074    
 8802.0   0.44074    
 8803.0   0.44074    
 8804.0   0.44075    
 8805.0   0.44075    
 8806.0   0.44076    
 8807.0   0.44077    
 8808.0   0.44078    
 8809.0   0.44080    
 8810.0   0.44081    
 8811.0   0.44081    
 8812.0   0.44081    
 8813.0   0.44081    
 8814.0   0.44080    
 8815.0   0.44080    
 8816.0   0.44070    
 8817.0   0.44061    
 8818.0   0.44051    
 8819.0   0.44042    
 8820.0   0.44032    
 8821.0   0.44027    
 8822.0   0.44022    
 8823.0   0.44017    
 8824.0   0.44012    
 8825.0   0.44007    
 8826.0   0.43993    
 8827.0   0.43979    
 8828.0   0.43965    
 8829.0   0.43950    
 8830.0   0.43936    
 8831.0   0.43932    
 8832.0   0.43927    
 8833.0   0.43923    
 8834.0   0.43918    
 8835.0   0.43914    
 8836.0   0.43909    
 8837.0   0.43905    
 8838.0   0.43900    
 8839.0   0.43896    
 8840.0   0.43892    
 8841.0   0.43886    
 8842.0   0.43880    
 8843.0   0.43874    
 8844.0   0.43868    
 8845.0   0.43862    
 8846.0   0.43856    
 8847.0   0.43851    
 8848.0   0.43845    
 8849.0   0.43839    
 8850.0   0.43834    
 8851.0   0.43811    
 8852.0   0.43788    
 8853.0   0.43765    
 8854.0   0.43743    
 8855.0   0.43720    
 8856.0   0.43698    
 8857.0   0.43675    
 8858.0   0.43653    
 8859.0   0.43631    
 8860.0   0.43608    
 8861.0   0.43603    
 8862.0   0.43597    
 8863.0   0.43592    
 8864.0   0.43587    
 8865.0   0.43581    
 8866.0   0.43585    
 8867.0   0.43588    
 8868.0   0.43591    
 8869.0   0.43595    
 8870.0   0.43598    
 8871.0   0.43594    
 8872.0   0.43591    
 8873.0   0.43587    
 8874.0   0.43583    
 8875.0   0.43579    
 8876.0   0.43567    
 8877.0   0.43554    
 8878.0   0.43542    
 8879.0   0.43530    
 8880.0   0.43517    
 8881.0   0.43516    
 8882.0   0.43514    
 8883.0   0.43513    
 8884.0   0.43512    
 8885.0   0.43510    
 8886.0   0.43527    
 8887.0   0.43544    
 8888.0   0.43561    
 8889.0   0.43578    
 8890.0   0.43595    
 8891.0   0.43575    
 8892.0   0.43555    
 8893.0   0.43534    
 8894.0   0.43513    
 8895.0   0.43491    
 8896.0   0.43477    
 8897.0   0.43463    
 8898.0   0.43448    
 8899.0   0.43432    
 8900.0   0.43415    
 8901.0   0.43383    
 8902.0   0.43351    
 8903.0   0.43318    
 8904.0   0.43284    
 8905.0   0.43250    
 8906.0   0.43232    
 8907.0   0.43215    
 8908.0   0.43197    
 8909.0   0.43178    
 8910.0   0.43159    
 8911.0   0.43141    
 8912.0   0.43122    
 8913.0   0.43104    
 8914.0   0.43085    
 8915.0   0.43067    
 8916.0   0.43050    
 8917.0   0.43032    
 8918.0   0.43014    
 8919.0   0.42996    
 8920.0   0.42979    
 8921.0   0.42944    
 8922.0   0.42909    
 8923.0   0.42875    
 8924.0   0.42840    
 8925.0   0.42805    
 8926.0   0.42735    
 8927.0   0.42666    
 8928.0   0.42596    
 8929.0   0.42526    
 8930.0   0.42457    
 8931.0   0.42408    
 8932.0   0.42358    
 8933.0   0.42309    
 8934.0   0.42260    
 8935.0   0.42211    
 8936.0   0.42196    
 8937.0   0.42181    
 8938.0   0.42166    
 8939.0   0.42151    
 8940.0   0.42136    
 8941.0   0.42067    
 8942.0   0.41998    
 8943.0   0.41930    
 8944.0   0.41863    
 8945.0   0.41796    
 8946.0   0.41679    
 8947.0   0.41562    
 8948.0   0.41446    
 8949.0   0.41331    
 8950.0   0.41217    
 8951.0   0.41062    
 8952.0   0.40908    
 8953.0   0.40755    
 8954.0   0.40602    
 8955.0   0.40451    
 8956.0   0.40343    
 8957.0   0.40236    
 8958.0   0.40129    
 8959.0   0.40023    
 8960.0   0.39917    
 8961.0   0.39778    
 8962.0   0.39639    
 8963.0   0.39500    
 8964.0   0.39360    
 8965.0   0.39221    
 8966.0   0.39167    
 8967.0   0.39112    
 8968.0   0.39058    
 8969.0   0.39004    
 8970.0   0.38950    
 8971.0   0.39034    
 8972.0   0.39118    
 8973.0   0.39202    
 8974.0   0.39286    
 8975.0   0.39370    
 8976.0   0.39420    
 8977.0   0.39470    
 8978.0   0.39519    
 8979.0   0.39569    
 8980.0   0.39619    
 8981.0   0.39289    
 8982.0   0.38960    
 8983.0   0.38630    
 8984.0   0.38301    
 8985.0   0.37972    
 8986.0   0.37532    
 8987.0   0.37092    
 8988.0   0.36652    
 8989.0   0.36212    
 8990.0   0.35773    
 8991.0   0.35966    
 8992.0   0.36159    
 8993.0   0.36352    
 8994.0   0.36544    
 8995.0   0.36735    
 8996.0   0.37011    
 8997.0   0.37287    
 8998.0   0.37562    
 8999.0   0.37835    
 9000.0   0.38108    
 9001.0   0.38001    
 9002.0   0.37894    
 9003.0   0.37785    
 9004.0   0.37677    
 9005.0   0.37567    
 9006.0   0.37585    
 9007.0   0.37602    
 9008.0   0.37619    
 9009.0   0.37635    
 9010.0   0.37651    
 9011.0   0.37724    
 9012.0   0.37798    
 9013.0   0.37870    
 9014.0   0.37943    
 9015.0   0.38017    
 9016.0   0.37980    
 9017.0   0.37943    
 9018.0   0.37906    
 9019.0   0.37869    
 9020.0   0.37832    
 9021.0   0.37766    
 9022.0   0.37701    
 9023.0   0.37635    
 9024.0   0.37569    
 9025.0   0.37504    
 9026.0   0.37599    
 9027.0   0.37694    
 9028.0   0.37789    
 9029.0   0.37884    
 9030.0   0.37978    
 9031.0   0.38252    
 9032.0   0.38526    
 9033.0   0.38799    
 9034.0   0.39072    
 9035.0   0.39345    
 9036.0   0.39517    
 9037.0   0.39688    
 9038.0   0.39859    
 9039.0   0.40029    
 9040.0   0.40200    
 9041.0   0.40154    
 9042.0   0.40109    
 9043.0   0.40063    
 9044.0   0.40018    
 9045.0   0.39972    
 9046.0   0.39919    
 9047.0   0.39866    
 9048.0   0.39812    
 9049.0   0.39759    
 9050.0   0.39707    
 9051.0   0.39698    
 9052.0   0.39689    
 9053.0   0.39680    
 9054.0   0.39672    
 9055.0   0.39663    
 9056.0   0.39614    
 9057.0   0.39564    
 9058.0   0.39515    
 9059.0   0.39465    
 9060.0   0.39416    
 9061.0   0.39205    
 9062.0   0.38994    
 9063.0   0.38783    
 9064.0   0.38573    
 9065.0   0.38362    
 9066.0   0.38135    
 9067.0   0.37907    
 9068.0   0.37680    
 9069.0   0.37453    
 9070.0   0.37226    
 9071.0   0.37138    
 9072.0   0.37049    
 9073.0   0.36960    
 9074.0   0.36872    
 9075.0   0.36783    
 9076.0   0.36745    
 9077.0   0.36706    
 9078.0   0.36668    
 9079.0   0.36629    
 9080.0   0.36591    
 9081.0   0.36605    
 9082.0   0.36619    
 9083.0   0.36633    
 9084.0   0.36647    
 9085.0   0.36661    
 9086.0   0.36658    
 9087.0   0.36655    
 9088.0   0.36653    
 9089.0   0.36650    
 9090.0   0.36647    
 9091.0   0.36680    
 9092.0   0.36712    
 9093.0   0.36690    
 9094.0   0.36668    
 9095.0   0.36626    
 9096.0   0.36568    
 9097.0   0.36512    
 9098.0   0.36455    
 9099.0   0.36397    
 9100.0   0.36338    
 9101.0   0.36194    
 9102.0   0.36051    
 9103.0   0.35906    
 9104.0   0.35761    
 9105.0   0.35616    
 9106.0   0.35632    
 9107.0   0.35649    
 9108.0   0.35665    
 9109.0   0.35679    
 9110.0   0.35693    
 9111.0   0.35652    
 9112.0   0.35611    
 9113.0   0.35568    
 9114.0   0.35525    
 9115.0   0.35483    
 9116.0   0.35309    
 9117.0   0.35134    
 9118.0   0.34959    
 9119.0   0.34786    
 9120.0   0.34614    
 9121.0   0.34625    
 9122.0   0.34635    
 9123.0   0.34645    
 9124.0   0.34654    
 9125.0   0.34664    
 9126.0   0.34387    
 9127.0   0.34091    
 9128.0   0.33796    
 9129.0   0.33448    
 9130.0   0.33103    
 9131.0   0.32742    
 9132.0   0.32383    
 9133.0   0.32025    
 9134.0   0.31670    
 9135.0   0.31315    
 9136.0   0.31339    
 9137.0   0.31364    
 9138.0   0.31386    
 9139.0   0.31407    
 9140.0   0.31427    
 9141.0   0.31516    
 9142.0   0.31603    
 9143.0   0.31687    
 9144.0   0.31769    
 9145.0   0.31848    
 9146.0   0.31615    
 9147.0   0.31382    
 9148.0   0.31150    
 9149.0   0.30919    
 9150.0   0.30689    
 9151.0   0.30196    
 9152.0   0.29706    
 9153.0   0.29222    
 9154.0   0.28742    
 9155.0   0.28265    
 9156.0   0.28204    
 9157.0   0.28141    
 9158.0   0.28078    
 9159.0   0.28014    
 9160.0   0.27949    
 9161.0   0.28116    
 9162.0   0.28279    
 9163.0   0.28439    
 9164.0   0.28595    
 9165.0   0.28748    
 9166.0   0.28607    
 9167.0   0.28466    
 9168.0   0.28325    
 9169.0   0.28182    
 9170.0   0.28039    
 9171.0   0.27680    
 9172.0   0.27324    
 9173.0   0.26970    
 9174.0   0.26619    
 9175.0   0.26269    
 9176.0   0.26040    
 9177.0   0.25811    
 9178.0   0.25583    
 9179.0   0.25356    
 9180.0   0.25130    
 9181.0   0.25130    
 9182.0   0.25129    
 9183.0   0.25126    
 9184.0   0.25121    
 9185.0   0.25112    
 9186.0   0.25108    
 9187.0   0.25103    
 9188.0   0.25097    
 9189.0   0.25089    
 9190.0   0.25079    
 9191.0   0.24973    
 9192.0   0.24866    
 9193.0   0.24759    
 9194.0   0.24651    
 9195.0   0.24542    
 9196.0   0.24392    
 9197.0   0.24241    
 9198.0   0.24091    
 9199.0   0.23940    
 9200.0   0.23790    
 9201.0   0.23696    
 9202.0   0.23602    
 9203.0   0.23509    
 9204.0   0.23415    
 9205.0   0.23320    
 9206.0   0.23151    
 9207.0   0.22983    
 9208.0   0.22815    
 9209.0   0.22648    
 9210.0   0.22480    
 9211.0   0.22262    
 9212.0   0.22045    
 9213.0   0.21829    
 9214.0   0.21614    
 9215.0   0.21399    
 9216.0   0.21236    
 9217.0   0.21072    
 9218.0   0.20909    
 9219.0   0.20744    
 9220.0   0.20579    
 9221.0   0.20468    
 9222.0   0.20356    
 9223.0   0.20243    
 9224.0   0.20130    
 9225.0   0.20016    
 9226.0   0.19852    
 9227.0   0.19688    
 9228.0   0.19524    
 9229.0   0.19361    
 9230.0   0.19198    
 9231.0   0.19023    
 9232.0   0.18849    
 9233.0   0.18675    
 9234.0   0.18502    
 9235.0   0.18327    
 9236.0   0.18145    
 9237.0   0.17965    
 9238.0   0.17787    
 9239.0   0.17608    
 9240.0   0.17431    
 9241.0   0.17259    
 9242.0   0.17088    
 9243.0   0.16917    
 9244.0   0.16746    
 9245.0   0.16576    
 9246.0   0.16420    
 9247.0   0.16264    
 9248.0   0.16109    
 9249.0   0.15953    
 9250.0   0.15798    
 9251.0   0.15661    
 9252.0   0.15523    
 9253.0   0.15388    
 9254.0   0.15252    
 9255.0   0.15115    
 9256.0   0.14972    
 9257.0   0.14829    
 9258.0   0.14686    
 9259.0   0.14543    
 9260.0   0.14399    
 9261.0   0.14255    
 9262.0   0.14111    
 9263.0   0.13967    
 9264.0   0.13823    
 9265.0   0.13679    
 9266.0   0.13543    
 9267.0   0.13408    
 9268.0   0.13272    
 9269.0   0.13134    
 9270.0   0.12996    
 9271.0   0.12774    
 9272.0   0.12555    
 9273.0   0.12337    
 9274.0   0.12122    
 9275.0   0.11908    
 9276.0   0.11671    
 9277.0   0.11436    
 9278.0   0.11203    
 9279.0   0.10973    
 9280.0   0.10746    
 9281.0   0.10590    
 9282.0   0.10435    
 9283.0   0.10281    
 9284.0   0.10127    
 9285.0   0.99724E-01
 9286.0   0.98070E-01
 9287.0   0.96443E-01
 9288.0   0.94824E-01
 9289.0   0.93214E-01
 9290.0   0.91613E-01
 9291.0   0.89824E-01
 9292.0   0.88050E-01
 9293.0   0.86290E-01
 9294.0   0.84543E-01
 9295.0   0.82810E-01
 9296.0   0.80750E-01
 9297.0   0.78714E-01
 9298.0   0.76703E-01
 9299.0   0.74717E-01
 9300.0   0.72756E-01
 9301.0   0.70892E-01
 9302.0   0.69050E-01
 9303.0   0.67245E-01
 9304.0   0.65461E-01
 9305.0   0.63700E-01
 9306.0   0.61976E-01
 9307.0   0.60273E-01
 9308.0   0.58591E-01
 9309.0   0.56930E-01
 9310.0   0.55291E-01
 9311.0   0.53600E-01
 9312.0   0.51933E-01
 9313.0   0.50291E-01
 9314.0   0.48675E-01
 9315.0   0.47083E-01
 9316.0   0.45092E-01
 9317.0   0.43146E-01
 9318.0   0.41245E-01
 9319.0   0.39375E-01
 9320.0   0.37551E-01
 9321.0   0.36288E-01
 9322.0   0.35042E-01
 9323.0   0.33813E-01
 9324.0   0.32602E-01
 9325.0   0.31408E-01
 9326.0   0.30545E-01
 9327.0   0.29680E-01
 9328.0   0.28813E-01
 9329.0   0.27945E-01
 9330.0   0.27074E-01
 9331.0   0.25987E-01
 9332.0   0.24914E-01
 9333.0   0.23853E-01
 9334.0   0.22806E-01
 9335.0   0.21980E-01
 9336.0   0.20799E-01
 9337.0   0.19872E-01
 9338.0   0.18967E-01
 9339.0   0.18073E-01
 9340.0   0.17201E-01
 9341.0   0.16644E-01
 9342.0   0.16096E-01
 9343.0   0.15546E-01
 9344.0   0.15004E-01
 9345.0   0.14471E-01
 9346.0   0.14544E-01
 9347.0   0.14603E-01
 9348.0   0.14640E-01
 9349.0   0.14642E-01
 9350.0   0.14622E-01
 9351.0   0.14323E-01
 9352.0   0.14017E-01
 9353.0   0.13694E-01
 9354.0   0.13363E-01
 9355.0   0.13038E-01
 9356.0   0.12502E-01
 9357.0   0.11961E-01
 9358.0   0.11429E-01
 9359.0   0.10915E-01
 9360.0   0.10409E-01
 9361.0   0.10017E-01
 9362.0   0.96216E-02
 9363.0   0.92241E-02
 9364.0   0.88242E-02
 9365.0   0.84331E-02
 9366.0   0.79679E-02
 9367.0   0.74968E-02
 9368.0   0.70311E-02
 9369.0   0.65817E-02
 9370.0   0.61375E-02
 9371.0   0.57791E-02
 9372.0   0.54127E-02
 9373.0   0.50494E-02
 9374.0   0.46783E-02
 9375.0   0.42880E-02
 9376.0   0.38660E-02
 9377.0   0.34414E-02
 9378.0   0.30143E-02
 9379.0   0.25962E-02
 9380.0   0.21755E-02
 9381.0   0.17424E-02
 9382.0   0.13059E-02
 9383.0   0.87778E-03
 9384.0   0.44641E-03
