 3865.0   0.16831E-03
 3866.0   0.33735E-03
 3867.0   0.66728E-03
 3868.0   0.99864E-03
 3869.0   0.13404E-02
 3870.0   0.16836E-02
 3871.0   0.20198E-02
 3872.0   0.23577E-02
 3873.0   0.27062E-02
 3874.0   0.30563E-02
 3875.0   0.34082E-02
 3876.0   0.37606E-02
 3877.0   0.41054E-02
 3878.0   0.44516E-02
 3879.0   0.48084E-02
 3880.0   0.51667E-02
 3881.0   0.55183E-02
 3882.0   0.58716E-02
 3883.0   0.62356E-02
 3884.0   0.66012E-02
 3885.0   0.69593E-02
 3886.0   0.73209E-02
 3887.0   0.76937E-02
 3888.0   0.80683E-02
 3889.0   0.84354E-02
 3890.0   0.88043E-02
 3891.0   0.91813E-02
 3892.0   0.95599E-02
 3893.0   0.99401E-02
 3894.0   0.10322E-01
 3895.0   0.10696E-01
 3896.0   0.11071E-01
 3897.0   0.11458E-01
 3898.0   0.11846E-01
 3899.0   0.12227E-01
 3900.0   0.12609E-01
 3901.0   0.13004E-01
 3902.0   0.13401E-01
 3903.0   0.13791E-01
 3904.0   0.14182E-01
 3905.0   0.14584E-01
 3906.0   0.14985E-01
 3907.0   0.15386E-01
 3908.0   0.15790E-01
 3909.0   0.16185E-01
 3910.0   0.16582E-01
 3911.0   0.16992E-01
 3912.0   0.17403E-01
 3913.0   0.17806E-01
 3914.0   0.18211E-01
 3915.0   0.18816E-01
 3916.0   0.19424E-01
 3917.0   0.20213E-01
 3918.0   0.21005E-01
 3919.0   0.21801E-01
 3920.0   0.22600E-01
 3921.0   0.23405E-01
 3922.0   0.24214E-01
 3923.0   0.25027E-01
 3924.0   0.25843E-01
 3925.0   0.26662E-01
 3926.0   0.27477E-01
 3927.0   0.28296E-01
 3928.0   0.29117E-01
 3929.0   0.29941E-01
 3930.0   0.30769E-01
 3931.0   0.31616E-01
 3932.0   0.32467E-01
 3933.0   0.33312E-01
 3934.0   0.34159E-01
 3935.0   0.35010E-01
 3936.0   0.35875E-01
 3937.0   0.36743E-01
 3938.0   0.37615E-01
 3939.0   0.38492E-01
 3940.0   0.39372E-01
 3941.0   0.40237E-01
 3942.0   0.41105E-01
 3943.0   0.41977E-01
 3944.0   0.42852E-01
 3945.0   0.43730E-01
 3946.0   0.44612E-01
 3947.0   0.45497E-01
 3948.0   0.46385E-01
 3949.0   0.47287E-01
 3950.0   0.48192E-01
 3951.0   0.49079E-01
 3952.0   0.49969E-01
 3953.0   0.50862E-01
 3954.0   0.51758E-01
 3955.0   0.52657E-01
 3956.0   0.53559E-01
 3957.0   0.54464E-01
 3958.0   0.55373E-01
 3959.0   0.56284E-01
 3960.0   0.57199E-01
 3961.0   0.58143E-01
 3962.0   0.59091E-01
 3963.0   0.60043E-01
 3964.0   0.60999E-01
 3965.0   0.61969E-01
 3966.0   0.62926E-01
 3967.0   0.63875E-01
 3968.0   0.64827E-01
 3969.0   0.65782E-01
 3970.0   0.66740E-01
 3971.0   0.67692E-01
 3972.0   0.68647E-01
 3973.0   0.69605E-01
 3974.0   0.70565E-01
 3975.0   0.71528E-01
 3976.0   0.72493E-01
 3977.0   0.73461E-01
 3978.0   0.74432E-01
 3979.0   0.75405E-01
 3980.0   0.76382E-01
 3981.0   0.77370E-01
 3982.0   0.78361E-01
 3983.0   0.79344E-01
 3984.0   0.80329E-01
 3985.0   0.81318E-01
 3986.0   0.82332E-01
 3987.0   0.83349E-01
 3988.0   0.84370E-01
 3989.0   0.85394E-01
 3990.0   0.86421E-01
 3991.0   0.87427E-01
 3992.0   0.88435E-01
 3993.0   0.89447E-01
 3994.0   0.90461E-01
 3995.0   0.91478E-01
 3996.0   0.92499E-01
 3997.0   0.93522E-01
 3998.0   0.94549E-01
 3999.0   0.95590E-01
 4000.0   0.96634E-01
 4001.0   0.97665E-01
 4002.0   0.98699E-01
 4003.0   0.99736E-01
 4004.0   0.10078    
 4005.0   0.10182    
 4006.0   0.10287    
 4007.0   0.10391    
 4008.0   0.10497    
 4009.0   0.10602    
 4010.0   0.10708    
 4011.0   0.10815    
 4012.0   0.10923    
 4013.0   0.11031    
 4014.0   0.11139    
 4015.0   0.11249    
 4016.0   0.11356    
 4017.0   0.11462    
 4018.0   0.11569    
 4019.0   0.11675    
 4020.0   0.11782    
 4021.0   0.11890    
 4022.0   0.11997    
 4023.0   0.12105    
 4024.0   0.12213    
 4025.0   0.12322    
 4026.0   0.12431    
 4027.0   0.12540    
 4028.0   0.12649    
 4029.0   0.12759    
 4030.0   0.12868    
 4031.0   0.12980    
 4032.0   0.13093    
 4033.0   0.13204    
 4034.0   0.13316    
 4035.0   0.13428    
 4036.0   0.13540    
 4037.0   0.13653    
 4038.0   0.13766    
 4039.0   0.13879    
 4040.0   0.13992    
 4041.0   0.14105    
 4042.0   0.14217    
 4043.0   0.14330    
 4044.0   0.14443    
 4045.0   0.14556    
 4046.0   0.14674    
 4047.0   0.14792    
 4048.0   0.14910    
 4049.0   0.15030    
 4050.0   0.15150    
 4051.0   0.15265    
 4052.0   0.15381    
 4053.0   0.15497    
 4054.0   0.15614    
 4055.0   0.15730    
 4056.0   0.15847    
 4057.0   0.15965    
 4058.0   0.16082    
 4059.0   0.16200    
 4060.0   0.16318    
 4061.0   0.16437    
 4062.0   0.16556    
 4063.0   0.16676    
 4064.0   0.16795    
 4065.0   0.16917    
 4066.0   0.17038    
 4067.0   0.17159    
 4068.0   0.17280    
 4069.0   0.17401    
 4070.0   0.17523    
 4071.0   0.17641    
 4072.0   0.17760    
 4073.0   0.17879    
 4074.0   0.17999    
 4075.0   0.18119    
 4076.0   0.18239    
 4077.0   0.18359    
 4078.0   0.18479    
 4079.0   0.18600    
 4080.0   0.18721    
 4081.0   0.18844    
 4082.0   0.18967    
 4083.0   0.19089    
 4084.0   0.19211    
 4085.0   0.19333    
 4086.0   0.19456    
 4087.0   0.19579    
 4088.0   0.19702    
 4089.0   0.19826    
 4090.0   0.19950    
 4091.0   0.20073    
 4092.0   0.20198    
 4093.0   0.20322    
 4094.0   0.20447    
 4095.0   0.20572    
 4096.0   0.20697    
 4097.0   0.20822    
 4098.0   0.20948    
 4099.0   0.21075    
 4100.0   0.21203    
 4101.0   0.21331    
 4102.0   0.21460    
 4103.0   0.21590    
 4104.0   0.21719    
 4105.0   0.21849    
 4106.0   0.21985    
 4107.0   0.22121    
 4108.0   0.22258    
 4109.0   0.22395    
 4110.0   0.22532    
 4111.0   0.22662    
 4112.0   0.22792    
 4113.0   0.22923    
 4114.0   0.23054    
 4115.0   0.23186    
 4116.0   0.23319    
 4117.0   0.23450    
 4118.0   0.23582    
 4119.0   0.23714    
 4120.0   0.23847    
 4121.0   0.23974    
 4122.0   0.24102    
 4123.0   0.24191    
 4124.0   0.24281    
 4125.0   0.24356    
 4126.0   0.24432    
 4127.0   0.24509    
 4128.0   0.24586    
 4129.0   0.24664    
 4130.0   0.24741    
 4131.0   0.24823    
 4132.0   0.24905    
 4133.0   0.24988    
 4134.0   0.25071    
 4135.0   0.25153    
 4136.0   0.25236    
 4137.0   0.25319    
 4138.0   0.25403    
 4139.0   0.25486    
 4140.0   0.25569    
 4141.0   0.25653    
 4142.0   0.25736    
 4143.0   0.25818    
 4144.0   0.25901    
 4145.0   0.25985    
 4146.0   0.26069    
 4147.0   0.26153    
 4148.0   0.26238    
 4149.0   0.26321    
 4150.0   0.26404    
 4151.0   0.26488    
 4152.0   0.26572    
 4153.0   0.26655    
 4154.0   0.26738    
 4155.0   0.26822    
 4156.0   0.26907    
 4157.0   0.26978    
 4158.0   0.27048    
 4159.0   0.27078    
 4160.0   0.27109    
 4161.0   0.27137    
 4162.0   0.27166    
 4163.0   0.27194    
 4164.0   0.27223    
 4165.0   0.27252    
 4166.0   0.27280    
 4167.0   0.27309    
 4168.0   0.27338    
 4169.0   0.27367    
 4170.0   0.27395    
 4171.0   0.27425    
 4172.0   0.27456    
 4173.0   0.27486    
 4174.0   0.27516    
 4175.0   0.27546    
 4176.0   0.27576    
 4177.0   0.27606    
 4178.0   0.27636    
 4179.0   0.27667    
 4180.0   0.27697    
 4181.0   0.27725    
 4182.0   0.27753    
 4183.0   0.27782    
 4184.0   0.27810    
 4185.0   0.27838    
 4186.0   0.27866    
 4187.0   0.27895    
 4188.0   0.27923    
 4189.0   0.27951    
 4190.0   0.27980    
 4191.0   0.28007    
 4192.0   0.28034    
 4193.0   0.28061    
 4194.0   0.28089    
 4195.0   0.28116    
 4196.0   0.28143    
 4197.0   0.28171    
 4198.0   0.28198    
 4199.0   0.28225    
 4200.0   0.28253    
 4201.0   0.28284    
 4202.0   0.28315    
 4203.0   0.28347    
 4204.0   0.28378    
 4205.0   0.28410    
 4206.0   0.28441    
 4207.0   0.28473    
 4208.0   0.28505    
 4209.0   0.28536    
 4210.0   0.28568    
 4211.0   0.28595    
 4212.0   0.28622    
 4213.0   0.28649    
 4214.0   0.28676    
 4215.0   0.28704    
 4216.0   0.28731    
 4217.0   0.28758    
 4218.0   0.28785    
 4219.0   0.28813    
 4220.0   0.28840    
 4221.0   0.28868    
 4222.0   0.28896    
 4223.0   0.28924    
 4224.0   0.28952    
 4225.0   0.28980    
 4226.0   0.29008    
 4227.0   0.29036    
 4228.0   0.29064    
 4229.0   0.29092    
 4230.0   0.29120    
 4231.0   0.29140    
 4232.0   0.29160    
 4233.0   0.29180    
 4234.0   0.29201    
 4235.0   0.29221    
 4236.0   0.29249    
 4237.0   0.29276    
 4238.0   0.29304    
 4239.0   0.29332    
 4240.0   0.29360    
 4241.0   0.29388    
 4242.0   0.29416    
 4243.0   0.29444    
 4244.0   0.29472    
 4245.0   0.29500    
 4246.0   0.29529    
 4247.0   0.29557    
 4248.0   0.29585    
 4249.0   0.29613    
 4250.0   0.29641    
 4251.0   0.29671    
 4252.0   0.29701    
 4253.0   0.29731    
 4254.0   0.29761    
 4255.0   0.29791    
 4256.0   0.29821    
 4257.0   0.29851    
 4258.0   0.29881    
 4259.0   0.29911    
 4260.0   0.29941    
 4261.0   0.29965    
 4262.0   0.29989    
 4263.0   0.30013    
 4264.0   0.30037    
 4265.0   0.30061    
 4266.0   0.30085    
 4267.0   0.30108    
 4268.0   0.30132    
 4269.0   0.30156    
 4270.0   0.30180    
 4271.0   0.30207    
 4272.0   0.30233    
 4273.0   0.30260    
 4274.0   0.30286    
 4275.0   0.30313    
 4276.0   0.30332    
 4277.0   0.30351    
 4278.0   0.30370    
 4279.0   0.30388    
 4280.0   0.30407    
 4281.0   0.30443    
 4282.0   0.30479    
 4283.0   0.30516    
 4284.0   0.30552    
 4285.0   0.30588    
 4286.0   0.30616    
 4287.0   0.30645    
 4288.0   0.30673    
 4289.0   0.30702    
 4290.0   0.30730    
 4291.0   0.30761    
 4292.0   0.30791    
 4293.0   0.30822    
 4294.0   0.30852    
 4295.0   0.30882    
 4296.0   0.30905    
 4297.0   0.30928    
 4298.0   0.30951    
 4299.0   0.30973    
 4300.0   0.30996    
 4301.0   0.31020    
 4302.0   0.31044    
 4303.0   0.31068    
 4304.0   0.31092    
 4305.0   0.31116    
 4306.0   0.31140    
 4307.0   0.31164    
 4308.0   0.31188    
 4309.0   0.31212    
 4310.0   0.31236    
 4311.0   0.31264    
 4312.0   0.31293    
 4313.0   0.31322    
 4314.0   0.31351    
 4315.0   0.31380    
 4316.0   0.31409    
 4317.0   0.31438    
 4318.0   0.31467    
 4319.0   0.31496    
 4320.0   0.31525    
 4321.0   0.31551    
 4322.0   0.31577    
 4323.0   0.31603    
 4324.0   0.31629    
 4325.0   0.31655    
 4326.0   0.31673    
 4327.0   0.31691    
 4328.0   0.31709    
 4329.0   0.31727    
 4330.0   0.31745    
 4331.0   0.31769    
 4332.0   0.31792    
 4333.0   0.31815    
 4334.0   0.31838    
 4335.0   0.31861    
 4336.0   0.31885    
 4337.0   0.31908    
 4338.0   0.31931    
 4339.0   0.31955    
 4340.0   0.31978    
 4341.0   0.31999    
 4342.0   0.32020    
 4343.0   0.32041    
 4344.0   0.32062    
 4345.0   0.32083    
 4346.0   0.32112    
 4347.0   0.32141    
 4348.0   0.32170    
 4349.0   0.32199    
 4350.0   0.32228    
 4351.0   0.32252    
 4352.0   0.32276    
 4353.0   0.32301    
 4354.0   0.32325    
 4355.0   0.32349    
 4356.0   0.32373    
 4357.0   0.32397    
 4358.0   0.32420    
 4359.0   0.32444    
 4360.0   0.32468    
 4361.0   0.32492    
 4362.0   0.32517    
 4363.0   0.32541    
 4364.0   0.32565    
 4365.0   0.32589    
 4366.0   0.32613    
 4367.0   0.32637    
 4368.0   0.32661    
 4369.0   0.32685    
 4370.0   0.32709    
 4371.0   0.32732    
 4372.0   0.32754    
 4373.0   0.32777    
 4374.0   0.32800    
 4375.0   0.32822    
 4376.0   0.32845    
 4377.0   0.32868    
 4378.0   0.32891    
 4379.0   0.32913    
 4380.0   0.32936    
 4381.0   0.32951    
 4382.0   0.32966    
 4383.0   0.32981    
 4384.0   0.32996    
 4385.0   0.33011    
 4386.0   0.33034    
 4387.0   0.33058    
 4388.0   0.33081    
 4389.0   0.33105    
 4390.0   0.33128    
 4391.0   0.33143    
 4392.0   0.33158    
 4393.0   0.33173    
 4394.0   0.33189    
 4395.0   0.33204    
 4396.0   0.33227    
 4397.0   0.33251    
 4398.0   0.33275    
 4399.0   0.33298    
 4400.0   0.33322    
 4401.0   0.33348    
 4402.0   0.33373    
 4403.0   0.33398    
 4404.0   0.33424    
 4405.0   0.33450    
 4406.0   0.33475    
 4407.0   0.33501    
 4408.0   0.33527    
 4409.0   0.33553    
 4410.0   0.33579    
 4411.0   0.33604    
 4412.0   0.33630    
 4413.0   0.33655    
 4414.0   0.33681    
 4415.0   0.33706    
 4416.0   0.33731    
 4417.0   0.33757    
 4418.0   0.33782    
 4419.0   0.33808    
 4420.0   0.33833    
 4421.0   0.33854    
 4422.0   0.33874    
 4423.0   0.33894    
 4424.0   0.33915    
 4425.0   0.33935    
 4426.0   0.33947    
 4427.0   0.33959    
 4428.0   0.33971    
 4429.0   0.33983    
 4430.0   0.33995    
 4431.0   0.34019    
 4432.0   0.34043    
 4433.0   0.34068    
 4434.0   0.34092    
 4435.0   0.34116    
 4436.0   0.34140    
 4437.0   0.34165    
 4438.0   0.34189    
 4439.0   0.34213    
 4440.0   0.34238    
 4441.0   0.34252    
 4442.0   0.34267    
 4443.0   0.34281    
 4444.0   0.34296    
 4445.0   0.34310    
 4446.0   0.34325    
 4447.0   0.34339    
 4448.0   0.34354    
 4449.0   0.34368    
 4450.0   0.34383    
 4451.0   0.34405    
 4452.0   0.34427    
 4453.0   0.34449    
 4454.0   0.34471    
 4455.0   0.34493    
 4456.0   0.34515    
 4457.0   0.34538    
 4458.0   0.34560    
 4459.0   0.34582    
 4460.0   0.34604    
 4461.0   0.34633    
 4462.0   0.34662    
 4463.0   0.34691    
 4464.0   0.34720    
 4465.0   0.34749    
 4466.0   0.34761    
 4467.0   0.34773    
 4468.0   0.34785    
 4469.0   0.34797    
 4470.0   0.34809    
 4471.0   0.34834    
 4472.0   0.34860    
 4473.0   0.34885    
 4474.0   0.34910    
 4475.0   0.34935    
 4476.0   0.34952    
 4477.0   0.34969    
 4478.0   0.34985    
 4479.0   0.35002    
 4480.0   0.35019    
 4481.0   0.35040    
 4482.0   0.35062    
 4483.0   0.35083    
 4484.0   0.35105    
 4485.0   0.35127    
 4486.0   0.35148    
 4487.0   0.35170    
 4488.0   0.35192    
 4489.0   0.35213    
 4490.0   0.35235    
 4491.0   0.35254    
 4492.0   0.35273    
 4493.0   0.35292    
 4494.0   0.35311    
 4495.0   0.35330    
 4496.0   0.35349    
 4497.0   0.35368    
 4498.0   0.35387    
 4499.0   0.35405    
 4500.0   0.35424    
 4501.0   0.35435    
 4502.0   0.35446    
 4503.0   0.35457    
 4504.0   0.35468    
 4505.0   0.35479    
 4506.0   0.35498    
 4507.0   0.35518    
 4508.0   0.35537    
 4509.0   0.35556    
 4510.0   0.35576    
 4511.0   0.35594    
 4512.0   0.35613    
 4513.0   0.35631    
 4514.0   0.35650    
 4515.0   0.35669    
 4516.0   0.35678    
 4517.0   0.35688    
 4518.0   0.35698    
 4519.0   0.35708    
 4520.0   0.35718    
 4521.0   0.35738    
 4522.0   0.35757    
 4523.0   0.35777    
 4524.0   0.35797    
 4525.0   0.35816    
 4526.0   0.35836    
 4527.0   0.35855    
 4528.0   0.35875    
 4529.0   0.35894    
 4530.0   0.35914    
 4531.0   0.35921    
 4532.0   0.35929    
 4533.0   0.35936    
 4534.0   0.35943    
 4535.0   0.35951    
 4536.0   0.35967    
 4537.0   0.35983    
 4538.0   0.35999    
 4539.0   0.36015    
 4540.0   0.36032    
 4541.0   0.36051    
 4542.0   0.36071    
 4543.0   0.36090    
 4544.0   0.36110    
 4545.0   0.36130    
 4546.0   0.36150    
 4547.0   0.36170    
 4548.0   0.36190    
 4549.0   0.36210    
 4550.0   0.36231    
 4551.0   0.36237    
 4552.0   0.36243    
 4553.0   0.36250    
 4554.0   0.36256    
 4555.0   0.36263    
 4556.0   0.36278    
 4557.0   0.36294    
 4558.0   0.36309    
 4559.0   0.36325    
 4560.0   0.36340    
 4561.0   0.36351    
 4562.0   0.36362    
 4563.0   0.36372    
 4564.0   0.36383    
 4565.0   0.36393    
 4566.0   0.36412    
 4567.0   0.36431    
 4568.0   0.36451    
 4569.0   0.36470    
 4570.0   0.36489    
 4571.0   0.36507    
 4572.0   0.36524    
 4573.0   0.36542    
 4574.0   0.36559    
 4575.0   0.36577    
 4576.0   0.36586    
 4577.0   0.36595    
 4578.0   0.36604    
 4579.0   0.36612    
 4580.0   0.36621    
 4581.0   0.36628    
 4582.0   0.36636    
 4583.0   0.36643    
 4584.0   0.36650    
 4585.0   0.36657    
 4586.0   0.36673    
 4587.0   0.36689    
 4588.0   0.36705    
 4589.0   0.36721    
 4590.0   0.36737    
 4591.0   0.36759    
 4592.0   0.36780    
 4593.0   0.36801    
 4594.0   0.36822    
 4595.0   0.36844    
 4596.0   0.36856    
 4597.0   0.36868    
 4598.0   0.36881    
 4599.0   0.36893    
 4600.0   0.36905    
 4601.0   0.36921    
 4602.0   0.36938    
 4603.0   0.36954    
 4604.0   0.36970    
 4605.0   0.36986    
 4606.0   0.36993    
 4607.0   0.37001    
 4608.0   0.37008    
 4609.0   0.37015    
 4610.0   0.37022    
 4611.0   0.37036    
 4612.0   0.37050    
 4613.0   0.37064    
 4614.0   0.37079    
 4615.0   0.37093    
 4616.0   0.37098    
 4617.0   0.37103    
 4618.0   0.37108    
 4619.0   0.37113    
 4620.0   0.37118    
 4621.0   0.37130    
 4622.0   0.37141    
 4623.0   0.37152    
 4624.0   0.37163    
 4625.0   0.37174    
 4626.0   0.37185    
 4627.0   0.37196    
 4628.0   0.37207    
 4629.0   0.37218    
 4630.0   0.37229    
 4631.0   0.37236    
 4632.0   0.37242    
 4633.0   0.37248    
 4634.0   0.37254    
 4635.0   0.37261    
 4636.0   0.37276    
 4637.0   0.37291    
 4638.0   0.37306    
 4639.0   0.37321    
 4640.0   0.37336    
 4641.0   0.37342    
 4642.0   0.37347    
 4643.0   0.37353    
 4644.0   0.37359    
 4645.0   0.37364    
 4646.0   0.37379    
 4647.0   0.37394    
 4648.0   0.37409    
 4649.0   0.37424    
 4650.0   0.37439    
 4651.0   0.37455    
 4652.0   0.37470    
 4653.0   0.37486    
 4654.0   0.37502    
 4655.0   0.37519    
 4656.0   0.37535    
 4657.0   0.37551    
 4658.0   0.37568    
 4659.0   0.37584    
 4660.0   0.37601    
 4661.0   0.37614    
 4662.0   0.37628    
 4663.0   0.37642    
 4664.0   0.37655    
 4665.0   0.37669    
 4666.0   0.37673    
 4667.0   0.37678    
 4668.0   0.37682    
 4669.0   0.37687    
 4670.0   0.37691    
 4671.0   0.37707    
 4672.0   0.37723    
 4673.0   0.37739    
 4674.0   0.37755    
 4675.0   0.37771    
 4676.0   0.37778    
 4677.0   0.37785    
 4678.0   0.37792    
 4679.0   0.37799    
 4680.0   0.37806    
 4681.0   0.37823    
 4682.0   0.37839    
 4683.0   0.37856    
 4684.0   0.37872    
 4685.0   0.37888    
 4686.0   0.37896    
 4687.0   0.37903    
 4688.0   0.37911    
 4689.0   0.37918    
 4690.0   0.37926    
 4691.0   0.37937    
 4692.0   0.37949    
 4693.0   0.37960    
 4694.0   0.37971    
 4695.0   0.37983    
 4696.0   0.37985    
 4697.0   0.37988    
 4698.0   0.37990    
 4699.0   0.37993    
 4700.0   0.37995    
 4701.0   0.38011    
 4702.0   0.38027    
 4703.0   0.38042    
 4704.0   0.38058    
 4705.0   0.38074    
 4706.0   0.38090    
 4707.0   0.38105    
 4708.0   0.38121    
 4709.0   0.38137    
 4710.0   0.38153    
 4711.0   0.38157    
 4712.0   0.38162    
 4713.0   0.38166    
 4714.0   0.38170    
 4715.0   0.38175    
 4716.0   0.38188    
 4717.0   0.38202    
 4718.0   0.38215    
 4719.0   0.38228    
 4720.0   0.38242    
 4721.0   0.38248    
 4722.0   0.38253    
 4723.0   0.38259    
 4724.0   0.38265    
 4725.0   0.38271    
 4726.0   0.38286    
 4727.0   0.38301    
 4728.0   0.38315    
 4729.0   0.38330    
 4730.0   0.38345    
 4731.0   0.38348    
 4732.0   0.38351    
 4733.0   0.38354    
 4734.0   0.38357    
 4735.0   0.38360    
 4736.0   0.38372    
 4737.0   0.38384    
 4738.0   0.38396    
 4739.0   0.38408    
 4740.0   0.38420    
 4741.0   0.38423    
 4742.0   0.38427    
 4743.0   0.38430    
 4744.0   0.38433    
 4745.0   0.38437    
 4746.0   0.38440    
 4747.0   0.38443    
 4748.0   0.38447    
 4749.0   0.38450    
 4750.0   0.38453    
 4751.0   0.38469    
 4752.0   0.38484    
 4753.0   0.38500    
 4754.0   0.38515    
 4755.0   0.38531    
 4756.0   0.38537    
 4757.0   0.38544    
 4758.0   0.38550    
 4759.0   0.38557    
 4760.0   0.38563    
 4761.0   0.38575    
 4762.0   0.38586    
 4763.0   0.38598    
 4764.0   0.38610    
 4765.0   0.38621    
 4766.0   0.38624    
 4767.0   0.38626    
 4768.0   0.38629    
 4769.0   0.38631    
 4770.0   0.38634    
 4771.0   0.38641    
 4772.0   0.38648    
 4773.0   0.38655    
 4774.0   0.38662    
 4775.0   0.38670    
 4776.0   0.38686    
 4777.0   0.38702    
 4778.0   0.38718    
 4779.0   0.38735    
 4780.0   0.38751    
 4781.0   0.38753    
 4782.0   0.38756    
 4783.0   0.38758    
 4784.0   0.38761    
 4785.0   0.38763    
 4786.0   0.38766    
 4787.0   0.38768    
 4788.0   0.38771    
 4789.0   0.38773    
 4790.0   0.38776    
 4791.0   0.38778    
 4792.0   0.38780    
 4793.0   0.38782    
 4794.0   0.38784    
 4795.0   0.38786    
 4796.0   0.38788    
 4797.0   0.38790    
 4798.0   0.38792    
 4799.0   0.38794    
 4800.0   0.38796    
 4801.0   0.38811    
 4802.0   0.38827    
 4803.0   0.38843    
 4804.0   0.38858    
 4805.0   0.38874    
 4806.0   0.38881    
 4807.0   0.38887    
 4808.0   0.38894    
 4809.0   0.38901    
 4810.0   0.38907    
 4811.0   0.38918    
 4812.0   0.38930    
 4813.0   0.38941    
 4814.0   0.38952    
 4815.0   0.38964    
 4816.0   0.38966    
 4817.0   0.38968    
 4818.0   0.38970    
 4819.0   0.38973    
 4820.0   0.38975    
 4821.0   0.38992    
 4822.0   0.39010    
 4823.0   0.39028    
 4824.0   0.39045    
 4825.0   0.39063    
 4826.0   0.39071    
 4827.0   0.39080    
 4828.0   0.39088    
 4829.0   0.39097    
 4830.0   0.39105    
 4831.0   0.39116    
 4832.0   0.39127    
 4833.0   0.39137    
 4834.0   0.39148    
 4835.0   0.39159    
 4836.0   0.39169    
 4837.0   0.39180    
 4838.0   0.39191    
 4839.0   0.39202    
 4840.0   0.39213    
 4841.0   0.39215    
 4842.0   0.39217    
 4843.0   0.39219    
 4844.0   0.39221    
 4845.0   0.39223    
 4846.0   0.39234    
 4847.0   0.39245    
 4848.0   0.39255    
 4849.0   0.39266    
 4850.0   0.39277    
 4851.0   0.39278    
 4852.0   0.39278    
 4853.0   0.39279    
 4854.0   0.39279    
 4855.0   0.39280    
 4856.0   0.39289    
 4857.0   0.39299    
 4858.0   0.39308    
 4859.0   0.39317    
 4860.0   0.39327    
 4861.0   0.39337    
 4862.0   0.39348    
 4863.0   0.39359    
 4864.0   0.39370    
 4865.0   0.39380    
 4866.0   0.39382    
 4867.0   0.39383    
 4868.0   0.39385    
 4869.0   0.39387    
 4870.0   0.39388    
 4871.0   0.39398    
 4872.0   0.39408    
 4873.0   0.39418    
 4874.0   0.39428    
 4875.0   0.39438    
 4876.0   0.39438    
 4877.0   0.39439    
 4878.0   0.39440    
 4879.0   0.39441    
 4880.0   0.39442    
 4881.0   0.39442    
 4882.0   0.39442    
 4883.0   0.39442    
 4884.0   0.39442    
 4885.0   0.39443    
 4886.0   0.39443    
 4887.0   0.39443    
 4888.0   0.39443    
 4889.0   0.39444    
 4890.0   0.39444    
 4891.0   0.39449    
 4892.0   0.39455    
 4893.0   0.39460    
 4894.0   0.39466    
 4895.0   0.39472    
 4896.0   0.39468    
 4897.0   0.39465    
 4898.0   0.39462    
 4899.0   0.39458    
 4900.0   0.39455    
 4901.0   0.39465    
 4902.0   0.39474    
 4903.0   0.39484    
 4904.0   0.39494    
 4905.0   0.39503    
 4906.0   0.39504    
 4907.0   0.39505    
 4908.0   0.39506    
 4909.0   0.39507    
 4910.0   0.39508    
 4911.0   0.39518    
 4912.0   0.39528    
 4913.0   0.39538    
 4914.0   0.39549    
 4915.0   0.39559    
 4916.0   0.39560    
 4917.0   0.39561    
 4918.0   0.39562    
 4919.0   0.39563    
 4920.0   0.39564    
 4921.0   0.39575    
 4922.0   0.39587    
 4923.0   0.39599    
 4924.0   0.39611    
 4925.0   0.39622    
 4926.0   0.39625    
 4927.0   0.39628    
 4928.0   0.39630    
 4929.0   0.39633    
 4930.0   0.39635    
 4931.0   0.39636    
 4932.0   0.39637    
 4933.0   0.39638    
 4934.0   0.39639    
 4935.0   0.39640    
 4936.0   0.39650    
 4937.0   0.39660    
 4938.0   0.39670    
 4939.0   0.39680    
 4940.0   0.39690    
 4941.0   0.39691    
 4942.0   0.39691    
 4943.0   0.39692    
 4944.0   0.39693    
 4945.0   0.39693    
 4946.0   0.39694    
 4947.0   0.39695    
 4948.0   0.39696    
 4949.0   0.39696    
 4950.0   0.39697    
 4951.0   0.39708    
 4952.0   0.39719    
 4953.0   0.39730    
 4954.0   0.39741    
 4955.0   0.39753    
 4956.0   0.39754    
 4957.0   0.39756    
 4958.0   0.39758    
 4959.0   0.39760    
 4960.0   0.39762    
 4961.0   0.39768    
 4962.0   0.39774    
 4963.0   0.39780    
 4964.0   0.39786    
 4965.0   0.39792    
 4966.0   0.39797    
 4967.0   0.39803    
 4968.0   0.39809    
 4969.0   0.39815    
 4970.0   0.39821    
 4971.0   0.39833    
 4972.0   0.39845    
 4973.0   0.39857    
 4974.0   0.39868    
 4975.0   0.39880    
 4976.0   0.39883    
 4977.0   0.39886    
 4978.0   0.39888    
 4979.0   0.39891    
 4980.0   0.39894    
 4981.0   0.39894    
 4982.0   0.39895    
 4983.0   0.39895    
 4984.0   0.39895    
 4985.0   0.39896    
 4986.0   0.39896    
 4987.0   0.39896    
 4988.0   0.39897    
 4989.0   0.39897    
 4990.0   0.39897    
 4991.0   0.39907    
 4992.0   0.39917    
 4993.0   0.39927    
 4994.0   0.39937    
 4995.0   0.39947    
 4996.0   0.39947    
 4997.0   0.39948    
 4998.0   0.39949    
 4999.0   0.39949    
 5000.0   0.39950    
 5001.0   0.39943    
 5002.0   0.39935    
 5003.0   0.39928    
 5004.0   0.39921    
 5005.0   0.39913    
 5006.0   0.39915    
 5007.0   0.39917    
 5008.0   0.39919    
 5009.0   0.39921    
 5010.0   0.39923    
 5011.0   0.39924    
 5012.0   0.39925    
 5013.0   0.39927    
 5014.0   0.39928    
 5015.0   0.39929    
 5016.0   0.39931    
 5017.0   0.39932    
 5018.0   0.39933    
 5019.0   0.39935    
 5020.0   0.39936    
 5021.0   0.39936    
 5022.0   0.39936    
 5023.0   0.39936    
 5024.0   0.39936    
 5025.0   0.39935    
 5026.0   0.39926    
 5027.0   0.39917    
 5028.0   0.39908    
 5029.0   0.39898    
 5030.0   0.39889    
 5031.0   0.39891    
 5032.0   0.39893    
 5033.0   0.39895    
 5034.0   0.39897    
 5035.0   0.39899    
 5036.0   0.39892    
 5037.0   0.39885    
 5038.0   0.39878    
 5039.0   0.39871    
 5040.0   0.39864    
 5041.0   0.39873    
 5042.0   0.39883    
 5043.0   0.39893    
 5044.0   0.39902    
 5045.0   0.39911    
 5046.0   0.39921    
 5047.0   0.39930    
 5048.0   0.39939    
 5049.0   0.39948    
 5050.0   0.39956    
 5051.0   0.39957    
 5052.0   0.39957    
 5053.0   0.39957    
 5054.0   0.39956    
 5055.0   0.39956    
 5056.0   0.39956    
 5057.0   0.39956    
 5058.0   0.39955    
 5059.0   0.39955    
 5060.0   0.39955    
 5061.0   0.39965    
 5062.0   0.39976    
 5063.0   0.39986    
 5064.0   0.39997    
 5065.0   0.40008    
 5066.0   0.40018    
 5067.0   0.40029    
 5068.0   0.40040    
 5069.0   0.40050    
 5070.0   0.40061    
 5071.0   0.40060    
 5072.0   0.40058    
 5073.0   0.40057    
 5074.0   0.40055    
 5075.0   0.40054    
 5076.0   0.40062    
 5077.0   0.40070    
 5078.0   0.40077    
 5079.0   0.40085    
 5080.0   0.40093    
 5081.0   0.40091    
 5082.0   0.40090    
 5083.0   0.40089    
 5084.0   0.40087    
 5085.0   0.40086    
 5086.0   0.40094    
 5087.0   0.40101    
 5088.0   0.40109    
 5089.0   0.40117    
 5090.0   0.40125    
 5091.0   0.40134    
 5092.0   0.40143    
 5093.0   0.40152    
 5094.0   0.40162    
 5095.0   0.40171    
 5096.0   0.40171    
 5097.0   0.40171    
 5098.0   0.40172    
 5099.0   0.40172    
 5100.0   0.40173    
 5101.0   0.40183    
 5102.0   0.40193    
 5103.0   0.40204    
 5104.0   0.40215    
 5105.0   0.40225    
 5106.0   0.40227    
 5107.0   0.40228    
 5108.0   0.40230    
 5109.0   0.40232    
 5110.0   0.40234    
 5111.0   0.40244    
 5112.0   0.40254    
 5113.0   0.40264    
 5114.0   0.40274    
 5115.0   0.40284    
 5116.0   0.40285    
 5117.0   0.40286    
 5118.0   0.40287    
 5119.0   0.40288    
 5120.0   0.40289    
 5121.0   0.40291    
 5122.0   0.40292    
 5123.0   0.40294    
 5124.0   0.40296    
 5125.0   0.40297    
 5126.0   0.40308    
 5127.0   0.40319    
 5128.0   0.40330    
 5129.0   0.40341    
 5130.0   0.40351    
 5131.0   0.40351    
 5132.0   0.40351    
 5133.0   0.40351    
 5134.0   0.40351    
 5135.0   0.40351    
 5136.0   0.40350    
 5137.0   0.40350    
 5138.0   0.40350    
 5139.0   0.40350    
 5140.0   0.40350    
 5141.0   0.40361    
 5142.0   0.40373    
 5143.0   0.40384    
 5144.0   0.40396    
 5145.0   0.40407    
 5146.0   0.40409    
 5147.0   0.40411    
 5148.0   0.40414    
 5149.0   0.40416    
 5150.0   0.40418    
 5151.0   0.40424    
 5152.0   0.40429    
 5153.0   0.40434    
 5154.0   0.40440    
 5155.0   0.40445    
 5156.0   0.40451    
 5157.0   0.40456    
 5158.0   0.40461    
 5159.0   0.40467    
 5160.0   0.40472    
 5161.0   0.40483    
 5162.0   0.40494    
 5163.0   0.40504    
 5164.0   0.40515    
 5165.0   0.40526    
 5166.0   0.40527    
 5167.0   0.40528    
 5168.0   0.40530    
 5169.0   0.40531    
 5170.0   0.40533    
 5171.0   0.40532    
 5172.0   0.40532    
 5173.0   0.40531    
 5174.0   0.40531    
 5175.0   0.40530    
 5176.0   0.40530    
 5177.0   0.40529    
 5178.0   0.40529    
 5179.0   0.40528    
 5180.0   0.40528    
 5181.0   0.40526    
 5182.0   0.40525    
 5183.0   0.40523    
 5184.0   0.40522    
 5185.0   0.40520    
 5186.0   0.40519    
 5187.0   0.40518    
 5188.0   0.40516    
 5189.0   0.40515    
 5190.0   0.40513    
 5191.0   0.40524    
 5192.0   0.40535    
 5193.0   0.40546    
 5194.0   0.40557    
 5195.0   0.40567    
 5196.0   0.40569    
 5197.0   0.40571    
 5198.0   0.40572    
 5199.0   0.40574    
 5200.0   0.40576    
 5201.0   0.40577    
 5202.0   0.40579    
 5203.0   0.40580    
 5204.0   0.40582    
 5205.0   0.40583    
 5206.0   0.40585    
 5207.0   0.40586    
 5208.0   0.40588    
 5209.0   0.40589    
 5210.0   0.40591    
 5211.0   0.40590    
 5212.0   0.40590    
 5213.0   0.40590    
 5214.0   0.40589    
 5215.0   0.40589    
 5216.0   0.40588    
 5217.0   0.40588    
 5218.0   0.40588    
 5219.0   0.40587    
 5220.0   0.40587    
 5221.0   0.40586    
 5222.0   0.40585    
 5223.0   0.40584    
 5224.0   0.40583    
 5225.0   0.40582    
 5226.0   0.40581    
 5227.0   0.40581    
 5228.0   0.40580    
 5229.0   0.40579    
 5230.0   0.40578    
 5231.0   0.40583    
 5232.0   0.40589    
 5233.0   0.40595    
 5234.0   0.40600    
 5235.0   0.40606    
 5236.0   0.40612    
 5237.0   0.40618    
 5238.0   0.40623    
 5239.0   0.40629    
 5240.0   0.40635    
 5241.0   0.40636    
 5242.0   0.40637    
 5243.0   0.40638    
 5244.0   0.40640    
 5245.0   0.40641    
 5246.0   0.40642    
 5247.0   0.40644    
 5248.0   0.40645    
 5249.0   0.40646    
 5250.0   0.40648    
 5251.0   0.40636    
 5252.0   0.40624    
 5253.0   0.40613    
 5254.0   0.40601    
 5255.0   0.40590    
 5256.0   0.40587    
 5257.0   0.40585    
 5258.0   0.40582    
 5259.0   0.40580    
 5260.0   0.40578    
 5261.0   0.40579    
 5262.0   0.40580    
 5263.0   0.40581    
 5264.0   0.40582    
 5265.0   0.40583    
 5266.0   0.40584    
 5267.0   0.40585    
 5268.0   0.40586    
 5269.0   0.40587    
 5270.0   0.40588    
 5271.0   0.40589    
 5272.0   0.40591    
 5273.0   0.40592    
 5274.0   0.40594    
 5275.0   0.40595    
 5276.0   0.40596    
 5277.0   0.40598    
 5278.0   0.40599    
 5279.0   0.40601    
 5280.0   0.40602    
 5281.0   0.40602    
 5282.0   0.40602    
 5283.0   0.40602    
 5284.0   0.40603    
 5285.0   0.40603    
 5286.0   0.40603    
 5287.0   0.40603    
 5288.0   0.40603    
 5289.0   0.40603    
 5290.0   0.40603    
 5291.0   0.40608    
 5292.0   0.40613    
 5293.0   0.40618    
 5294.0   0.40623    
 5295.0   0.40628    
 5296.0   0.40633    
 5297.0   0.40639    
 5298.0   0.40644    
 5299.0   0.40649    
 5300.0   0.40654    
 5301.0   0.40655    
 5302.0   0.40655    
 5303.0   0.40656    
 5304.0   0.40656    
 5305.0   0.40657    
 5306.0   0.40658    
 5307.0   0.40658    
 5308.0   0.40659    
 5309.0   0.40659    
 5310.0   0.40660    
 5311.0   0.40661    
 5312.0   0.40661    
 5313.0   0.40662    
 5314.0   0.40662    
 5315.0   0.40663    
 5316.0   0.40663    
 5317.0   0.40664    
 5318.0   0.40664    
 5319.0   0.40665    
 5320.0   0.40665    
 5321.0   0.40663    
 5322.0   0.40660    
 5323.0   0.40658    
 5324.0   0.40656    
 5325.0   0.40653    
 5326.0   0.40651    
 5327.0   0.40648    
 5328.0   0.40646    
 5329.0   0.40644    
 5330.0   0.40641    
 5331.0   0.40652    
 5332.0   0.40662    
 5333.0   0.40673    
 5334.0   0.40683    
 5335.0   0.40694    
 5336.0   0.40695    
 5337.0   0.40696    
 5338.0   0.40698    
 5339.0   0.40699    
 5340.0   0.40700    
 5341.0   0.40706    
 5342.0   0.40711    
 5343.0   0.40716    
 5344.0   0.40722    
 5345.0   0.40727    
 5346.0   0.40742    
 5347.0   0.40756    
 5348.0   0.40771    
 5349.0   0.40786    
 5350.0   0.40800    
 5351.0   0.40801    
 5352.0   0.40803    
 5353.0   0.40804    
 5354.0   0.40805    
 5355.0   0.40806    
 5356.0   0.40817    
 5357.0   0.40827    
 5358.0   0.40838    
 5359.0   0.40848    
 5360.0   0.40858    
 5361.0   0.40857    
 5362.0   0.40856    
 5363.0   0.40855    
 5364.0   0.40854    
 5365.0   0.40853    
 5366.0   0.40852    
 5367.0   0.40851    
 5368.0   0.40850    
 5369.0   0.40849    
 5370.0   0.40848    
 5371.0   0.40851    
 5372.0   0.40853    
 5373.0   0.40795    
 5374.0   0.40737    
 5375.0   0.40661    
 5376.0   0.40595    
 5377.0   0.40526    
 5378.0   0.40458    
 5379.0   0.40389    
 5380.0   0.40320    
 5381.0   0.40243    
 5382.0   0.40167    
 5383.0   0.40090    
 5384.0   0.40013    
 5385.0   0.39938    
 5386.0   0.39864    
 5387.0   0.39787    
 5388.0   0.39710    
 5389.0   0.39633    
 5390.0   0.39556    
 5391.0   0.39477    
 5392.0   0.39397    
 5393.0   0.39317    
 5394.0   0.39238    
 5395.0   0.39160    
 5396.0   0.39082    
 5397.0   0.39003    
 5398.0   0.38923    
 5399.0   0.38843    
 5400.0   0.38762    
 5401.0   0.38680    
 5402.0   0.38598    
 5403.0   0.38515    
 5404.0   0.38433    
 5405.0   0.38352    
 5406.0   0.38263    
 5407.0   0.38172    
 5408.0   0.38080    
 5409.0   0.37989    
 5410.0   0.37897    
 5411.0   0.37820    
 5412.0   0.37744    
 5413.0   0.37606    
 5414.0   0.37468    
 5415.0   0.37310    
 5416.0   0.37153    
 5417.0   0.36993    
 5418.0   0.36833    
 5419.0   0.36676    
 5420.0   0.36518    
 5421.0   0.36356    
 5422.0   0.36194    
 5423.0   0.36030    
 5424.0   0.35866    
 5425.0   0.35704    
 5426.0   0.35550    
 5427.0   0.35396    
 5428.0   0.35242    
 5429.0   0.35086    
 5430.0   0.34930    
 5431.0   0.34767    
 5432.0   0.34605    
 5433.0   0.34443    
 5434.0   0.34281    
 5435.0   0.34116    
 5436.0   0.33952    
 5437.0   0.33790    
 5438.0   0.33628    
 5439.0   0.33466    
 5440.0   0.33304    
 5441.0   0.33140    
 5442.0   0.32976    
 5443.0   0.32815    
 5444.0   0.32654    
 5445.0   0.32490    
 5446.0   0.32327    
 5447.0   0.32166    
 5448.0   0.32005    
 5449.0   0.31844    
 5450.0   0.31683    
 5451.0   0.31521    
 5452.0   0.31360    
 5453.0   0.31201    
 5454.0   0.31042    
 5455.0   0.30883    
 5456.0   0.30724    
 5457.0   0.30563    
 5458.0   0.30402    
 5459.0   0.30243    
 5460.0   0.30084    
 5461.0   0.29923    
 5462.0   0.29763    
 5463.0   0.29601    
 5464.0   0.29439    
 5465.0   0.29278    
 5466.0   0.29118    
 5467.0   0.28955    
 5468.0   0.28793    
 5469.0   0.28633    
 5470.0   0.28472    
 5471.0   0.28322    
 5472.0   0.28172    
 5473.0   0.28019    
 5474.0   0.27866    
 5475.0   0.27716    
 5476.0   0.27559    
 5477.0   0.27402    
 5478.0   0.27244    
 5479.0   0.27085    
 5480.0   0.26925    
 5481.0   0.26763    
 5482.0   0.26601    
 5483.0   0.26438    
 5484.0   0.26276    
 5485.0   0.26111    
 5486.0   0.25946    
 5487.0   0.25784    
 5488.0   0.25622    
 5489.0   0.25457    
 5490.0   0.25292    
 5491.0   0.25130    
 5492.0   0.24968    
 5493.0   0.24805    
 5494.0   0.24643    
 5495.0   0.24478    
 5496.0   0.24319    
 5497.0   0.24162    
 5498.0   0.24005    
 5499.0   0.23848    
 5500.0   0.23691    
 5501.0   0.23530    
 5502.0   0.23368    
 5503.0   0.23209    
 5504.0   0.23049    
 5505.0   0.22890    
 5506.0   0.22730    
 5507.0   0.22569    
 5508.0   0.22407    
 5509.0   0.22247    
 5510.0   0.22088    
 5511.0   0.21925    
 5512.0   0.21763    
 5513.0   0.21599    
 5514.0   0.21435    
 5515.0   0.21273    
 5516.0   0.21111    
 5517.0   0.20946    
 5518.0   0.20782    
 5519.0   0.20620    
 5520.0   0.20458    
 5521.0   0.20298    
 5522.0   0.20138    
 5523.0   0.19975    
 5524.0   0.19813    
 5525.0   0.19653    
 5526.0   0.19493    
 5527.0   0.19332    
 5528.0   0.19172    
 5529.0   0.19010    
 5530.0   0.18847    
 5531.0   0.18685    
 5532.0   0.18522    
 5533.0   0.18360    
 5534.0   0.18197    
 5535.0   0.18033    
 5536.0   0.17868    
 5537.0   0.17705    
 5538.0   0.17543    
 5539.0   0.17378    
 5540.0   0.17214    
 5541.0   0.17051    
 5542.0   0.16889    
 5543.0   0.16727    
 5544.0   0.16564    
 5545.0   0.16400    
 5546.0   0.16239    
 5547.0   0.16080    
 5548.0   0.15921    
 5549.0   0.15762    
 5550.0   0.15603    
 5551.0   0.15440    
 5552.0   0.15276    
 5553.0   0.15115    
 5554.0   0.14953    
 5555.0   0.14792    
 5556.0   0.14627    
 5557.0   0.14460    
 5558.0   0.14293    
 5559.0   0.14128    
 5560.0   0.13963    
 5561.0   0.13796    
 5562.0   0.13628    
 5563.0   0.13463    
 5564.0   0.13298    
 5565.0   0.13133    
 5566.0   0.12971    
 5567.0   0.12807    
 5568.0   0.12642    
 5569.0   0.12480    
 5570.0   0.12318    
 5571.0   0.12154    
 5572.0   0.11990    
 5573.0   0.11825    
 5574.0   0.11659    
 5575.0   0.11495    
 5576.0   0.11332    
 5577.0   0.11168    
 5578.0   0.11004    
 5579.0   0.10839    
 5580.0   0.10673    
 5581.0   0.10510    
 5582.0   0.10347    
 5583.0   0.10183    
 5584.0   0.10020    
 5585.0   0.98550E-01
 5586.0   0.96896E-01
 5587.0   0.95265E-01
 5588.0   0.93635E-01
 5589.0   0.91982E-01
 5590.0   0.90329E-01
 5591.0   0.88692E-01
 5592.0   0.87056E-01
 5593.0   0.85419E-01
 5594.0   0.83783E-01
 5595.0   0.82126E-01
 5596.0   0.80451E-01
 5597.0   0.78798E-01
 5598.0   0.77147E-01
 5599.0   0.75497E-01
 5600.0   0.73848E-01
 5601.0   0.72206E-01
 5602.0   0.70564E-01
 5603.0   0.68944E-01
 5604.0   0.67324E-01
 5605.0   0.65703E-01
 5606.0   0.64082E-01
 5607.0   0.62439E-01
 5608.0   0.60796E-01
 5609.0   0.59175E-01
 5610.0   0.57554E-01
 5611.0   0.55907E-01
 5612.0   0.54260E-01
 5613.0   0.52635E-01
 5614.0   0.51010E-01
 5615.0   0.49386E-01
 5616.0   0.47750E-01
 5617.0   0.46093E-01
 5618.0   0.44438E-01
 5619.0   0.42804E-01
 5620.0   0.41172E-01
 5621.0   0.40338E-01
 5622.0   0.39504E-01
 5623.0   0.38692E-01
 5624.0   0.37879E-01
 5625.0   0.37045E-01
 5626.0   0.36212E-01
 5627.0   0.35400E-01
 5628.0   0.34588E-01
 5629.0   0.33754E-01
 5630.0   0.32920E-01
 5631.0   0.32110E-01
 5632.0   0.31301E-01
 5633.0   0.30469E-01
 5634.0   0.29637E-01
 5635.0   0.28827E-01
 5636.0   0.28017E-01
 5637.0   0.27185E-01
 5638.0   0.26353E-01
 5639.0   0.25521E-01
 5640.0   0.24688E-01
 5641.0   0.23875E-01
 5642.0   0.23062E-01
 5643.0   0.22227E-01
 5644.0   0.21392E-01
 5645.0   0.20579E-01
 5646.0   0.19771E-01
 5647.0   0.18941E-01
 5648.0   0.18110E-01
 5649.0   0.17301E-01
 5650.0   0.16492E-01
 5651.0   0.15659E-01
 5652.0   0.14826E-01
 5653.0   0.13993E-01
 5654.0   0.13160E-01
 5655.0   0.12348E-01
 5656.0   0.11537E-01
 5657.0   0.10704E-01
 5658.0   0.98704E-02
 5659.0   0.90590E-02
 5660.0   0.82476E-02
 5661.0   0.74153E-02
 5662.0   0.65827E-02
 5663.0   0.57718E-02
 5664.0   0.49606E-02
 5665.0   0.41272E-02
 5666.0   0.32935E-02
 5667.0   0.24815E-02
 5668.0   0.16692E-02
