 9085.0   0.35138E-03
 9086.0   0.70271E-03
 9087.0   0.14248E-02
 9088.0   0.21468E-02
 9089.0   0.28688E-02
 9090.0   0.35906E-02
 9091.0   0.42969E-02
 9092.0   0.50045E-02
 9093.0   0.57329E-02
 9094.0   0.64626E-02
 9095.0   0.71935E-02
 9096.0   0.79223E-02
 9097.0   0.86320E-02
 9098.0   0.93424E-02
 9099.0   0.10073E-01
 9100.0   0.10804E-01
 9101.0   0.11509E-01
 9102.0   0.12210E-01
 9103.0   0.12889E-01
 9104.0   0.13565E-01
 9105.0   0.14258E-01
 9106.0   0.15016E-01
 9107.0   0.15777E-01
 9108.0   0.16541E-01
 9109.0   0.17290E-01
 9110.0   0.18042E-01
 9111.0   0.18787E-01
 9112.0   0.19534E-01
 9113.0   0.20282E-01
 9114.0   0.21032E-01
 9115.0   0.21763E-01
 9116.0   0.22411E-01
 9117.0   0.23075E-01
 9118.0   0.23735E-01
 9119.0   0.24371E-01
 9120.0   0.25003E-01
 9121.0   0.25788E-01
 9122.0   0.26576E-01
 9123.0   0.27368E-01
 9124.0   0.28163E-01
 9125.0   0.28941E-01
 9126.0   0.29477E-01
 9127.0   0.30023E-01
 9128.0   0.30561E-01
 9129.0   0.31091E-01
 9130.0   0.31612E-01
 9131.0   0.32089E-01
 9132.0   0.32556E-01
 9133.0   0.33034E-01
 9134.0   0.33502E-01
 9135.0   0.34313E-01
 9136.0   0.35537E-01
 9137.0   0.37128E-01
 9138.0   0.38734E-01
 9139.0   0.40335E-01
 9140.0   0.41951E-01
 9141.0   0.43698E-01
 9142.0   0.45466E-01
 9143.0   0.47255E-01
 9144.0   0.49065E-01
 9145.0   0.50875E-01
 9146.0   0.52193E-01
 9147.0   0.53523E-01
 9148.0   0.54844E-01
 9149.0   0.56158E-01
 9150.0   0.57464E-01
 9151.0   0.58257E-01
 9152.0   0.59017E-01
 9153.0   0.59726E-01
 9154.0   0.60404E-01
 9155.0   0.61067E-01
 9156.0   0.62613E-01
 9157.0   0.64166E-01
 9158.0   0.65727E-01
 9159.0   0.67294E-01
 9160.0   0.68868E-01
 9161.0   0.71018E-01
 9162.0   0.73197E-01
 9163.0   0.75425E-01
 9164.0   0.77683E-01
 9165.0   0.79971E-01
 9166.0   0.81460E-01
 9167.0   0.82951E-01
 9168.0   0.84442E-01
 9169.0   0.85914E-01
 9170.0   0.87386E-01
 9171.0   0.88186E-01
 9172.0   0.88965E-01
 9173.0   0.89721E-01
 9174.0   0.90456E-01
 9175.0   0.91169E-01
 9176.0   0.92275E-01
 9177.0   0.93352E-01
 9178.0   0.94420E-01
 9179.0   0.95497E-01
 9180.0   0.96565E-01
 9181.0   0.98507E-01
 9182.0   0.10046    
 9183.0   0.10242    
 9184.0   0.10438    
 9185.0   0.10638    
 9186.0   0.10842    
 9187.0   0.11048    
 9188.0   0.11255    
 9189.0   0.11463    
 9190.0   0.11674    
 9191.0   0.11838    
 9192.0   0.12003    
 9193.0   0.12171    
 9194.0   0.12339    
 9195.0   0.12508    
 9196.0   0.12655    
 9197.0   0.12803    
 9198.0   0.12950    
 9199.0   0.13095    
 9200.0   0.13241    
 9201.0   0.13421    
 9202.0   0.13603    
 9203.0   0.13785    
 9204.0   0.13967    
 9205.0   0.14150    
 9206.0   0.14289    
 9207.0   0.14426    
 9208.0   0.14563    
 9209.0   0.14701    
 9210.0   0.14839    
 9211.0   0.14943    
 9212.0   0.15046    
 9213.0   0.15147    
 9214.0   0.15248    
 9215.0   0.15347    
 9216.0   0.15480    
 9217.0   0.15615    
 9218.0   0.15750    
 9219.0   0.15885    
 9220.0   0.16019    
 9221.0   0.16192    
 9222.0   0.16366    
 9223.0   0.16541    
 9224.0   0.16717    
 9225.0   0.16894    
 9226.0   0.17028    
 9227.0   0.17162    
 9228.0   0.17296    
 9229.0   0.17427    
 9230.0   0.17558    
 9231.0   0.17680    
 9232.0   0.17802    
 9233.0   0.17923    
 9234.0   0.18044    
 9235.0   0.18165    
 9236.0   0.18277    
 9237.0   0.18387    
 9238.0   0.18497    
 9239.0   0.18608    
 9240.0   0.18719    
 9241.0   0.18834    
 9242.0   0.18950    
 9243.0   0.19065    
 9244.0   0.19179    
 9245.0   0.19291    
 9246.0   0.19419    
 9247.0   0.19548    
 9248.0   0.19677    
 9249.0   0.19806    
 9250.0   0.19934    
 9251.0   0.20086    
 9252.0   0.20238    
 9253.0   0.20392    
 9254.0   0.20546    
 9255.0   0.20700    
 9256.0   0.20845    
 9257.0   0.20989    
 9258.0   0.21134    
 9259.0   0.21276    
 9260.0   0.21418    
 9261.0   0.21562    
 9262.0   0.21705    
 9263.0   0.21848    
 9264.0   0.21991    
 9265.0   0.22135    
 9266.0   0.22292    
 9267.0   0.22448    
 9268.0   0.22603    
 9269.0   0.22761    
 9270.0   0.22919    
 9271.0   0.22925    
 9272.0   0.22930    
 9273.0   0.22932    
 9274.0   0.22934    
 9275.0   0.22932    
 9276.0   0.22879    
 9277.0   0.22825    
 9278.0   0.22770    
 9279.0   0.22713    
 9280.0   0.22654    
 9281.0   0.22742    
 9282.0   0.22830    
 9283.0   0.22915    
 9284.0   0.23000    
 9285.0   0.23087    
 9286.0   0.23147    
 9287.0   0.23206    
 9288.0   0.23264    
 9289.0   0.23320    
 9290.0   0.23375    
 9291.0   0.23381    
 9292.0   0.23385    
 9293.0   0.23387    
 9294.0   0.23388    
 9295.0   0.23388    
 9296.0   0.23288    
 9297.0   0.23183    
 9298.0   0.23077    
 9299.0   0.22969    
 9300.0   0.22860    
 9301.0   0.22776    
 9302.0   0.22690    
 9303.0   0.22602    
 9304.0   0.22512    
 9305.0   0.22418    
 9306.0   0.22327    
 9307.0   0.22236    
 9308.0   0.22143    
 9309.0   0.22048    
 9310.0   0.21952    
 9311.0   0.21823    
 9312.0   0.21692    
 9313.0   0.21558    
 9314.0   0.21422    
 9315.0   0.21286    
 9316.0   0.20950    
 9317.0   0.20612    
 9318.0   0.20270    
 9319.0   0.19924    
 9320.0   0.19575    
 9321.0   0.19493    
 9322.0   0.19409    
 9323.0   0.19326    
 9324.0   0.19240    
 9325.0   0.19154    
 9326.0   0.19265    
 9327.0   0.19374    
 9328.0   0.19484    
 9329.0   0.19595    
 9330.0   0.19706    
 9331.0   0.19656    
 9332.0   0.19604    
 9333.0   0.19552    
 9334.0   0.19498    
 9335.0   0.19443    
 9336.0   0.19052    
 9337.0   0.18659    
 9338.0   0.18262    
 9339.0   0.17863    
 9340.0   0.17460    
 9341.0   0.17348    
 9342.0   0.17235    
 9343.0   0.17120    
 9344.0   0.17003    
 9345.0   0.16887    
 9346.0   0.17487    
 9347.0   0.18090    
 9348.0   0.18697    
 9349.0   0.19307    
 9350.0   0.19921    
 9351.0   0.20162    
 9352.0   0.20404    
 9353.0   0.20618    
 9354.0   0.20832    
 9355.0   0.21036    
 9356.0   0.20899    
 9357.0   0.20762    
 9358.0   0.20624    
 9359.0   0.20486    
 9360.0   0.20347    
 9361.0   0.20446    
 9362.0   0.20546    
 9363.0   0.20646    
 9364.0   0.20746    
 9365.0   0.20846    
 9366.0   0.20759    
 9367.0   0.20672    
 9368.0   0.20584    
 9369.0   0.20496    
 9370.0   0.20408    
 9371.0   0.20647    
 9372.0   0.20885    
 9373.0   0.21124    
 9374.0   0.21364    
 9375.0   0.21604    
 9376.0   0.21711    
 9377.0   0.21808    
 9378.0   0.21906    
 9379.0   0.21969    
 9380.0   0.22033    
 9381.0   0.22117    
 9382.0   0.22200    
 9383.0   0.22284    
 9384.0   0.22367    
 9385.0   0.22451    
 9386.0   0.23042    
 9387.0   0.23633    
 9388.0   0.24222    
 9389.0   0.24811    
 9390.0   0.25400    
 9391.0   0.26004    
 9392.0   0.26608    
 9393.0   0.27210    
 9394.0   0.27812    
 9395.0   0.28412    
 9396.0   0.28294    
 9397.0   0.28177    
 9398.0   0.28061    
 9399.0   0.27945    
 9400.0   0.27830    
 9401.0   0.27476    
 9402.0   0.27123    
 9403.0   0.26772    
 9404.0   0.26421    
 9405.0   0.26071    
 9406.0   0.26037    
 9407.0   0.26003    
 9408.0   0.25970    
 9409.0   0.25938    
 9410.0   0.25905    
 9411.0   0.26080    
 9412.0   0.26254    
 9413.0   0.26428    
 9414.0   0.26601    
 9415.0   0.26774    
 9416.0   0.26715    
 9417.0   0.26655    
 9418.0   0.26596    
 9419.0   0.26537    
 9420.0   0.26478    
 9421.0   0.25956    
 9422.0   0.25434    
 9423.0   0.24914    
 9424.0   0.24394    
 9425.0   0.23874    
 9426.0   0.23485    
 9427.0   0.23095    
 9428.0   0.22707    
 9429.0   0.22319    
 9430.0   0.21931    
 9431.0   0.22215    
 9432.0   0.22498    
 9433.0   0.22781    
 9434.0   0.23064    
 9435.0   0.23347    
 9436.0   0.23097    
 9437.0   0.22847    
 9438.0   0.22598    
 9439.0   0.22348    
 9440.0   0.22099    
 9441.0   0.21870    
 9442.0   0.21642    
 9443.0   0.21415    
 9444.0   0.21188    
 9445.0   0.20961    
 9446.0   0.21499    
 9447.0   0.22036    
 9448.0   0.22574    
 9449.0   0.23111    
 9450.0   0.23647    
 9451.0   0.23730    
 9452.0   0.23812    
 9453.0   0.23895    
 9454.0   0.23978    
 9455.0   0.24062    
 9456.0   0.23738    
 9457.0   0.23415    
 9458.0   0.23092    
 9459.0   0.22770    
 9460.0   0.22448    
 9461.0   0.22558    
 9462.0   0.22669    
 9463.0   0.22780    
 9464.0   0.22890    
 9465.0   0.23000    
 9466.0   0.23303    
 9467.0   0.23605    
 9468.0   0.23907    
 9469.0   0.24209    
 9470.0   0.24510    
 9471.0   0.24453    
 9472.0   0.24397    
 9473.0   0.24340    
 9474.0   0.24283    
 9475.0   0.24227    
 9476.0   0.23794    
 9477.0   0.23362    
 9478.0   0.22930    
 9479.0   0.22498    
 9480.0   0.22068    
 9481.0   0.22239    
 9482.0   0.22410    
 9483.0   0.22580    
 9484.0   0.22751    
 9485.0   0.22921    
 9486.0   0.23519    
 9487.0   0.24117    
 9488.0   0.24714    
 9489.0   0.25310    
 9490.0   0.25907    
 9491.0   0.25577    
 9492.0   0.25247    
 9493.0   0.24918    
 9494.0   0.24589    
 9495.0   0.24260    
 9496.0   0.23793    
 9497.0   0.23327    
 9498.0   0.22861    
 9499.0   0.22395    
 9500.0   0.21930    
 9501.0   0.22253    
 9502.0   0.22575    
 9503.0   0.22898    
 9504.0   0.23219    
 9505.0   0.23541    
 9506.0   0.24123    
 9507.0   0.24704    
 9508.0   0.25285    
 9509.0   0.25865    
 9510.0   0.26444    
 9511.0   0.26343    
 9512.0   0.26242    
 9513.0   0.26141    
 9514.0   0.26040    
 9515.0   0.25940    
 9516.0   0.25288    
 9517.0   0.24636    
 9518.0   0.23986    
 9519.0   0.23336    
 9520.0   0.22687    
 9521.0   0.22511    
 9522.0   0.22335    
 9523.0   0.22159    
 9524.0   0.21983    
 9525.0   0.21808    
 9526.0   0.22142    
 9527.0   0.22475    
 9528.0   0.22808    
 9529.0   0.23141    
 9530.0   0.23473    
 9531.0   0.23677    
 9532.0   0.23880    
 9533.0   0.24083    
 9534.0   0.24286    
 9535.0   0.24488    
 9536.0   0.24530    
 9537.0   0.24572    
 9538.0   0.24614    
 9539.0   0.24656    
 9540.0   0.24698    
 9541.0   0.24610    
 9542.0   0.24521    
 9543.0   0.24433    
 9544.0   0.24345    
 9545.0   0.24256    
 9546.0   0.24283    
 9547.0   0.24309    
 9548.0   0.24335    
 9549.0   0.24361    
 9550.0   0.24387    
 9551.0   0.24281    
 9552.0   0.24176    
 9553.0   0.24070    
 9554.0   0.23965    
 9555.0   0.23859    
 9556.0   0.23747    
 9557.0   0.23636    
 9558.0   0.23524    
 9559.0   0.23412    
 9560.0   0.23300    
 9561.0   0.23316    
 9562.0   0.23331    
 9563.0   0.23347    
 9564.0   0.23362    
 9565.0   0.23378    
 9566.0   0.23424    
 9567.0   0.23471    
 9568.0   0.23518    
 9569.0   0.23564    
 9570.0   0.23610    
 9571.0   0.23980    
 9572.0   0.24350    
 9573.0   0.24718    
 9574.0   0.25087    
 9575.0   0.25454    
 9576.0   0.25472    
 9577.0   0.25489    
 9578.0   0.25507    
 9579.0   0.25524    
 9580.0   0.25541    
 9581.0   0.25344    
 9582.0   0.25148    
 9583.0   0.24951    
 9584.0   0.24755    
 9585.0   0.24559    
 9586.0   0.24382    
 9587.0   0.24205    
 9588.0   0.24028    
 9589.0   0.23852    
 9590.0   0.23675    
 9591.0   0.23539    
 9592.0   0.23403    
 9593.0   0.23266    
 9594.0   0.23130    
 9595.0   0.22994    
 9596.0   0.23172    
 9597.0   0.23350    
 9598.0   0.23527    
 9599.0   0.23704    
 9600.0   0.23880    
 9601.0   0.24052    
 9602.0   0.24222    
 9603.0   0.24393    
 9604.0   0.24563    
 9605.0   0.24733    
 9606.0   0.24842    
 9607.0   0.24950    
 9608.0   0.25058    
 9609.0   0.25166    
 9610.0   0.25273    
 9611.0   0.25382    
 9612.0   0.25490    
 9613.0   0.25598    
 9614.0   0.25706    
 9615.0   0.25814    
 9616.0   0.25667    
 9617.0   0.25521    
 9618.0   0.25374    
 9619.0   0.25228    
 9620.0   0.25082    
 9621.0   0.24829    
 9622.0   0.24577    
 9623.0   0.24325    
 9624.0   0.24073    
 9625.0   0.23821    
 9626.0   0.24002    
 9627.0   0.24184    
 9628.0   0.24364    
 9629.0   0.24545    
 9630.0   0.24725    
 9631.0   0.24904    
 9632.0   0.25082    
 9633.0   0.25260    
 9634.0   0.25437    
 9635.0   0.25615    
 9636.0   0.25529    
 9637.0   0.25444    
 9638.0   0.25359    
 9639.0   0.25274    
 9640.0   0.25189    
 9641.0   0.25169    
 9642.0   0.25150    
 9643.0   0.25130    
 9644.0   0.25111    
 9645.0   0.25091    
 9646.0   0.25160    
 9647.0   0.25229    
 9648.0   0.25298    
 9649.0   0.25366    
 9650.0   0.25434    
 9651.0   0.25561    
 9652.0   0.25689    
 9653.0   0.25816    
 9654.0   0.25942    
 9655.0   0.26068    
 9656.0   0.25942    
 9657.0   0.25816    
 9658.0   0.25690    
 9659.0   0.25564    
 9660.0   0.25439    
 9661.0   0.25213    
 9662.0   0.24987    
 9663.0   0.24762    
 9664.0   0.24537    
 9665.0   0.24312    
 9666.0   0.24396    
 9667.0   0.24479    
 9668.0   0.24563    
 9669.0   0.24646    
 9670.0   0.24730    
 9671.0   0.25104    
 9672.0   0.25477    
 9673.0   0.25850    
 9674.0   0.26222    
 9675.0   0.26593    
 9676.0   0.26705    
 9677.0   0.26816    
 9678.0   0.26927    
 9679.0   0.27038    
 9680.0   0.27148    
 9681.0   0.27013    
 9682.0   0.26877    
 9683.0   0.26742    
 9684.0   0.26606    
 9685.0   0.26471    
 9686.0   0.26519    
 9687.0   0.26567    
 9688.0   0.26615    
 9689.0   0.26662    
 9690.0   0.26709    
 9691.0   0.26760    
 9692.0   0.26811    
 9693.0   0.26862    
 9694.0   0.26913    
 9695.0   0.26963    
 9696.0   0.26884    
 9697.0   0.26804    
 9698.0   0.26724    
 9699.0   0.26645    
 9700.0   0.26565    
 9701.0   0.26517    
 9702.0   0.26469    
 9703.0   0.26421    
 9704.0   0.26372    
 9705.0   0.26324    
 9706.0   0.26366    
 9707.0   0.26407    
 9708.0   0.26448    
 9709.0   0.26489    
 9710.0   0.26530    
 9711.0   0.26441    
 9712.0   0.26352    
 9713.0   0.26263    
 9714.0   0.26174    
 9715.0   0.26085    
 9716.0   0.26030    
 9717.0   0.25975    
 9718.0   0.25919    
 9719.0   0.25864    
 9720.0   0.25809    
 9721.0   0.25758    
 9722.0   0.25708    
 9723.0   0.25658    
 9724.0   0.25608    
 9725.0   0.25558    
 9726.0   0.25453    
 9727.0   0.25348    
 9728.0   0.25244    
 9729.0   0.25140    
 9730.0   0.25036    
 9731.0   0.24958    
 9732.0   0.24880    
 9733.0   0.24802    
 9734.0   0.24724    
 9735.0   0.24646    
 9736.0   0.24596    
 9737.0   0.24546    
 9738.0   0.24495    
 9739.0   0.24445    
 9740.0   0.24394    
 9741.0   0.24316    
 9742.0   0.24238    
 9743.0   0.24160    
 9744.0   0.24082    
 9745.0   0.24004    
 9746.0   0.23926    
 9747.0   0.23848    
 9748.0   0.23771    
 9749.0   0.23693    
 9750.0   0.23616    
 9751.0   0.23601    
 9752.0   0.23587    
 9753.0   0.23572    
 9754.0   0.23557    
 9755.0   0.23542    
 9756.0   0.23485    
 9757.0   0.23428    
 9758.0   0.23372    
 9759.0   0.23315    
 9760.0   0.23258    
 9761.0   0.23269    
 9762.0   0.23279    
 9763.0   0.23290    
 9764.0   0.23300    
 9765.0   0.23309    
 9766.0   0.23412    
 9767.0   0.23514    
 9768.0   0.23615    
 9769.0   0.23716    
 9770.0   0.23816    
 9771.0   0.23847    
 9772.0   0.23877    
 9773.0   0.23907    
 9774.0   0.23937    
 9775.0   0.23966    
 9776.0   0.23879    
 9777.0   0.23792    
 9778.0   0.23705    
 9779.0   0.23619    
 9780.0   0.23532    
 9781.0   0.23468    
 9782.0   0.23404    
 9783.0   0.23341    
 9784.0   0.23277    
 9785.0   0.23213    
 9786.0   0.23170    
 9787.0   0.23126    
 9788.0   0.23082    
 9789.0   0.23039    
 9790.0   0.22995    
 9791.0   0.22934    
 9792.0   0.22874    
 9793.0   0.22813    
 9794.0   0.22753    
 9795.0   0.22693    
 9796.0   0.22686    
 9797.0   0.22680    
 9798.0   0.22673    
 9799.0   0.22667    
 9800.0   0.22660    
 9801.0   0.22652    
 9802.0   0.22644    
 9803.0   0.22636    
 9804.0   0.22628    
 9805.0   0.22620    
 9806.0   0.22698    
 9807.0   0.22776    
 9808.0   0.22854    
 9809.0   0.22931    
 9810.0   0.23007    
 9811.0   0.23005    
 9812.0   0.23002    
 9813.0   0.23000    
 9814.0   0.22997    
 9815.0   0.22994    
 9816.0   0.22929    
 9817.0   0.22864    
 9818.0   0.22800    
 9819.0   0.22735    
 9820.0   0.22671    
 9821.0   0.22593    
 9822.0   0.22515    
 9823.0   0.22438    
 9824.0   0.22360    
 9825.0   0.22283    
 9826.0   0.22233    
 9827.0   0.22184    
 9828.0   0.22135    
 9829.0   0.22085    
 9830.0   0.22036    
 9831.0   0.22056    
 9832.0   0.22077    
 9833.0   0.22097    
 9834.0   0.22116    
 9835.0   0.22136    
 9836.0   0.22132    
 9837.0   0.22129    
 9838.0   0.22125    
 9839.0   0.22121    
 9840.0   0.22117    
 9841.0   0.22056    
 9842.0   0.21995    
 9843.0   0.21934    
 9844.0   0.21873    
 9845.0   0.21812    
 9846.0   0.21746    
 9847.0   0.21680    
 9848.0   0.21615    
 9849.0   0.21549    
 9850.0   0.21483    
 9851.0   0.21463    
 9852.0   0.21442    
 9853.0   0.21421    
 9854.0   0.21400    
 9855.0   0.21378    
 9856.0   0.21370    
 9857.0   0.21361    
 9858.0   0.21352    
 9859.0   0.21343    
 9860.0   0.21334    
 9861.0   0.21300    
 9862.0   0.21265    
 9863.0   0.21231    
 9864.0   0.21197    
 9865.0   0.21163    
 9866.0   0.21112    
 9867.0   0.21061    
 9868.0   0.21010    
 9869.0   0.20959    
 9870.0   0.20908    
 9871.0   0.20862    
 9872.0   0.20817    
 9873.0   0.20772    
 9874.0   0.20728    
 9875.0   0.20683    
 9876.0   0.20655    
 9877.0   0.20626    
 9878.0   0.20598    
 9879.0   0.20570    
 9880.0   0.20542    
 9881.0   0.20519    
 9882.0   0.20496    
 9883.0   0.20473    
 9884.0   0.20450    
 9885.0   0.20427    
 9886.0   0.20387    
 9887.0   0.20347    
 9888.0   0.20307    
 9889.0   0.20268    
 9890.0   0.20228    
 9891.0   0.20182    
 9892.0   0.20136    
 9893.0   0.20090    
 9894.0   0.20044    
 9895.0   0.19998    
 9896.0   0.19948    
 9897.0   0.19898    
 9898.0   0.19848    
 9899.0   0.19799    
 9900.0   0.19749    
 9901.0   0.19719    
 9902.0   0.19688    
 9903.0   0.19658    
 9904.0   0.19628    
 9905.0   0.19597    
 9906.0   0.19571    
 9907.0   0.19545    
 9908.0   0.19519    
 9909.0   0.19493    
 9910.0   0.19466    
 9911.0   0.19434    
 9912.0   0.19402    
 9913.0   0.19370    
 9914.0   0.19338    
 9915.0   0.19306    
 9916.0   0.19278    
 9917.0   0.19250    
 9918.0   0.19221    
 9919.0   0.19193    
 9920.0   0.19165    
 9921.0   0.19127    
 9922.0   0.19089    
 9923.0   0.19052    
 9924.0   0.19014    
 9925.0   0.18976    
 9926.0   0.18939    
 9927.0   0.18901    
 9928.0   0.18864    
 9929.0   0.18826    
 9930.0   0.18788    
 9931.0   0.18764    
 9932.0   0.18740    
 9933.0   0.18716    
 9934.0   0.18691    
 9935.0   0.18667    
 9936.0   0.18647    
 9937.0   0.18626    
 9938.0   0.18605    
 9939.0   0.18585    
 9940.0   0.18564    
 9941.0   0.18531    
 9942.0   0.18498    
 9943.0   0.18465    
 9944.0   0.18432    
 9945.0   0.18400    
 9946.0   0.18367    
 9947.0   0.18334    
 9948.0   0.18302    
 9949.0   0.18269    
 9950.0   0.18236    
 9951.0   0.18204    
 9952.0   0.18171    
 9953.0   0.18139    
 9954.0   0.18106    
 9955.0   0.18073    
 9956.0   0.18041    
 9957.0   0.18008    
 9958.0   0.17976    
 9959.0   0.17944    
 9960.0   0.17911    
 9961.0   0.17882    
 9962.0   0.17854    
 9963.0   0.17825    
 9964.0   0.17796    
 9965.0   0.17767    
 9966.0   0.17738    
 9967.0   0.17710    
 9968.0   0.17681    
 9969.0   0.17652    
 9970.0   0.17623    
 9971.0   0.17590    
 9972.0   0.17556    
 9973.0   0.17523    
 9974.0   0.17489    
 9975.0   0.17456    
 9976.0   0.17422    
 9977.0   0.17389    
 9978.0   0.17356    
 9979.0   0.17322    
 9980.0   0.17289    
 9981.0   0.17256    
 9982.0   0.17223    
 9983.0   0.17191    
 9984.0   0.17158    
 9985.0   0.17125    
 9986.0   0.17092    
 9987.0   0.17060    
 9988.0   0.17027    
 9989.0   0.16994    
 9990.0   0.16961    
 9991.0   0.16927    
 9992.0   0.16893    
 9993.0   0.16859    
 9994.0   0.16824    
 9995.0   0.16790    
 9996.0   0.16756    
 9997.0   0.16721    
 9998.0   0.16687    
 9999.0   0.16652    
10000.0   0.16618    
10001.0   0.16583    
10002.0   0.16547    
10003.0   0.16512    
10004.0   0.16476    
10005.0   0.16441    
10006.0   0.16399    
10007.0   0.16357    
10008.0   0.16314    
10009.0   0.16272    
10010.0   0.16230    
10011.0   0.16190    
10012.0   0.16149    
10013.0   0.16109    
10014.0   0.16069    
10015.0   0.16029    
10016.0   0.15989    
10017.0   0.15949    
10018.0   0.15909    
10019.0   0.15869    
10020.0   0.15829    
10021.0   0.15792    
10022.0   0.15756    
10023.0   0.15719    
10024.0   0.15682    
10025.0   0.15646    
10026.0   0.15615    
10027.0   0.15585    
10028.0   0.15554    
10029.0   0.15524    
10030.0   0.15493    
10031.0   0.15453    
10032.0   0.15412    
10033.0   0.15372    
10034.0   0.15332    
10035.0   0.15291    
10036.0   0.15251    
10037.0   0.15211    
10038.0   0.15170    
10039.0   0.15130    
10040.0   0.15090    
10041.0   0.15050    
10042.0   0.15011    
10043.0   0.14971    
10044.0   0.14932    
10045.0   0.14892    
10046.0   0.14853    
10047.0   0.14813    
10048.0   0.14773    
10049.0   0.14734    
10050.0   0.14694    
10051.0   0.14648    
10052.0   0.14601    
10053.0   0.14555    
10054.0   0.14509    
10055.0   0.14462    
10056.0   0.14416    
10057.0   0.14369    
10058.0   0.14323    
10059.0   0.14276    
10060.0   0.14229    
10061.0   0.14190    
10062.0   0.14151    
10063.0   0.14111    
10064.0   0.14072    
10065.0   0.14032    
10066.0   0.13995    
10067.0   0.13959    
10068.0   0.13922    
10069.0   0.13885    
10070.0   0.13849    
10071.0   0.13801    
10072.0   0.13754    
10073.0   0.13707    
10074.0   0.13660    
10075.0   0.13612    
10076.0   0.13568    
10077.0   0.13524    
10078.0   0.13479    
10079.0   0.13435    
10080.0   0.13390    
10081.0   0.13346    
10082.0   0.13302    
10083.0   0.13259    
10084.0   0.13215    
10085.0   0.13171    
10086.0   0.13127    
10087.0   0.13083    
10088.0   0.13039    
10089.0   0.12995    
10090.0   0.12952    
10091.0   0.12908    
10092.0   0.12864    
10093.0   0.12821    
10094.0   0.12777    
10095.0   0.12734    
10096.0   0.12695    
10097.0   0.12657    
10098.0   0.12619    
10099.0   0.12581    
10100.0   0.12543    
10101.0   0.12510    
10102.0   0.12477    
10103.0   0.12445    
10104.0   0.12412    
10105.0   0.12380    
10106.0   0.12345    
10107.0   0.12309    
10108.0   0.12274    
10109.0   0.12239    
10110.0   0.12204    
10111.0   0.12164    
10112.0   0.12124    
10113.0   0.12084    
10114.0   0.12044    
10115.0   0.12004    
10116.0   0.11962    
10117.0   0.11919    
10118.0   0.11877    
10119.0   0.11834    
10120.0   0.11792    
10121.0   0.11752    
10122.0   0.11713    
10123.0   0.11673    
10124.0   0.11634    
10125.0   0.11594    
10126.0   0.11557    
10127.0   0.11520    
10128.0   0.11483    
10129.0   0.11446    
10130.0   0.11408    
10131.0   0.11375    
10132.0   0.11342    
10133.0   0.11309    
10134.0   0.11276    
10135.0   0.11243    
10136.0   0.11210    
10137.0   0.11176    
10138.0   0.11143    
10139.0   0.11110    
10140.0   0.11077    
10141.0   0.11042    
10142.0   0.11008    
10143.0   0.10973    
10144.0   0.10939    
10145.0   0.10904    
10146.0   0.10869    
10147.0   0.10835    
10148.0   0.10800    
10149.0   0.10765    
10150.0   0.10730    
10151.0   0.10697    
10152.0   0.10664    
10153.0   0.10630    
10154.0   0.10597    
10155.0   0.10563    
10156.0   0.10530    
10157.0   0.10496    
10158.0   0.10463    
10159.0   0.10429    
10160.0   0.10396    
10161.0   0.10362    
10162.0   0.10327    
10163.0   0.10293    
10164.0   0.10258    
10165.0   0.10224    
10166.0   0.10190    
10167.0   0.10155    
10168.0   0.10121    
10169.0   0.10087    
10170.0   0.10052    
10171.0   0.10017    
10172.0   0.99824E-01
10173.0   0.99475E-01
10174.0   0.99126E-01
10175.0   0.98777E-01
10176.0   0.98428E-01
10177.0   0.98079E-01
10178.0   0.97730E-01
10179.0   0.97382E-01
10180.0   0.97033E-01
10181.0   0.96750E-01
10182.0   0.96466E-01
10183.0   0.96183E-01
10184.0   0.95900E-01
10185.0   0.95616E-01
10186.0   0.95314E-01
10187.0   0.95011E-01
10188.0   0.94709E-01
10189.0   0.94407E-01
10190.0   0.94105E-01
10191.0   0.93828E-01
10192.0   0.93551E-01
10193.0   0.93275E-01
10194.0   0.92998E-01
10195.0   0.92721E-01
10196.0   0.92463E-01
10197.0   0.92204E-01
10198.0   0.91946E-01
10199.0   0.91687E-01
10200.0   0.91428E-01
10201.0   0.91081E-01
10202.0   0.90733E-01
10203.0   0.90386E-01
10204.0   0.90038E-01
10205.0   0.89691E-01
10206.0   0.89344E-01
10207.0   0.88997E-01
10208.0   0.88649E-01
10209.0   0.88302E-01
10210.0   0.87955E-01
10211.0   0.87674E-01
10212.0   0.87394E-01
10213.0   0.87113E-01
10214.0   0.86833E-01
10215.0   0.86552E-01
10216.0   0.86271E-01
10217.0   0.85991E-01
10218.0   0.85710E-01
10219.0   0.85429E-01
10220.0   0.85148E-01
10221.0   0.84807E-01
10222.0   0.84466E-01
10223.0   0.84124E-01
10224.0   0.83783E-01
10225.0   0.83441E-01
10226.0   0.83083E-01
10227.0   0.82725E-01
10228.0   0.82367E-01
10229.0   0.82009E-01
10230.0   0.81651E-01
10231.0   0.81366E-01
10232.0   0.81082E-01
10233.0   0.80797E-01
10234.0   0.80512E-01
10235.0   0.80228E-01
10236.0   0.79927E-01
10237.0   0.79627E-01
10238.0   0.79326E-01
10239.0   0.79026E-01
10240.0   0.78726E-01
10241.0   0.78406E-01
10242.0   0.78085E-01
10243.0   0.77765E-01
10244.0   0.77444E-01
10245.0   0.77123E-01
10246.0   0.76801E-01
10247.0   0.76479E-01
10248.0   0.76157E-01
10249.0   0.75835E-01
10250.0   0.75512E-01
10251.0   0.75219E-01
10252.0   0.74926E-01
10253.0   0.74632E-01
10254.0   0.74339E-01
10255.0   0.74045E-01
10256.0   0.73752E-01
10257.0   0.73458E-01
10258.0   0.73164E-01
10259.0   0.72870E-01
10260.0   0.72576E-01
10261.0   0.72227E-01
10262.0   0.71879E-01
10263.0   0.71530E-01
10264.0   0.71182E-01
10265.0   0.70834E-01
10266.0   0.70486E-01
10267.0   0.70138E-01
10268.0   0.69790E-01
10269.0   0.69442E-01
10270.0   0.69094E-01
10271.0   0.68814E-01
10272.0   0.68534E-01
10273.0   0.68254E-01
10274.0   0.67974E-01
10275.0   0.67694E-01
10276.0   0.67414E-01
10277.0   0.67134E-01
10278.0   0.66854E-01
10279.0   0.66574E-01
10280.0   0.66294E-01
10281.0   0.66005E-01
10282.0   0.65715E-01
10283.0   0.65426E-01
10284.0   0.65137E-01
10285.0   0.64847E-01
10286.0   0.64558E-01
10287.0   0.64268E-01
10288.0   0.63978E-01
10289.0   0.63688E-01
10290.0   0.63398E-01
10291.0   0.63054E-01
10292.0   0.62709E-01
10293.0   0.62365E-01
10294.0   0.62021E-01
10295.0   0.61677E-01
10296.0   0.61346E-01
10297.0   0.61015E-01
10298.0   0.60684E-01
10299.0   0.60353E-01
10300.0   0.60023E-01
10301.0   0.59738E-01
10302.0   0.59454E-01
10303.0   0.59170E-01
10304.0   0.58886E-01
10305.0   0.58603E-01
10306.0   0.58320E-01
10307.0   0.58037E-01
10308.0   0.57754E-01
10309.0   0.57471E-01
10310.0   0.57189E-01
10311.0   0.56903E-01
10312.0   0.56618E-01
10313.0   0.56333E-01
10314.0   0.56048E-01
10315.0   0.55762E-01
10316.0   0.55477E-01
10317.0   0.55191E-01
10318.0   0.54905E-01
10319.0   0.54619E-01
10320.0   0.54333E-01
10321.0   0.54051E-01
10322.0   0.53770E-01
10323.0   0.53488E-01
10324.0   0.53206E-01
10325.0   0.52924E-01
10326.0   0.52642E-01
10327.0   0.52360E-01
10328.0   0.52078E-01
10329.0   0.51797E-01
10330.0   0.51515E-01
10331.0   0.51236E-01
10332.0   0.50957E-01
10333.0   0.50678E-01
10334.0   0.50399E-01
10335.0   0.50120E-01
10336.0   0.49841E-01
10337.0   0.49562E-01
10338.0   0.49283E-01
10339.0   0.49004E-01
10340.0   0.48725E-01
10341.0   0.48495E-01
10342.0   0.48265E-01
10343.0   0.48035E-01
10344.0   0.47804E-01
10345.0   0.47574E-01
10346.0   0.47344E-01
10347.0   0.47113E-01
10348.0   0.46883E-01
10349.0   0.46652E-01
10350.0   0.46421E-01
10351.0   0.46203E-01
10352.0   0.45986E-01
10353.0   0.45767E-01
10354.0   0.45549E-01
10355.0   0.45331E-01
10356.0   0.45112E-01
10357.0   0.44894E-01
10358.0   0.44675E-01
10359.0   0.44455E-01
10360.0   0.44236E-01
10361.0   0.44000E-01
10362.0   0.43764E-01
10363.0   0.43528E-01
10364.0   0.43292E-01
10365.0   0.43056E-01
10366.0   0.42821E-01
10367.0   0.42585E-01
10368.0   0.42350E-01
10369.0   0.42114E-01
10370.0   0.41879E-01
10371.0   0.41652E-01
10372.0   0.41426E-01
10373.0   0.41199E-01
10374.0   0.40973E-01
10375.0   0.40746E-01
10376.0   0.40519E-01
10377.0   0.40293E-01
10378.0   0.40066E-01
10379.0   0.39839E-01
10380.0   0.39613E-01
10381.0   0.39442E-01
10382.0   0.39271E-01
10383.0   0.39100E-01
10384.0   0.38929E-01
10385.0   0.38758E-01
10386.0   0.38587E-01
10387.0   0.38416E-01
10388.0   0.38245E-01
10389.0   0.38074E-01
10390.0   0.37903E-01
10391.0   0.37728E-01
10392.0   0.37553E-01
10393.0   0.37377E-01
10394.0   0.37202E-01
10395.0   0.37027E-01
10396.0   0.36852E-01
10397.0   0.36677E-01
10398.0   0.36501E-01
10399.0   0.36326E-01
10400.0   0.36151E-01
10401.0   0.35982E-01
10402.0   0.35813E-01
10403.0   0.35644E-01
10404.0   0.35475E-01
10405.0   0.35306E-01
10406.0   0.35137E-01
10407.0   0.34968E-01
10408.0   0.34799E-01
10409.0   0.34629E-01
10410.0   0.34460E-01
10411.0   0.34349E-01
10412.0   0.34237E-01
10413.0   0.34126E-01
10414.0   0.34014E-01
10415.0   0.33903E-01
10416.0   0.33791E-01
10417.0   0.33680E-01
10418.0   0.33568E-01
10419.0   0.33457E-01
10420.0   0.33345E-01
10421.0   0.33174E-01
10422.0   0.33002E-01
10423.0   0.32831E-01
10424.0   0.32659E-01
10425.0   0.32488E-01
10426.0   0.32316E-01
10427.0   0.32144E-01
10428.0   0.31973E-01
10429.0   0.31801E-01
10430.0   0.31630E-01
10431.0   0.31515E-01
10432.0   0.31400E-01
10433.0   0.31286E-01
10434.0   0.31171E-01
10435.0   0.31056E-01
10436.0   0.30942E-01
10437.0   0.30827E-01
10438.0   0.30712E-01
10439.0   0.30598E-01
10440.0   0.30483E-01
10441.0   0.30367E-01
10442.0   0.30252E-01
10443.0   0.30136E-01
10444.0   0.30021E-01
10445.0   0.29905E-01
10446.0   0.29783E-01
10447.0   0.29661E-01
10448.0   0.29540E-01
10449.0   0.29418E-01
10450.0   0.29296E-01
10451.0   0.29185E-01
10452.0   0.29074E-01
10453.0   0.28962E-01
10454.0   0.28851E-01
10455.0   0.28739E-01
10456.0   0.28628E-01
10457.0   0.28516E-01
10458.0   0.28404E-01
10459.0   0.28292E-01
10460.0   0.28180E-01
10461.0   0.28119E-01
10462.0   0.28059E-01
10463.0   0.27998E-01
10464.0   0.27937E-01
10465.0   0.27876E-01
10466.0   0.27816E-01
10467.0   0.27755E-01
10468.0   0.27695E-01
10469.0   0.27634E-01
10470.0   0.27573E-01
10471.0   0.27461E-01
10472.0   0.27349E-01
10473.0   0.27236E-01
10474.0   0.27124E-01
10475.0   0.27012E-01
10476.0   0.26899E-01
10477.0   0.26787E-01
10478.0   0.26675E-01
10479.0   0.26562E-01
10480.0   0.26450E-01
10481.0   0.26337E-01
10482.0   0.26224E-01
10483.0   0.26110E-01
10484.0   0.25997E-01
10485.0   0.25884E-01
10486.0   0.25765E-01
10487.0   0.25647E-01
10488.0   0.25528E-01
10489.0   0.25409E-01
10490.0   0.25291E-01
10491.0   0.25233E-01
10492.0   0.25174E-01
10493.0   0.25116E-01
10494.0   0.25058E-01
10495.0   0.25000E-01
10496.0   0.24942E-01
10497.0   0.24884E-01
10498.0   0.24826E-01
10499.0   0.24768E-01
10500.0   0.24710E-01
10501.0   0.24596E-01
10502.0   0.24483E-01
10503.0   0.24369E-01
10504.0   0.24255E-01
10505.0   0.24142E-01
10506.0   0.24028E-01
10507.0   0.23915E-01
10508.0   0.23802E-01
10509.0   0.23688E-01
10510.0   0.23575E-01
10511.0   0.23518E-01
10512.0   0.23461E-01
10513.0   0.23404E-01
10514.0   0.23348E-01
10515.0   0.23291E-01
10516.0   0.23234E-01
10517.0   0.23177E-01
10518.0   0.23120E-01
10519.0   0.23063E-01
10520.0   0.23006E-01
10521.0   0.22888E-01
10522.0   0.22770E-01
10523.0   0.22652E-01
10524.0   0.22534E-01
10525.0   0.22416E-01
10526.0   0.22302E-01
10527.0   0.22189E-01
10528.0   0.22075E-01
10529.0   0.21962E-01
10530.0   0.21848E-01
10531.0   0.21791E-01
10532.0   0.21733E-01
10533.0   0.21676E-01
10534.0   0.21619E-01
10535.0   0.21561E-01
10536.0   0.21504E-01
10537.0   0.21446E-01
10538.0   0.21389E-01
10539.0   0.21331E-01
10540.0   0.21274E-01
10541.0   0.21214E-01
10542.0   0.21154E-01
10543.0   0.21094E-01
10544.0   0.21034E-01
10545.0   0.20973E-01
10546.0   0.20918E-01
10547.0   0.20862E-01
10548.0   0.20806E-01
10549.0   0.20750E-01
10550.0   0.20694E-01
10551.0   0.20579E-01
10552.0   0.20464E-01
10553.0   0.20348E-01
10554.0   0.20233E-01
10555.0   0.20118E-01
10556.0   0.19998E-01
10557.0   0.19879E-01
10558.0   0.19760E-01
10559.0   0.19641E-01
10560.0   0.19522E-01
10561.0   0.19464E-01
10562.0   0.19407E-01
10563.0   0.19350E-01
10564.0   0.19293E-01
10565.0   0.19236E-01
10566.0   0.19174E-01
10567.0   0.19113E-01
10568.0   0.19052E-01
10569.0   0.18991E-01
10570.0   0.18930E-01
10571.0   0.18875E-01
10572.0   0.18821E-01
10573.0   0.18766E-01
10574.0   0.18711E-01
10575.0   0.18656E-01
10576.0   0.18598E-01
10577.0   0.18539E-01
10578.0   0.18480E-01
10579.0   0.18422E-01
10580.0   0.18363E-01
10581.0   0.18307E-01
10582.0   0.18250E-01
10583.0   0.18193E-01
10584.0   0.18136E-01
10585.0   0.18079E-01
10586.0   0.18022E-01
10587.0   0.17966E-01
10588.0   0.17909E-01
10589.0   0.17852E-01
10590.0   0.17795E-01
10591.0   0.17737E-01
10592.0   0.17679E-01
10593.0   0.17620E-01
10594.0   0.17562E-01
10595.0   0.17504E-01
10596.0   0.17449E-01
10597.0   0.17394E-01
10598.0   0.17340E-01
10599.0   0.17285E-01
10600.0   0.17230E-01
10601.0   0.17173E-01
10602.0   0.17116E-01
10603.0   0.17059E-01
10604.0   0.17002E-01
10605.0   0.16945E-01
10606.0   0.16885E-01
10607.0   0.16825E-01
10608.0   0.16764E-01
10609.0   0.16704E-01
10610.0   0.16644E-01
10611.0   0.16587E-01
10612.0   0.16530E-01
10613.0   0.16473E-01
10614.0   0.16416E-01
10615.0   0.16359E-01
10616.0   0.16302E-01
10617.0   0.16245E-01
10618.0   0.16188E-01
10619.0   0.16131E-01
10620.0   0.16074E-01
10621.0   0.16015E-01
10622.0   0.15955E-01
10623.0   0.15896E-01
10624.0   0.15836E-01
10625.0   0.15777E-01
10626.0   0.15721E-01
10627.0   0.15665E-01
10628.0   0.15608E-01
10629.0   0.15552E-01
10630.0   0.15496E-01
10631.0   0.15440E-01
10632.0   0.15384E-01
10633.0   0.15328E-01
10634.0   0.15272E-01
10635.0   0.15216E-01
10636.0   0.15157E-01
10637.0   0.15098E-01
10638.0   0.15039E-01
10639.0   0.14980E-01
10640.0   0.14921E-01
10641.0   0.14864E-01
10642.0   0.14807E-01
10643.0   0.14750E-01
10644.0   0.14694E-01
10645.0   0.14637E-01
10646.0   0.14580E-01
10647.0   0.14523E-01
10648.0   0.14466E-01
10649.0   0.14409E-01
10650.0   0.14352E-01
10651.0   0.14295E-01
10652.0   0.14238E-01
10653.0   0.14182E-01
10654.0   0.14125E-01
10655.0   0.14068E-01
10656.0   0.14011E-01
10657.0   0.13955E-01
10658.0   0.13898E-01
10659.0   0.13841E-01
10660.0   0.13784E-01
10661.0   0.13728E-01
10662.0   0.13672E-01
10663.0   0.13615E-01
10664.0   0.13559E-01
10665.0   0.13502E-01
10666.0   0.13446E-01
10667.0   0.13389E-01
10668.0   0.13333E-01
10669.0   0.13276E-01
10670.0   0.13220E-01
10671.0   0.13221E-01
10672.0   0.13222E-01
10673.0   0.13223E-01
10674.0   0.13224E-01
10675.0   0.13225E-01
10676.0   0.13227E-01
10677.0   0.13228E-01
10678.0   0.13229E-01
10679.0   0.13230E-01
10680.0   0.13231E-01
10681.0   0.13177E-01
10682.0   0.13122E-01
10683.0   0.13068E-01
10684.0   0.13013E-01
10685.0   0.12959E-01
10686.0   0.12904E-01
10687.0   0.12850E-01
10688.0   0.12795E-01
10689.0   0.12741E-01
10690.0   0.12686E-01
10691.0   0.12630E-01
10692.0   0.12573E-01
10693.0   0.12517E-01
10694.0   0.12461E-01
10695.0   0.12405E-01
10696.0   0.12351E-01
10697.0   0.12297E-01
10698.0   0.12243E-01
10699.0   0.12190E-01
10700.0   0.12136E-01
10701.0   0.12114E-01
10702.0   0.12092E-01
10703.0   0.12070E-01
10704.0   0.12048E-01
10705.0   0.12026E-01
10706.0   0.12004E-01
10707.0   0.11982E-01
10708.0   0.11960E-01
10709.0   0.11938E-01
10710.0   0.11916E-01
10711.0   0.11837E-01
10712.0   0.11757E-01
10713.0   0.11678E-01
10714.0   0.11599E-01
10715.0   0.11520E-01
10716.0   0.11442E-01
10717.0   0.11364E-01
10718.0   0.11286E-01
10719.0   0.11208E-01
10720.0   0.11131E-01
10721.0   0.11053E-01
10722.0   0.10976E-01
10723.0   0.10899E-01
10724.0   0.10822E-01
10725.0   0.10745E-01
10726.0   0.10671E-01
10727.0   0.10597E-01
10728.0   0.10523E-01
10729.0   0.10449E-01
10730.0   0.10375E-01
10731.0   0.10303E-01
10732.0   0.10231E-01
10733.0   0.10159E-01
10734.0   0.10087E-01
10735.0   0.10004E-01
10736.0   0.99198E-02
10737.0   0.98259E-02
10738.0   0.97323E-02
10739.0   0.96387E-02
10740.0   0.95455E-02
10741.0   0.94984E-02
10742.0   0.94513E-02
10743.0   0.94049E-02
10744.0   0.93585E-02
10745.0   0.93116E-02
10746.0   0.92723E-02
10747.0   0.92330E-02
10748.0   0.91936E-02
10749.0   0.91548E-02
10750.0   0.91160E-02
10751.0   0.90300E-02
10752.0   0.89444E-02
10753.0   0.88591E-02
10754.0   0.87742E-02
10755.0   0.86902E-02
10756.0   0.86030E-02
10757.0   0.85157E-02
10758.0   0.84289E-02
10759.0   0.83424E-02
10760.0   0.82564E-02
10761.0   0.82197E-02
10762.0   0.81830E-02
10763.0   0.81458E-02
10764.0   0.81085E-02
10765.0   0.80713E-02
10766.0   0.80291E-02
10767.0   0.79875E-02
10768.0   0.79459E-02
10769.0   0.79039E-02
10770.0   0.78618E-02
10771.0   0.77722E-02
10772.0   0.76830E-02
10773.0   0.75940E-02
10774.0   0.75055E-02
10775.0   0.74176E-02
10776.0   0.73377E-02
10777.0   0.72587E-02
10778.0   0.71801E-02
10779.0   0.71014E-02
10780.0   0.70231E-02
10781.0   0.69474E-02
10782.0   0.68720E-02
10783.0   0.67975E-02
10784.0   0.67233E-02
10785.0   0.66490E-02
10786.0   0.65724E-02
10787.0   0.64962E-02
10788.0   0.64204E-02
10789.0   0.63455E-02
10790.0   0.62711E-02
10791.0   0.62377E-02
10792.0   0.62044E-02
10793.0   0.61710E-02
10794.0   0.61376E-02
10795.0   0.61047E-02
10796.0   0.60668E-02
10797.0   0.60285E-02
10798.0   0.59902E-02
10799.0   0.59519E-02
10800.0   0.59137E-02
10801.0   0.58369E-02
10802.0   0.57606E-02
10803.0   0.56844E-02
10804.0   0.56087E-02
10805.0   0.55336E-02
10806.0   0.54635E-02
10807.0   0.53942E-02
10808.0   0.53253E-02
10809.0   0.52565E-02
10810.0   0.51880E-02
10811.0   0.51193E-02
10812.0   0.50510E-02
10813.0   0.49827E-02
10814.0   0.49149E-02
10815.0   0.48475E-02
10816.0   0.47836E-02
10817.0   0.47204E-02
10818.0   0.46576E-02
10819.0   0.45948E-02
10820.0   0.45323E-02
10821.0   0.45048E-02
10822.0   0.44772E-02
10823.0   0.44500E-02
10824.0   0.44227E-02
10825.0   0.43950E-02
10826.0   0.43620E-02
10827.0   0.43291E-02
10828.0   0.42961E-02
10829.0   0.42637E-02
10830.0   0.42312E-02
10831.0   0.41656E-02
10832.0   0.41005E-02
10833.0   0.40360E-02
10834.0   0.39720E-02
10835.0   0.39090E-02
10836.0   0.38520E-02
10837.0   0.37950E-02
10838.0   0.37385E-02
10839.0   0.36822E-02
10840.0   0.36264E-02
10841.0   0.36015E-02
10842.0   0.35765E-02
10843.0   0.35511E-02
10844.0   0.35256E-02
10845.0   0.35002E-02
10846.0   0.34719E-02
10847.0   0.34440E-02
10848.0   0.34161E-02
10849.0   0.33879E-02
10850.0   0.33596E-02
10851.0   0.33013E-02
10852.0   0.32436E-02
10853.0   0.31867E-02
10854.0   0.31304E-02
10855.0   0.30744E-02
10856.0   0.30152E-02
10857.0   0.29570E-02
10858.0   0.28995E-02
10859.0   0.28423E-02
10860.0   0.27858E-02
10861.0   0.27348E-02
10862.0   0.26843E-02
10863.0   0.26347E-02
10864.0   0.25855E-02
10865.0   0.25364E-02
10866.0   0.24940E-02
10867.0   0.24519E-02
10868.0   0.24100E-02
10869.0   0.23687E-02
10870.0   0.23276E-02
10871.0   0.23092E-02
10872.0   0.22908E-02
10873.0   0.22722E-02
10874.0   0.22536E-02
10875.0   0.22351E-02
10876.0   0.22139E-02
10877.0   0.21924E-02
10878.0   0.21708E-02
10879.0   0.21492E-02
10880.0   0.21276E-02
10881.0   0.20827E-02
10882.0   0.20383E-02
10883.0   0.19940E-02
10884.0   0.19503E-02
10885.0   0.19071E-02
10886.0   0.18633E-02
10887.0   0.18203E-02
10888.0   0.17779E-02
10889.0   0.17357E-02
10890.0   0.16941E-02
10891.0   0.16539E-02
10892.0   0.16143E-02
10893.0   0.15754E-02
10894.0   0.15370E-02
10895.0   0.14989E-02
10896.0   0.14615E-02
10897.0   0.14247E-02
10898.0   0.13883E-02
10899.0   0.13526E-02
10900.0   0.13175E-02
10901.0   0.12984E-02
10902.0   0.12793E-02
10903.0   0.12606E-02
10904.0   0.12418E-02
10905.0   0.12228E-02
10906.0   0.12066E-02
10907.0   0.11903E-02
10908.0   0.11740E-02
10909.0   0.11579E-02
10910.0   0.11416E-02
10911.0   0.11105E-02
10912.0   0.10797E-02
10913.0   0.10493E-02
10914.0   0.10193E-02
10915.0   0.98997E-03
10916.0   0.95769E-03
10917.0   0.92578E-03
10918.0   0.89448E-03
10919.0   0.86376E-03
10920.0   0.83364E-03
10921.0   0.80443E-03
10922.0   0.77579E-03
10923.0   0.74751E-03
10924.0   0.71981E-03
10925.0   0.69268E-03
10926.0   0.66833E-03
10927.0   0.64456E-03
10928.0   0.62120E-03
10929.0   0.59804E-03
10930.0   0.57529E-03
10931.0   0.55361E-03
10932.0   0.53228E-03
10933.0   0.51148E-03
10934.0   0.49103E-03
10935.0   0.47077E-03
10936.0   0.44996E-03
10937.0   0.42959E-03
10938.0   0.40968E-03
10939.0   0.39038E-03
10940.0   0.37152E-03
10941.0   0.35226E-03
10942.0   0.33352E-03
10943.0   0.31545E-03
10944.0   0.29788E-03
10945.0   0.28070E-03
10946.0   0.26451E-03
10947.0   0.24878E-03
10948.0   0.23350E-03
10949.0   0.21880E-03
10950.0   0.20454E-03
10951.0   0.19994E-03
10952.0   0.19534E-03
10953.0   0.19074E-03
10954.0   0.18614E-03
10955.0   0.18154E-03
10956.0   0.17679E-03
10957.0   0.17218E-03
10958.0   0.16757E-03
10959.0   0.16286E-03
10960.0   0.15815E-03
10961.0   0.15000E-03
10962.0   0.14206E-03
10963.0   0.13444E-03
10964.0   0.12700E-03
10965.0   0.11966E-03
10966.0   0.11251E-03
10967.0   0.10556E-03
10968.0   0.98819E-04
10969.0   0.92291E-04
10970.0   0.85975E-04
10971.0   0.79686E-04
10972.0   0.73646E-04
10973.0   0.67771E-04
10974.0   0.62148E-04
10975.0   0.56777E-04
10976.0   0.51687E-04
10977.0   0.46908E-04
10978.0   0.42365E-04
10979.0   0.37992E-04
10980.0   0.33859E-04
10981.0   0.29994E-04
10982.0   0.26358E-04
10983.0   0.22953E-04
10984.0   0.19778E-04
10985.0   0.19042E-04
10986.0   0.17242E-04
10987.0   0.14706E-04
10988.0   0.11845E-04
10989.0   0.89812E-05
10990.0   0.63648E-05
10991.0   0.41879E-05
10992.0   0.24843E-05
10993.0   0.12436E-05
10994.0   0.44363E-06
