3034.00 0
3035.00 2.07462e-09
3036.00 2.44393e-09
3037.00 2.85425e-09
3038.00 3.30828e-09
3039.00 3.80887e-09
3040.00 4.35904e-09
3041.00 4.96066e-09
3042.00 5.61053e-09
3043.00 6.30414e-09
3044.00 7.03696e-09
3045.00 7.80442e-09
3046.00 8.60189e-09
3047.00 9.42469e-09
3048.00 1.02681e-08
3049.00 1.11271e-08
3050.00 1.1997e-08
3051.00 1.28725e-08
3052.00 1.37486e-08
3053.00 1.46198e-08
3054.00 1.54807e-08
3055.00 1.63255e-08
3056.00 1.71484e-08
3057.00 1.79434e-08
3058.00 1.8704e-08
3059.00 1.94238e-08
3060.00 2.0096e-08
3061.00 2.07179e-08
3062.00 2.13054e-08
3063.00 2.18794e-08
3064.00 2.2461e-08
3065.00 2.30718e-08
3066.00 2.37342e-08
3067.00 2.4471e-08
3068.00 2.53058e-08
3069.00 2.6263e-08
3070.00 2.73676e-08
3071.00 2.86456e-08
3072.00 3.01242e-08
3073.00 3.18314e-08
3074.00 3.37963e-08
3075.00 3.60493e-08
3076.00 3.86223e-08
3077.00 4.15482e-08
3078.00 4.48618e-08
3079.00 4.85993e-08
3080.00 5.27986e-08
3081.00 5.74902e-08
3082.00 6.26693e-08
3083.00 6.83225e-08
3084.00 7.4437e-08
3085.00 8.10007e-08
3086.00 8.80021e-08
3087.00 9.54302e-08
3088.00 1.03275e-07
3089.00 1.11525e-07
3090.00 1.20173e-07
3091.00 1.29209e-07
3092.00 1.38625e-07
3093.00 1.48412e-07
3094.00 1.58563e-07
3095.00 1.69071e-07
3096.00 1.79929e-07
3097.00 1.9113e-07
3098.00 2.02669e-07
3099.00 2.1454e-07
3100.00 2.26737e-07
3101.00 2.3926e-07
3102.00 2.52119e-07
3103.00 2.65332e-07
3104.00 2.78916e-07
3105.00 2.9289e-07
3106.00 3.07272e-07
3107.00 3.22083e-07
3108.00 3.37344e-07
3109.00 3.53078e-07
3110.00 3.69308e-07
3111.00 3.86059e-07
3112.00 4.03359e-07
3113.00 4.21233e-07
3114.00 4.39713e-07
3115.00 4.58827e-07
3116.00 4.7861e-07
3117.00 4.99095e-07
3118.00 5.20319e-07
3119.00 5.4232e-07
3120.00 5.65138e-07
3121.00 5.88808e-07
3122.00 6.1334e-07
3123.00 6.38738e-07
3124.00 6.65004e-07
3125.00 6.92147e-07
3126.00 7.20174e-07
3127.00 7.49093e-07
3128.00 7.78917e-07
3129.00 8.09658e-07
3130.00 8.41329e-07
3131.00 8.73947e-07
3132.00 9.0753e-07
3133.00 9.42097e-07
3134.00 9.7767e-07
3135.00 1.01427e-06
3136.00 1.05193e-06
3137.00 1.09067e-06
3138.00 1.13052e-06
3139.00 1.17151e-06
3140.00 1.21368e-06
3141.00 1.25706e-06
3142.00 1.30166e-06
3143.00 1.34748e-06
3144.00 1.39454e-06
3145.00 1.44283e-06
3146.00 1.49238e-06
3147.00 1.54319e-06
3148.00 1.59527e-06
3149.00 1.64866e-06
3150.00 1.70336e-06
3151.00 1.7594e-06
3152.00 1.8168e-06
3153.00 1.87559e-06
3154.00 1.93579e-06
3155.00 1.99745e-06
3156.00 2.06058e-06
3157.00 2.12523e-06
3158.00 2.19144e-06
3159.00 2.25925e-06
3160.00 2.3287e-06
3161.00 2.39984e-06
3162.00 2.47266e-06
3163.00 2.54715e-06
3164.00 2.6233e-06
3165.00 2.70112e-06
3166.00 2.78058e-06
3167.00 2.8617e-06
3168.00 2.94446e-06
3169.00 3.02888e-06
3170.00 3.11496e-06
3171.00 3.2027e-06
3172.00 3.29211e-06
3173.00 3.3832e-06
3174.00 3.47598e-06
3175.00 3.57047e-06
3176.00 3.66669e-06
3177.00 3.76464e-06
3178.00 3.86436e-06
3179.00 3.96587e-06
3180.00 4.06919e-06
3181.00 4.17435e-06
3182.00 4.28135e-06
3183.00 4.3902e-06
3184.00 4.5009e-06
3185.00 4.61347e-06
3186.00 4.72791e-06
3187.00 4.84424e-06
3188.00 4.96246e-06
3189.00 5.08261e-06
3190.00 5.20469e-06
3191.00 5.32873e-06
3192.00 5.45476e-06
3193.00 5.58279e-06
3194.00 5.71286e-06
3195.00 5.84501e-06
3196.00 5.97926e-06
3197.00 6.11565e-06
3198.00 6.25422e-06
3199.00 6.39501e-06
3200.00 6.53808e-06
3201.00 6.68346e-06
3202.00 6.83114e-06
3203.00 6.98111e-06
3204.00 7.13337e-06
3205.00 7.28789e-06
3206.00 7.44467e-06
3207.00 7.60372e-06
3208.00 7.76501e-06
3209.00 7.92855e-06
3210.00 8.09435e-06
3211.00 8.2624e-06
3212.00 8.4327e-06
3213.00 8.60526e-06
3214.00 8.78009e-06
3215.00 8.9572e-06
3216.00 9.1366e-06
3217.00 9.31831e-06
3218.00 9.50233e-06
3219.00 9.68869e-06
3220.00 9.8774e-06
3221.00 1.00685e-05
3222.00 1.02619e-05
3223.00 1.04576e-05
3224.00 1.06557e-05
3225.00 1.08559e-05
3226.00 1.10584e-05
3227.00 1.12631e-05
3228.00 1.147e-05
3229.00 1.1679e-05
3230.00 1.18901e-05
3231.00 1.21033e-05
3232.00 1.23186e-05
3233.00 1.25359e-05
3234.00 1.27553e-05
3235.00 1.29766e-05
3236.00 1.31999e-05
3237.00 1.34251e-05
3238.00 1.36523e-05
3239.00 1.38813e-05
3240.00 1.41122e-05
3241.00 1.43449e-05
3242.00 1.45795e-05
3243.00 1.4816e-05
3244.00 1.50544e-05
3245.00 1.52948e-05
3246.00 1.55372e-05
3247.00 1.57816e-05
3248.00 1.60281e-05
3249.00 1.62767e-05
3250.00 1.65275e-05
3251.00 1.67804e-05
3252.00 1.70356e-05
3253.00 1.72931e-05
3254.00 1.75528e-05
3255.00 1.7815e-05
3256.00 1.80795e-05
3257.00 1.83465e-05
3258.00 1.86161e-05
3259.00 1.88882e-05
3260.00 1.91629e-05
3261.00 1.94403e-05
3262.00 1.97204e-05
3263.00 2.0003e-05
3264.00 2.02883e-05
3265.00 2.05761e-05
3266.00 2.08664e-05
3267.00 2.11592e-05
3268.00 2.14545e-05
3269.00 2.17523e-05
3270.00 2.20524e-05
3271.00 2.23549e-05
3272.00 2.26598e-05
3273.00 2.2967e-05
3274.00 2.32765e-05
3275.00 2.35882e-05
3276.00 2.39021e-05
3277.00 2.42183e-05
3278.00 2.45366e-05
3279.00 2.4857e-05
3280.00 2.51795e-05
3281.00 2.55041e-05
3282.00 2.58308e-05
3283.00 2.61594e-05
3284.00 2.64901e-05
3285.00 2.68227e-05
3286.00 2.71574e-05
3287.00 2.7494e-05
3288.00 2.78325e-05
3289.00 2.81729e-05
3290.00 2.85152e-05
3291.00 2.88594e-05
3292.00 2.92054e-05
3293.00 2.95532e-05
3294.00 2.99028e-05
3295.00 3.02541e-05
3296.00 3.06071e-05
3297.00 3.09618e-05
3298.00 3.13181e-05
3299.00 3.1676e-05
3300.00 3.20355e-05
3301.00 3.23965e-05
3302.00 3.2759e-05
3303.00 3.3123e-05
3304.00 3.34886e-05
3305.00 3.38558e-05
3306.00 3.42246e-05
3307.00 3.4595e-05
3308.00 3.49671e-05
3309.00 3.53407e-05
3310.00 3.57161e-05
3311.00 3.6093e-05
3312.00 3.64717e-05
3313.00 3.6852e-05
3314.00 3.7234e-05
3315.00 3.76177e-05
3316.00 3.80031e-05
3317.00 3.83902e-05
3318.00 3.87789e-05
3319.00 3.91694e-05
3320.00 3.95615e-05
3321.00 3.99553e-05
3322.00 4.03507e-05
3323.00 4.07479e-05
3324.00 4.11468e-05
3325.00 4.15475e-05
3326.00 4.19498e-05
3327.00 4.2354e-05
3328.00 4.27599e-05
3329.00 4.31675e-05
3330.00 4.3577e-05
3331.00 4.39882e-05
3332.00 4.44012e-05
3333.00 4.4816e-05
3334.00 4.52326e-05
3335.00 4.5651e-05
3336.00 4.60712e-05
3337.00 4.64931e-05
3338.00 4.69169e-05
3339.00 4.73425e-05
3340.00 4.77698e-05
3341.00 4.81989e-05
3342.00 4.86297e-05
3343.00 4.90621e-05
3344.00 4.94962e-05
3345.00 4.99318e-05
3346.00 5.03689e-05
3347.00 5.08075e-05
3348.00 5.12473e-05
3349.00 5.16885e-05
3350.00 5.21308e-05
3351.00 5.25743e-05
3352.00 5.30188e-05
3353.00 5.34642e-05
3354.00 5.39106e-05
3355.00 5.43576e-05
3356.00 5.48054e-05
3357.00 5.52536e-05
3358.00 5.57024e-05
3359.00 5.61514e-05
3360.00 5.66006e-05
3361.00 5.705e-05
3362.00 5.74995e-05
3363.00 5.79492e-05
3364.00 5.83994e-05
3365.00 5.88501e-05
3366.00 5.93013e-05
3367.00 5.97532e-05
3368.00 6.0206e-05
3369.00 6.06595e-05
3370.00 6.11141e-05
3371.00 6.15697e-05
3372.00 6.20265e-05
3373.00 6.24845e-05
3374.00 6.29439e-05
3375.00 6.34046e-05
3376.00 6.38669e-05
3377.00 6.43308e-05
3378.00 6.47963e-05
3379.00 6.52637e-05
3380.00 6.57328e-05
3381.00 6.6204e-05
3382.00 6.6677e-05
3383.00 6.71519e-05
3384.00 6.76287e-05
3385.00 6.81072e-05
3386.00 6.85876e-05
3387.00 6.90697e-05
3388.00 6.95534e-05
3389.00 7.00388e-05
3390.00 7.05259e-05
3391.00 7.10144e-05
3392.00 7.15045e-05
3393.00 7.19961e-05
3394.00 7.24891e-05
3395.00 7.29834e-05
3396.00 7.3479e-05
3397.00 7.39759e-05
3398.00 7.44739e-05
3399.00 7.49731e-05
3400.00 7.54732e-05
3401.00 7.59744e-05
3402.00 7.64765e-05
3403.00 7.69795e-05
3404.00 7.74833e-05
3405.00 7.7988e-05
3406.00 7.84934e-05
3407.00 7.89995e-05
3408.00 7.95063e-05
3409.00 8.00137e-05
3410.00 8.05216e-05
3411.00 8.10299e-05
3412.00 8.15387e-05
3413.00 8.20477e-05
3414.00 8.2557e-05
3415.00 8.30664e-05
3416.00 8.35759e-05
3417.00 8.40852e-05
3418.00 8.45944e-05
3419.00 8.51034e-05
3420.00 8.56119e-05
3421.00 8.612e-05
3422.00 8.66277e-05
3423.00 8.71352e-05
3424.00 8.76427e-05
3425.00 8.81504e-05
3426.00 8.86584e-05
3427.00 8.91668e-05
3428.00 8.96759e-05
3429.00 9.01859e-05
3430.00 9.06967e-05
3431.00 9.12088e-05
3432.00 9.17221e-05
3433.00 9.22368e-05
3434.00 9.27532e-05
3435.00 9.32714e-05
3436.00 9.37915e-05
3437.00 9.43138e-05
3438.00 9.48383e-05
3439.00 9.53654e-05
3440.00 9.58951e-05
3441.00 9.64276e-05
3442.00 9.69627e-05
3443.00 9.75004e-05
3444.00 9.80404e-05
3445.00 9.85825e-05
3446.00 9.91266e-05
3447.00 9.96724e-05
3448.00 0.00010022
3449.00 0.000100769
3450.00 0.000101319
3451.00 0.00010187
3452.00 0.000102422
3453.00 0.000102975
3454.00 0.000103528
3455.00 0.000104081
3456.00 0.000104634
3457.00 0.000105187
3458.00 0.00010574
3459.00 0.000106291
3460.00 0.000106842
3461.00 0.000107392
3462.00 0.00010794
3463.00 0.000108488
3464.00 0.000109034
3465.00 0.00010958
3466.00 0.000110125
3467.00 0.00011067
3468.00 0.000111214
3469.00 0.000111758
3470.00 0.000112301
3471.00 0.000112845
3472.00 0.000113388
3473.00 0.000113931
3474.00 0.000114474
3475.00 0.000115018
3476.00 0.000115561
3477.00 0.000116105
3478.00 0.000116649
3479.00 0.000117193
3480.00 0.000117738
3481.00 0.000118284
3482.00 0.00011883
3483.00 0.000119377
3484.00 0.000119924
3485.00 0.000120472
3486.00 0.000121021
3487.00 0.000121571
3488.00 0.000122122
3489.00 0.000122674
3490.00 0.000123227
3491.00 0.000123781
3492.00 0.000124337
3493.00 0.000124894
3494.00 0.000125452
3495.00 0.000126011
3496.00 0.000126572
3497.00 0.000127135
3498.00 0.000127699
3499.00 0.000128265
3500.00 0.000128832
3501.00 0.000129401
3502.00 0.000129972
3503.00 0.000130544
3504.00 0.000131117
3505.00 0.000131692
3506.00 0.000132268
3507.00 0.000132845
3508.00 0.000133423
3509.00 0.000134002
3510.00 0.000134581
3511.00 0.000135161
3512.00 0.00013574
3513.00 0.00013632
3514.00 0.0001369
3515.00 0.00013748
3516.00 0.00013806
3517.00 0.000138638
3518.00 0.000139217
3519.00 0.000139794
3520.00 0.00014037
3521.00 0.000140944
3522.00 0.000141518
3523.00 0.00014209
3524.00 0.000142661
3525.00 0.000143232
3526.00 0.000143802
3527.00 0.000144371
3528.00 0.000144939
3529.00 0.000145507
3530.00 0.000146075
3531.00 0.000146643
3532.00 0.000147211
3533.00 0.000147778
3534.00 0.000148346
3535.00 0.000148913
3536.00 0.000149482
3537.00 0.00015005
3538.00 0.000150619
3539.00 0.000151188
3540.00 0.000151758
3541.00 0.000152329
3542.00 0.0001529
3543.00 0.000153472
3544.00 0.000154045
3545.00 0.000154618
3546.00 0.000155193
3547.00 0.000155768
3548.00 0.000156344
3549.00 0.00015692
3550.00 0.000157498
3551.00 0.000158076
3552.00 0.000158656
3553.00 0.000159236
3554.00 0.000159817
3555.00 0.000160398
3556.00 0.000160981
3557.00 0.000161565
3558.00 0.000162149
3559.00 0.000162734
3560.00 0.000163321
3561.00 0.000163908
3562.00 0.000164495
3563.00 0.000165084
3564.00 0.000165673
3565.00 0.000166263
3566.00 0.000166853
3567.00 0.000167444
3568.00 0.000168034
3569.00 0.000168625
3570.00 0.000169216
3571.00 0.000169807
3572.00 0.000170398
3573.00 0.000170988
3574.00 0.000171578
3575.00 0.000172167
3576.00 0.000172756
3577.00 0.000173344
3578.00 0.00017393
3579.00 0.000174516
3580.00 0.0001751
3581.00 0.000175683
3582.00 0.000176264
3583.00 0.000176844
3584.00 0.000177423
3585.00 0.000178
3586.00 0.000178576
3587.00 0.000179151
3588.00 0.000179724
3589.00 0.000180297
3590.00 0.000180868
3591.00 0.000181437
3592.00 0.000182006
3593.00 0.000182573
3594.00 0.00018314
3595.00 0.000183704
3596.00 0.000184268
3597.00 0.00018483
3598.00 0.000185391
3599.00 0.00018595
3600.00 0.000186508
3601.00 0.000187065
3602.00 0.00018762
3603.00 0.000188174
3604.00 0.000188728
3605.00 0.000189281
3606.00 0.000189833
3607.00 0.000190385
3608.00 0.000190938
3609.00 0.000191491
3610.00 0.000192044
3611.00 0.000192599
3612.00 0.000193154
3613.00 0.000193711
3614.00 0.000194269
3615.00 0.000194829
3616.00 0.000195391
3617.00 0.000195956
3618.00 0.000196522
3619.00 0.000197092
3620.00 0.000197665
3621.00 0.000198241
3622.00 0.00019882
3623.00 0.000199402
3624.00 0.000199986
3625.00 0.000200572
3626.00 0.00020116
3627.00 0.000201749
3628.00 0.000202338
3629.00 0.000202929
3630.00 0.000203519
3631.00 0.000204109
3632.00 0.000204698
3633.00 0.000205286
3634.00 0.000205873
3635.00 0.000206458
3636.00 0.00020704
3637.00 0.00020762
3638.00 0.000208197
3639.00 0.00020877
3640.00 0.000209338
3641.00 0.000209902
3642.00 0.000210462
3643.00 0.000211017
3644.00 0.000211569
3645.00 0.000212117
3646.00 0.000212661
3647.00 0.000213203
3648.00 0.000213741
3649.00 0.000214276
3650.00 0.000214809
3651.00 0.000215339
3652.00 0.000215867
3653.00 0.000216393
3654.00 0.000216916
3655.00 0.000217439
3656.00 0.000217959
3657.00 0.000218478
3658.00 0.000218995
3659.00 0.000219512
3660.00 0.000220027
3661.00 0.000220541
3662.00 0.000221055
3663.00 0.000221568
3664.00 0.000222081
3665.00 0.000222593
3666.00 0.000223106
3667.00 0.000223619
3668.00 0.000224132
3669.00 0.000224646
3670.00 0.000225161
3671.00 0.000225677
3672.00 0.000226193
3673.00 0.000226712
3674.00 0.000227232
3675.00 0.000227754
3676.00 0.000228277
3677.00 0.000228803
3678.00 0.000229332
3679.00 0.000229863
3680.00 0.000230398
3681.00 0.000230935
3682.00 0.000231475
3683.00 0.000232016
3684.00 0.000232559
3685.00 0.000233103
3686.00 0.000233647
3687.00 0.00023419
3688.00 0.000234732
3689.00 0.000235272
3690.00 0.000235809
3691.00 0.000236342
3692.00 0.000236872
3693.00 0.000237397
3694.00 0.000237916
3695.00 0.000238429
3696.00 0.000238935
3697.00 0.000239432
3698.00 0.000239921
3699.00 0.0002404
3700.00 0.000240869
3701.00 0.000241326
3702.00 0.000241772
3703.00 0.000242209
3704.00 0.000242636
3705.00 0.000243055
3706.00 0.000243466
3707.00 0.00024387
3708.00 0.000244268
3709.00 0.00024466
3710.00 0.000245048
3711.00 0.000245432
3712.00 0.000245812
3713.00 0.00024619
3714.00 0.000246565
3715.00 0.00024694
3716.00 0.000247314
3717.00 0.000247688
3718.00 0.000248063
3719.00 0.00024844
3720.00 0.00024882
3721.00 0.000249202
3722.00 0.000249587
3723.00 0.000249974
3724.00 0.000250362
3725.00 0.000250752
3726.00 0.000251143
3727.00 0.000251533
3728.00 0.000251923
3729.00 0.000252312
3730.00 0.0002527
3731.00 0.000253085
3732.00 0.000253468
3733.00 0.000253848
3734.00 0.000254224
3735.00 0.000254596
3736.00 0.000254963
3737.00 0.000255325
3738.00 0.00025568
3739.00 0.000256028
3740.00 0.000256369
3741.00 0.000256703
3742.00 0.000257028
3743.00 0.000257345
3744.00 0.000257654
3745.00 0.000257955
3746.00 0.000258249
3747.00 0.000258536
3748.00 0.000258814
3749.00 0.000259085
3750.00 0.000259348
3751.00 0.000259604
3752.00 0.000259852
3753.00 0.000260092
3754.00 0.000260324
3755.00 0.000260548
3756.00 0.000260765
3757.00 0.000260973
3758.00 0.000261173
3759.00 0.000261364
3760.00 0.000261546
3761.00 0.00026172
3762.00 0.000261885
3763.00 0.000262042
3764.00 0.000262191
3765.00 0.000262332
3766.00 0.000262465
3767.00 0.000262591
3768.00 0.00026271
3769.00 0.000262821
3770.00 0.000262926
3771.00 0.000263024
3772.00 0.000263116
3773.00 0.000263201
3774.00 0.00026328
3775.00 0.000263353
3776.00 0.000263419
3777.00 0.00026348
3778.00 0.000263535
3779.00 0.000263584
3780.00 0.000263628
3781.00 0.000263666
3782.00 0.000263698
3783.00 0.000263724
3784.00 0.000263745
3785.00 0.000263758
3786.00 0.000263766
3787.00 0.000263767
3788.00 0.000263761
3789.00 0.000263748
3790.00 0.000263727
3791.00 0.000263699
3792.00 0.000263663
3793.00 0.000263619
3794.00 0.000263566
3795.00 0.000263505
3796.00 0.000263434
3797.00 0.000263354
3798.00 0.000263264
3799.00 0.000263164
3800.00 0.000263053
3801.00 0.00026293
3802.00 0.000262797
3803.00 0.000262652
3804.00 0.000262496
3805.00 0.000262329
3806.00 0.00026215
3807.00 0.000261959
3808.00 0.000261756
3809.00 0.000261542
3810.00 0.000261314
3811.00 0.000261075
3812.00 0.000260822
3813.00 0.000260556
3814.00 0.000260277
3815.00 0.000259984
3816.00 0.000259676
3817.00 0.000259354
3818.00 0.000259017
3819.00 0.000258664
3820.00 0.000258296
3821.00 0.00025791
3822.00 0.000257509
3823.00 0.000257093
3824.00 0.000256663
3825.00 0.000256218
3826.00 0.000255761
3827.00 0.000255292
3828.00 0.000254811
3829.00 0.000254319
3830.00 0.000253816
3831.00 0.000253304
3832.00 0.000252783
3833.00 0.000252253
3834.00 0.000251715
3835.00 0.00025117
3836.00 0.000250618
3837.00 0.00025006
3838.00 0.000249496
3839.00 0.000248927
3840.00 0.000248354
3841.00 0.000247776
3842.00 0.000247194
3843.00 0.000246607
3844.00 0.000246015
3845.00 0.000245417
3846.00 0.000244812
3847.00 0.0002442
3848.00 0.00024358
3849.00 0.000242952
3850.00 0.000242315
3851.00 0.000241669
3852.00 0.000241013
3853.00 0.000240347
3854.00 0.000239669
3855.00 0.000238979
3856.00 0.000238277
3857.00 0.000237561
3858.00 0.000236831
3859.00 0.000236086
3860.00 0.000235325
3861.00 0.000234548
3862.00 0.000233755
3863.00 0.000232945
3864.00 0.000232121
3865.00 0.000231281
3866.00 0.000230426
3867.00 0.000229556
3868.00 0.000228672
3869.00 0.000227774
3870.00 0.000226862
3871.00 0.000225936
3872.00 0.000224996
3873.00 0.000224042
3874.00 0.000223074
3875.00 0.000222094
3876.00 0.000221099
3877.00 0.000220092
3878.00 0.00021907
3879.00 0.000218036
3880.00 0.000216988
3881.00 0.000215926
3882.00 0.000214852
3883.00 0.000213765
3884.00 0.000212667
3885.00 0.000211558
3886.00 0.000210438
3887.00 0.000209309
3888.00 0.00020817
3889.00 0.000207023
3890.00 0.000205868
3891.00 0.000204705
3892.00 0.000203535
3893.00 0.000202359
3894.00 0.000201178
3895.00 0.000199991
3896.00 0.000198799
3897.00 0.000197603
3898.00 0.000196404
3899.00 0.000195202
3900.00 0.000193998
3901.00 0.000192791
3902.00 0.000191583
3903.00 0.000190372
3904.00 0.000189159
3905.00 0.000187943
3906.00 0.000186724
3907.00 0.000185501
3908.00 0.000184275
3909.00 0.000183045
3910.00 0.000181811
3911.00 0.000180573
3912.00 0.00017933
3913.00 0.000178082
3914.00 0.000176829
3915.00 0.000175571
3916.00 0.000174307
3917.00 0.000173037
3918.00 0.000171761
3919.00 0.000170478
3920.00 0.000169189
3921.00 0.000167892
3922.00 0.000166589
3923.00 0.000165279
3924.00 0.000163963
3925.00 0.000162641
3926.00 0.000161314
3927.00 0.000159981
3928.00 0.000158643
3929.00 0.0001573
3930.00 0.000155952
3931.00 0.000154601
3932.00 0.000153245
3933.00 0.000151885
3934.00 0.000150522
3935.00 0.000149156
3936.00 0.000147787
3937.00 0.000146415
3938.00 0.000145041
3939.00 0.000143665
3940.00 0.000142287
3941.00 0.000140908
3942.00 0.000139528
3943.00 0.000138148
3944.00 0.000136767
3945.00 0.000135387
3946.00 0.000134007
3947.00 0.000132629
3948.00 0.000131253
3949.00 0.000129879
3950.00 0.000128508
3951.00 0.000127141
3952.00 0.000125777
3953.00 0.000124418
3954.00 0.000123064
3955.00 0.000121716
3956.00 0.000120375
3957.00 0.000119041
3958.00 0.000117715
3959.00 0.000116397
3960.00 0.000115089
3961.00 0.000113792
3962.00 0.000112504
3963.00 0.000111225
3964.00 0.000109954
3965.00 0.000108692
3966.00 0.000107437
3967.00 0.000106189
3968.00 0.000104948
3969.00 0.000103713
3970.00 0.000102483
3971.00 0.000101259
3972.00 0.000100039
3973.00 9.88237e-05
3974.00 9.76126e-05
3975.00 9.64053e-05
3976.00 9.52014e-05
3977.00 9.40006e-05
3978.00 9.28026e-05
3979.00 9.16071e-05
3980.00 9.04139e-05
3981.00 8.92229e-05
3982.00 8.80342e-05
3983.00 8.68482e-05
3984.00 8.56654e-05
3985.00 8.44861e-05
3986.00 8.33107e-05
3987.00 8.21398e-05
3988.00 8.09737e-05
3989.00 7.98129e-05
3990.00 7.86579e-05
3991.00 7.75094e-05
3992.00 7.63677e-05
3993.00 7.52335e-05
3994.00 7.41074e-05
3995.00 7.299e-05
3996.00 7.1882e-05
3997.00 7.0784e-05
3998.00 6.96968e-05
3999.00 6.86212e-05
4000.00 6.7558e-05
4001.00 6.6594e-05
4002.00 6.55539e-05
4003.00 6.45262e-05
4004.00 6.35105e-05
4005.00 6.25064e-05
4006.00 6.15136e-05
4007.00 6.0532e-05
4008.00 5.95611e-05
4009.00 5.86008e-05
4010.00 5.7651e-05
4011.00 5.67114e-05
4012.00 5.57819e-05
4013.00 5.48625e-05
4014.00 5.39531e-05
4015.00 5.30535e-05
4016.00 5.21639e-05
4017.00 5.12842e-05
4018.00 5.04146e-05
4019.00 4.95549e-05
4020.00 4.87055e-05
4021.00 4.78663e-05
4022.00 4.70371e-05
4023.00 4.62178e-05
4024.00 4.54081e-05
4025.00 4.46079e-05
4026.00 4.3817e-05
4027.00 4.30353e-05
4028.00 4.22627e-05
4029.00 4.14992e-05
4030.00 4.07447e-05
4031.00 3.99992e-05
4032.00 3.92627e-05
4033.00 3.85353e-05
4034.00 3.78169e-05
4035.00 3.71078e-05
4036.00 3.6408e-05
4037.00 3.57177e-05
4038.00 3.5037e-05
4039.00 3.43661e-05
4040.00 3.37053e-05
4041.00 3.30547e-05
4042.00 3.24141e-05
4043.00 3.17833e-05
4044.00 3.11619e-05
4045.00 3.05499e-05
4046.00 2.9947e-05
4047.00 2.93531e-05
4048.00 2.8768e-05
4049.00 2.81916e-05
4050.00 2.76238e-05
4051.00 2.70646e-05
4052.00 2.65139e-05
4053.00 2.59717e-05
4054.00 2.54381e-05
4055.00 2.49129e-05
4056.00 2.43963e-05
4057.00 2.38884e-05
4058.00 2.33893e-05
4059.00 2.2899e-05
4060.00 2.24177e-05
4061.00 2.19456e-05
4062.00 2.14823e-05
4063.00 2.10276e-05
4064.00 2.05812e-05
4065.00 2.01429e-05
4066.00 1.97124e-05
4067.00 1.92895e-05
4068.00 1.88741e-05
4069.00 1.8466e-05
4070.00 1.8065e-05
4071.00 1.7671e-05
4072.00 1.72839e-05
4073.00 1.69036e-05
4074.00 1.653e-05
4075.00 1.6163e-05
4076.00 1.58027e-05
4077.00 1.54489e-05
4078.00 1.51017e-05
4079.00 1.47611e-05
4080.00 1.44271e-05
4081.00 1.40998e-05
4082.00 1.37788e-05
4083.00 1.34641e-05
4084.00 1.31554e-05
4085.00 1.28526e-05
4086.00 1.25555e-05
4087.00 1.22638e-05
4088.00 1.19776e-05
4089.00 1.16967e-05
4090.00 1.14209e-05
4091.00 1.11502e-05
4092.00 1.08845e-05
4093.00 1.06237e-05
4094.00 1.03678e-05
4095.00 1.01167e-05
4096.00 9.87036e-06
4097.00 9.62882e-06
4098.00 9.39205e-06
4099.00 9.16004e-06
4100.00 8.93283e-06
4101.00 8.71039e-06
4102.00 8.49263e-06
4103.00 8.2794e-06
4104.00 8.07058e-06
4105.00 7.86605e-06
4106.00 7.66571e-06
4107.00 7.46946e-06
4108.00 7.27723e-06
4109.00 7.08894e-06
4110.00 6.90453e-06
4111.00 6.72395e-06
4112.00 6.54715e-06
4113.00 6.37411e-06
4114.00 6.2048e-06
4115.00 6.0392e-06
4116.00 5.87731e-06
4117.00 5.71914e-06
4118.00 5.56471e-06
4119.00 5.41402e-06
4120.00 5.26713e-06
4121.00 5.12404e-06
4122.00 4.98465e-06
4123.00 4.84883e-06
4124.00 4.71646e-06
4125.00 4.58744e-06
4126.00 4.46166e-06
4127.00 4.33903e-06
4128.00 4.21947e-06
4129.00 4.10291e-06
4130.00 3.98926e-06
4131.00 3.87847e-06
4132.00 3.77049e-06
4133.00 3.66527e-06
4134.00 3.56276e-06
4135.00 3.46294e-06
4136.00 3.36577e-06
4137.00 3.27123e-06
4138.00 3.17932e-06
4139.00 3.09002e-06
4140.00 3.00334e-06
4141.00 2.91926e-06
4142.00 2.83768e-06
4143.00 2.75851e-06
4144.00 2.68164e-06
4145.00 2.60697e-06
4146.00 2.53443e-06
4147.00 2.46392e-06
4148.00 2.39536e-06
4149.00 2.32869e-06
4150.00 2.26383e-06
4151.00 2.20072e-06
4152.00 2.13929e-06
4153.00 2.0795e-06
4154.00 2.02129e-06
4155.00 1.96462e-06
4156.00 1.90943e-06
4157.00 1.85569e-06
4158.00 1.80336e-06
4159.00 1.75242e-06
4160.00 1.70282e-06
4161.00 1.65454e-06
4162.00 1.60754e-06
4163.00 1.56178e-06
4164.00 1.51722e-06
4165.00 1.47383e-06
4166.00 1.43158e-06
4167.00 1.39044e-06
4168.00 1.35038e-06
4169.00 1.31139e-06
4170.00 1.27343e-06
4171.00 1.2365e-06
4172.00 1.20058e-06
4173.00 1.16566e-06
4174.00 1.13172e-06
4175.00 1.09877e-06
4176.00 1.06679e-06
4177.00 1.03578e-06
4178.00 1.00575e-06
4179.00 9.76692e-07
4180.00 9.48615e-07
4181.00 9.21515e-07
4182.00 8.95353e-07
4183.00 8.70078e-07
4184.00 8.45644e-07
4185.00 8.22007e-07
4186.00 7.99125e-07
4187.00 7.76955e-07
4188.00 7.5546e-07
4189.00 7.34603e-07
4190.00 7.14346e-07
4191.00 6.94657e-07
4192.00 6.75503e-07
4193.00 6.56851e-07
4194.00 6.38672e-07
4195.00 6.20937e-07
4196.00 6.03619e-07
4197.00 5.86688e-07
4198.00 5.70122e-07
4199.00 5.53893e-07
4200.00 5.37978e-07
4201.00 5.22357e-07
4202.00 5.07028e-07
4203.00 4.91993e-07
4204.00 4.77253e-07
4205.00 4.62812e-07
4206.00 4.48674e-07
4207.00 4.34844e-07
4208.00 4.21327e-07
4209.00 4.0813e-07
4210.00 3.9526e-07
4211.00 3.82724e-07
4212.00 3.70532e-07
4213.00 3.58693e-07
4214.00 3.47218e-07
4215.00 3.36118e-07
4216.00 3.25405e-07
4217.00 3.15094e-07
4218.00 3.05197e-07
4219.00 2.95731e-07
4220.00 2.86713e-07
4221.00 2.78151e-07
4222.00 2.70023e-07
4223.00 2.623e-07
4224.00 2.54953e-07
4225.00 2.47955e-07
4226.00 2.4128e-07
4227.00 2.34901e-07
4228.00 2.28793e-07
4229.00 2.22933e-07
4230.00 2.17296e-07
4231.00 2.11859e-07
4232.00 2.06599e-07
4233.00 2.01495e-07
4234.00 1.96523e-07
4235.00 1.91663e-07
4236.00 1.86894e-07
4237.00 1.82193e-07
4238.00 1.77541e-07
4239.00 1.72917e-07
4240.00 1.68299e-07
4241.00 1.63672e-07
4242.00 1.59042e-07
4243.00 1.54417e-07
4244.00 1.49808e-07
4245.00 1.45224e-07
4246.00 1.40675e-07
4247.00 1.36172e-07
4248.00 1.31724e-07
4249.00 1.27343e-07
4250.00 1.23037e-07
4251.00 1.18818e-07
4252.00 1.14697e-07
4253.00 1.10685e-07
4254.00 1.06793e-07
4255.00 1.03032e-07
4256.00 9.94158e-08
4257.00 9.59554e-08
4258.00 9.26638e-08
4259.00 8.95542e-08
4260.00 8.66402e-08
4261.00 8.39305e-08
4262.00 8.14126e-08
4263.00 7.90689e-08
4264.00 7.68823e-08
4265.00 7.48362e-08
4266.00 7.29143e-08
4267.00 7.11005e-08
4268.00 6.93791e-08
4269.00 6.77346e-08
4270.00 6.61517e-08
4271.00 6.46152e-08
4272.00 6.311e-08
4273.00 6.16212e-08
4274.00 6.01338e-08
4275.00 5.8633e-08
4276.00 5.71038e-08
4277.00 5.55311e-08
4278.00 5.38999e-08
4279.00 5.21948e-08
4280.00 5.04004e-08
4281.00 4.85048e-08
4282.00 4.65107e-08
4283.00 4.44244e-08
4284.00 0
