# -nan
5415.0000 0
5416.0000 5.56721e-09
5417.0000 1.04692e-08
5418.0000 1.46576e-08
5419.0000 1.80555e-08
5420.0000 2.05543e-08
5421.0000 2.20894e-08
5422.0000 2.28781e-08
5423.0000 2.31873e-08
5424.0000 2.32644e-08
5425.0000 2.33474e-08
5426.0000 2.3623e-08
5427.0000 2.40786e-08
5428.0000 2.46575e-08
5429.0000 2.53082e-08
5430.0000 2.59819e-08
5431.0000 2.66407e-08
5432.0000 2.72863e-08
5433.0000 2.79296e-08
5434.0000 2.85818e-08
5435.0000 2.92541e-08
5436.0000 2.99561e-08
5437.0000 3.06881e-08
5438.0000 3.14493e-08
5439.0000 3.22398e-08
5440.0000 3.30611e-08
5441.0000 3.39153e-08
5442.0000 3.48038e-08
5443.0000 3.57291e-08
5444.0000 3.66949e-08
5445.0000 3.77067e-08
5446.0000 3.87679e-08
5447.0000 3.98682e-08
5448.0000 4.09949e-08
5449.0000 4.21367e-08
5450.0000 4.32825e-08
5451.0000 4.44267e-08
5452.0000 4.55923e-08
5453.0000 4.68084e-08
5454.0000 4.8106e-08
5455.0000 4.95192e-08
5456.0000 5.10736e-08
5457.0000 5.27464e-08
5458.0000 5.45063e-08
5459.0000 5.63253e-08
5460.0000 5.8178e-08
5461.0000 6.00475e-08
5462.0000 6.1945e-08
5463.0000 6.38899e-08
5464.0000 6.59036e-08
5465.0000 6.80101e-08
5466.0000 7.02301e-08
5467.0000 7.25595e-08
5468.0000 7.49915e-08
5469.0000 7.75234e-08
5470.0000 8.01566e-08
5471.0000 8.28962e-08
5472.0000 8.57501e-08
5473.0000 8.87305e-08
5474.0000 9.18549e-08
5475.0000 9.51463e-08
5476.0000 9.86222e-08
5477.0000 1.02257e-07
5478.0000 1.06021e-07
5479.0000 1.09886e-07
5480.0000 1.13832e-07
5481.0000 1.17851e-07
5482.0000 1.21985e-07
5483.0000 1.26291e-07
5484.0000 1.30834e-07
5485.0000 1.35688e-07
5486.0000 1.40913e-07
5487.0000 1.46482e-07
5488.0000 1.52358e-07
5489.0000 1.58514e-07
5490.0000 1.64936e-07
5491.0000 1.71617e-07
5492.0000 1.78544e-07
5493.0000 1.85713e-07
5494.0000 1.9313e-07
5495.0000 2.00808e-07
5496.0000 2.08775e-07
5497.0000 2.17076e-07
5498.0000 2.25769e-07
5499.0000 2.34928e-07
5500.0000 2.44648e-07
5501.0000 2.55007e-07
5502.0000 2.65947e-07
5503.0000 2.77395e-07
5504.0000 2.89302e-07
5505.0000 3.01633e-07
5506.0000 3.14381e-07
5507.0000 3.27589e-07
5508.0000 3.41323e-07
5509.0000 3.55675e-07
5510.0000 3.70759e-07
5511.0000 3.86682e-07
5512.0000 4.03445e-07
5513.0000 4.21046e-07
5514.0000 4.39516e-07
5515.0000 4.58922e-07
5516.0000 4.79333e-07
5517.0000 5.00721e-07
5518.0000 5.23058e-07
5519.0000 5.46359e-07
5520.0000 5.70675e-07
5521.0000 5.96073e-07
5522.0000 6.22555e-07
5523.0000 6.50142e-07
5524.0000 6.78898e-07
5525.0000 7.08935e-07
5526.0000 7.40386e-07
5527.0000 7.73311e-07
5528.0000 8.07799e-07
5529.0000 8.44e-07
5530.0000 8.82136e-07
5531.0000 9.224e-07
5532.0000 9.64644e-07
5533.0000 1.0087e-06
5534.0000 1.05446e-06
5535.0000 1.10189e-06
5536.0000 1.15107e-06
5537.0000 1.20222e-06
5538.0000 1.25567e-06
5539.0000 1.31184e-06
5540.0000 1.37126e-06
5541.0000 1.43437e-06
5542.0000 1.50074e-06
5543.0000 1.56987e-06
5544.0000 1.64135e-06
5545.0000 1.71487e-06
5546.0000 1.79038e-06
5547.0000 1.86864e-06
5548.0000 1.95068e-06
5549.0000 2.03769e-06
5550.0000 2.13107e-06
5551.0000 2.23186e-06
5552.0000 2.33911e-06
5553.0000 2.45154e-06
5554.0000 2.56806e-06
5555.0000 2.68778e-06
5556.0000 2.81007e-06
5557.0000 2.93501e-06
5558.0000 3.06295e-06
5559.0000 3.19437e-06
5560.0000 3.32986e-06
5561.0000 3.47011e-06
5562.0000 3.61552e-06
5563.0000 3.76663e-06
5564.0000 3.92419e-06
5565.0000 4.08921e-06
5566.0000 4.26251e-06
5567.0000 4.44332e-06
5568.0000 4.63068e-06
5569.0000 4.82387e-06
5570.0000 5.02245e-06
5571.0000 5.22623e-06
5572.0000 5.43554e-06
5573.0000 5.65096e-06
5574.0000 5.87336e-06
5575.0000 6.10385e-06
5576.0000 6.34356e-06
5577.0000 6.59259e-06
5578.0000 6.85108e-06
5579.0000 7.11954e-06
5580.0000 7.39889e-06
5581.0000 7.68995e-06
5582.0000 7.99173e-06
5583.0000 8.30312e-06
5584.0000 8.62341e-06
5585.0000 8.95225e-06
5586.0000 9.28958e-06
5587.0000 9.63541e-06
5588.0000 9.99006e-06
5589.0000 1.03542e-05
5590.0000 1.07289e-05
5591.0000 1.11151e-05
5592.0000 1.1512e-05
5593.0000 1.1919e-05
5594.0000 1.23356e-05
5595.0000 1.27619e-05
5596.0000 1.31982e-05
5597.0000 1.36449e-05
5598.0000 1.41027e-05
5599.0000 1.45729e-05
5600.0000 1.50572e-05
5601.0000 1.55568e-05
5602.0000 1.60707e-05
5603.0000 1.65975e-05
5604.0000 1.71362e-05
5605.0000 1.76866e-05
5606.0000 1.82485e-05
5607.0000 1.88219e-05
5608.0000 1.94073e-05
5609.0000 2.00056e-05
5610.0000 2.06183e-05
5611.0000 2.12463e-05
5612.0000 2.1888e-05
5613.0000 2.25412e-05
5614.0000 2.32042e-05
5615.0000 2.38759e-05
5616.0000 2.45555e-05
5617.0000 2.5244e-05
5618.0000 2.59431e-05
5619.0000 2.66547e-05
5620.0000 2.73814e-05
5621.0000 2.8125e-05
5622.0000 2.88831e-05
5623.0000 2.96525e-05
5624.0000 3.04304e-05
5625.0000 3.12147e-05
5626.0000 3.2004e-05
5627.0000 3.28002e-05
5628.0000 3.36062e-05
5629.0000 3.44256e-05
5630.0000 3.52622e-05
5631.0000 3.61188e-05
5632.0000 3.69915e-05
5633.0000 3.78752e-05
5634.0000 3.87653e-05
5635.0000 3.96575e-05
5636.0000 4.05487e-05
5637.0000 4.14407e-05
5638.0000 4.23365e-05
5639.0000 4.32394e-05
5640.0000 4.41526e-05
5641.0000 4.50793e-05
5642.0000 4.60187e-05
5643.0000 4.69696e-05
5644.0000 4.79314e-05
5645.0000 4.89038e-05
5646.0000 4.98864e-05
5647.0000 5.08767e-05
5648.0000 5.18716e-05
5649.0000 5.28687e-05
5650.0000 5.38651e-05
5651.0000 5.4857e-05
5652.0000 5.58483e-05
5653.0000 5.68415e-05
5654.0000 5.78393e-05
5655.0000 5.88445e-05
5656.0000 5.98597e-05
5657.0000 6.08843e-05
5658.0000 6.19175e-05
5659.0000 6.29588e-05
5660.0000 6.40083e-05
5661.0000 6.5065e-05
5662.0000 6.61246e-05
5663.0000 6.71816e-05
5664.0000 6.82308e-05
5665.0000 6.92664e-05
5666.0000 7.02848e-05
5667.0000 7.12921e-05
5668.0000 7.22965e-05
5669.0000 7.33062e-05
5670.0000 7.43297e-05
5671.0000 7.53729e-05
5672.0000 7.64307e-05
5673.0000 7.74959e-05
5674.0000 7.85614e-05
5675.0000 7.96203e-05
5676.0000 8.06673e-05
5677.0000 8.1704e-05
5678.0000 8.27336e-05
5679.0000 8.3759e-05
5680.0000 8.4783e-05
5681.0000 8.58069e-05
5682.0000 8.68274e-05
5683.0000 8.78396e-05
5684.0000 8.88384e-05
5685.0000 8.98181e-05
5686.0000 9.0775e-05
5687.0000 9.17147e-05
5688.0000 9.26449e-05
5689.0000 9.35728e-05
5690.0000 9.45057e-05
5691.0000 9.54486e-05
5692.0000 9.63987e-05
5693.0000 9.73511e-05
5694.0000 9.83011e-05
5695.0000 9.92438e-05
5696.0000 0.000100176
5697.0000 0.0001011
5698.0000 0.000102019
5699.0000 0.000102936
5700.0000 0.000103856
5701.0000 0.000104787
5702.0000 0.000105719
5703.0000 0.000106647
5704.0000 0.000107565
5705.0000 0.000108468
5706.0000 0.000109352
5707.0000 0.000110218
5708.0000 0.000111069
5709.0000 0.000111909
5710.0000 0.000112738
5711.0000 0.000113559
5712.0000 0.000114375
5713.0000 0.000115189
5714.0000 0.000116004
5715.0000 0.000116822
5716.0000 0.000117646
5717.0000 0.000118472
5718.0000 0.000119292
5719.0000 0.000120102
5720.0000 0.000120895
5721.0000 0.000121666
5722.0000 0.000122416
5723.0000 0.000123151
5724.0000 0.000123874
5725.0000 0.000124586
5726.0000 0.00012529
5727.0000 0.000125987
5728.0000 0.000126679
5729.0000 0.000127366
5730.0000 0.000128048
5731.0000 0.000128726
5732.0000 0.000129401
5733.0000 0.00013007
5734.0000 0.000130734
5735.0000 0.000131392
5736.0000 0.000132043
5737.0000 0.000132689
5738.0000 0.000133329
5739.0000 0.000133965
5740.0000 0.000134597
5741.0000 0.000135225
5742.0000 0.000135847
5743.0000 0.000136459
5744.0000 0.000137059
5745.0000 0.00013764
5746.0000 0.000138202
5747.0000 0.000138746
5748.0000 0.000139279
5749.0000 0.000139805
5750.0000 0.000140328
5751.0000 0.00014086
5752.0000 0.000141392
5753.0000 0.000141923
5754.0000 0.000142454
5755.0000 0.000142983
5756.0000 0.00014351
5757.0000 0.000144032
5758.0000 0.000144547
5759.0000 0.000145052
5760.0000 0.000145546
5761.0000 0.000146026
5762.0000 0.000146492
5763.0000 0.000146946
5764.0000 0.000147389
5765.0000 0.000147822
5766.0000 0.000148245
5767.0000 0.00014866
5768.0000 0.000149072
5769.0000 0.000149484
5770.0000 0.000149898
5771.0000 0.000150316
5772.0000 0.000150736
5773.0000 0.000151155
5774.0000 0.000151567
5775.0000 0.000151969
5776.0000 0.000152358
5777.0000 0.000152735
5778.0000 0.0001531
5779.0000 0.000153454
5780.0000 0.000153799
5781.0000 0.000154134
5782.0000 0.000154461
5783.0000 0.000154781
5784.0000 0.000155097
5785.0000 0.000155409
5786.0000 0.000155718
5787.0000 0.000156024
5788.0000 0.000156329
5789.0000 0.00015663
5790.0000 0.000156929
5791.0000 0.000157224
5792.0000 0.000157516
5793.0000 0.000157803
5794.0000 0.000158085
5795.0000 0.000158359
5796.0000 0.000158626
5797.0000 0.000158889
5798.0000 0.000159149
5799.0000 0.000159412
5800.0000 0.000159679
5801.0000 0.000159952
5802.0000 0.000160227
5803.0000 0.000160497
5804.0000 0.000160755
5805.0000 0.000160994
5806.0000 0.000161209
5807.0000 0.000161406
5808.0000 0.000161595
5809.0000 0.000161785
5810.0000 0.000161984
5811.0000 0.0001622
5812.0000 0.000162426
5813.0000 0.000162653
5814.0000 0.000162874
5815.0000 0.000163079
5816.0000 0.000163262
5817.0000 0.000163428
5818.0000 0.000163581
5819.0000 0.000163727
5820.0000 0.000163872
5821.0000 0.00016402
5822.0000 0.00016417
5823.0000 0.000164324
5824.0000 0.000164481
5825.0000 0.000164641
5826.0000 0.000164804
5827.0000 0.000164969
5828.0000 0.000165136
5829.0000 0.000165304
5830.0000 0.000165473
5831.0000 0.000165641
5832.0000 0.000165806
5833.0000 0.000165963
5834.0000 0.000166109
5835.0000 0.000166238
5836.0000 0.000166348
5837.0000 0.000166442
5838.0000 0.000166526
5839.0000 0.000166604
5840.0000 0.000166682
5841.0000 0.000166762
5842.0000 0.000166846
5843.0000 0.000166934
5844.0000 0.000167027
5845.0000 0.000167124
5846.0000 0.000167227
5847.0000 0.000167334
5848.0000 0.000167444
5849.0000 0.000167557
5850.0000 0.000167672
5851.0000 0.000167783
5852.0000 0.000167891
5853.0000 0.000167992
5854.0000 0.000168083
5855.0000 0.000168157
5856.0000 0.000168213
5857.0000 0.000168253
5858.0000 0.000168285
5859.0000 0.000168314
5860.0000 0.000168344
5861.0000 0.000168381
5862.0000 0.000168423
5863.0000 0.000168469
5864.0000 0.00016852
5865.0000 0.000168573
5866.0000 0.000168628
5867.0000 0.000168682
5868.0000 0.000168735
5869.0000 0.000168782
5870.0000 0.000168822
5871.0000 0.000168852
5872.0000 0.000168875
5873.0000 0.000168893
5874.0000 0.000168908
5875.0000 0.000168922
5876.0000 0.000168937
5877.0000 0.000168955
5878.0000 0.000168977
5879.0000 0.000169005
5880.0000 0.000169042
5881.0000 0.000169089
5882.0000 0.000169141
5883.0000 0.000169195
5884.0000 0.000169245
5885.0000 0.000169289
5886.0000 0.00016932
5887.0000 0.000169341
5888.0000 0.000169352
5889.0000 0.000169353
5890.0000 0.000169344
5891.0000 0.000169327
5892.0000 0.000169305
5893.0000 0.000169282
5894.0000 0.000169263
5895.0000 0.000169253
5896.0000 0.000169253
5897.0000 0.000169262
5898.0000 0.000169274
5899.0000 0.000169283
5900.0000 0.000169287
5901.0000 0.000169273
5902.0000 0.000169253
5903.0000 0.000169232
5904.0000 0.000169214
5905.0000 0.000169204
5906.0000 0.000169206
5907.0000 0.000169214
5908.0000 0.000169221
5909.0000 0.000169221
5910.0000 0.000169205
5911.0000 0.000169168
5912.0000 0.000169117
5913.0000 0.000169058
5914.0000 0.000169002
5915.0000 0.000168954
5916.0000 0.000168922
5917.0000 0.0001689
5918.0000 0.000168885
5919.0000 0.00016887
5920.0000 0.00016885
5921.0000 0.00016882
5922.0000 0.000168784
5923.0000 0.000168743
5924.0000 0.000168701
5925.0000 0.000168662
5926.0000 0.000168627
5927.0000 0.000168595
5928.0000 0.000168564
5929.0000 0.000168532
5930.0000 0.000168495
5931.0000 0.000168453
5932.0000 0.000168406
5933.0000 0.000168355
5934.0000 0.000168301
5935.0000 0.000168245
5936.0000 0.000168188
5937.0000 0.00016813
5938.0000 0.000168075
5939.0000 0.000168022
5940.0000 0.000167975
5941.0000 0.000167933
5942.0000 0.000167895
5943.0000 0.000167856
5944.0000 0.000167815
5945.0000 0.000167767
5946.0000 0.000167709
5947.0000 0.000167644
5948.0000 0.000167575
5949.0000 0.000167504
5950.0000 0.000167434
5951.0000 0.000167358
5952.0000 0.000167285
5953.0000 0.000167216
5954.0000 0.000167151
5955.0000 0.000167092
5956.0000 0.000167037
5957.0000 0.000166983
5958.0000 0.000166928
5959.0000 0.000166865
5960.0000 0.000166791
5961.0000 0.000166704
5962.0000 0.000166609
5963.0000 0.000166513
5964.0000 0.000166423
5965.0000 0.000166347
5966.0000 0.00016629
5967.0000 0.000166245
5968.0000 0.000166206
5969.0000 0.000166163
5970.0000 0.000166109
5971.0000 0.000166038
5972.0000 0.000165953
5973.0000 0.000165859
5974.0000 0.000165762
5975.0000 0.000165666
5976.0000 0.000165576
5977.0000 0.00016549
5978.0000 0.000165407
5979.0000 0.000165326
5980.0000 0.000165245
5981.0000 0.000165163
5982.0000 0.000165081
5983.0000 0.000164997
5984.0000 0.000164912
5985.0000 0.000164824
5986.0000 0.000164734
5987.0000 0.000164642
5988.0000 0.00016455
5989.0000 0.000164456
5990.0000 0.000164363
5991.0000 0.000164271
5992.0000 0.00016418
5993.0000 0.000164092
5994.0000 0.000164006
5995.0000 0.000163924
5996.0000 0.000163846
5997.0000 0.000163771
5998.0000 0.000163698
5999.0000 0.000163623
6000.0000 0.000163547
6001.0000 0.000163475
6002.0000 0.0001634
6003.0000 0.000163318
6004.0000 0.000163231
6005.0000 0.000163136
6006.0000 0.000163034
6007.0000 0.000162928
6008.0000 0.000162825
6009.0000 0.000162728
6010.0000 0.000162645
6011.0000 0.000162578
6012.0000 0.000162522
6013.0000 0.000162468
6014.0000 0.000162409
6015.0000 0.000162338
6016.0000 0.000162247
6017.0000 0.000162142
6018.0000 0.00016203
6019.0000 0.000161916
6020.0000 0.000161808
6021.0000 0.000161709
6022.0000 0.000161619
6023.0000 0.000161536
6024.0000 0.000161457
6025.0000 0.00016138
6026.0000 0.000161303
6027.0000 0.000161227
6028.0000 0.00016115
6029.0000 0.000161072
6030.0000 0.000160993
6031.0000 0.000160914
6032.0000 0.000160833
6033.0000 0.000160752
6034.0000 0.00016067
6035.0000 0.000160587
6036.0000 0.000160505
6037.0000 0.000160421
6038.0000 0.000160336
6039.0000 0.00016025
6040.0000 0.000160162
6041.0000 0.000160071
6042.0000 0.000159978
6043.0000 0.000159884
6044.0000 0.00015979
6045.0000 0.000159697
6046.0000 0.000159604
6047.0000 0.000159512
6048.0000 0.00015942
6049.0000 0.000159327
6050.0000 0.000159233
6051.0000 0.000159144
6052.0000 0.000159054
6053.0000 0.000158964
6054.0000 0.000158875
6055.0000 0.000158789
6056.0000 0.000158707
6057.0000 0.000158627
6058.0000 0.000158547
6059.0000 0.000158468
6060.0000 0.000158387
6061.0000 0.000158303
6062.0000 0.000158218
6063.0000 0.000158132
6064.0000 0.000158047
6065.0000 0.000157965
6066.0000 0.000157885
6067.0000 0.000157808
6068.0000 0.000157729
6069.0000 0.000157649
6070.0000 0.000157564
6071.0000 0.000157472
6072.0000 0.000157375
6073.0000 0.000157274
6074.0000 0.00015717
6075.0000 0.000157063
6076.0000 0.000156955
6077.0000 0.000156848
6078.0000 0.000156745
6079.0000 0.000156649
6080.0000 0.000156563
6081.0000 0.000156489
6082.0000 0.000156425
6083.0000 0.000156368
6084.0000 0.000156315
6085.0000 0.000156263
6086.0000 0.000156211
6087.0000 0.000156154
6088.0000 0.00015609
6089.0000 0.000156015
6090.0000 0.000155924
6091.0000 0.000155815
6092.0000 0.000155694
6093.0000 0.000155564
6094.0000 0.000155433
6095.0000 0.000155307
6096.0000 0.000155188
6097.0000 0.000155079
6098.0000 0.000154976
6099.0000 0.00015488
6100.0000 0.00015479
6101.0000 0.000154706
6102.0000 0.000154625
6103.0000 0.000154548
6104.0000 0.000154472
6105.0000 0.000154397
6106.0000 0.00015432
6107.0000 0.000154243
6108.0000 0.000154165
6109.0000 0.000154085
6110.0000 0.000154004
6111.0000 0.000153921
6112.0000 0.000153835
6113.0000 0.000153746
6114.0000 0.000153652
6115.0000 0.000153553
6116.0000 0.000153448
6117.0000 0.000153339
6118.0000 0.00015323
6119.0000 0.000153124
6120.0000 0.000153023
6121.0000 0.00015293
6122.0000 0.000152843
6123.0000 0.000152759
6124.0000 0.000152677
6125.0000 0.000152593
6126.0000 0.000152505
6127.0000 0.000152414
6128.0000 0.00015232
6129.0000 0.000152223
6130.0000 0.000152124
6131.0000 0.000152022
6132.0000 0.000151919
6133.0000 0.000151816
6134.0000 0.000151714
6135.0000 0.000151616
6136.0000 0.000151521
6137.0000 0.000151429
6138.0000 0.000151338
6139.0000 0.000151245
6140.0000 0.000151148
6141.0000 0.000151047
6142.0000 0.000150943
6143.0000 0.000150839
6144.0000 0.000150738
6145.0000 0.000150642
6146.0000 0.000150554
6147.0000 0.00015047
6148.0000 0.000150388
6149.0000 0.000150304
6150.0000 0.000150215
6151.0000 0.000150118
6152.0000 0.000150016
6153.0000 0.000149909
6154.0000 0.000149801
6155.0000 0.000149694
6156.0000 0.00014959
6157.0000 0.000149489
6158.0000 0.00014939
6159.0000 0.000149292
6160.0000 0.000149194
6161.0000 0.000149097
6162.0000 0.000149
6163.0000 0.000148904
6164.0000 0.000148809
6165.0000 0.000148714
6166.0000 0.000148621
6167.0000 0.000148527
6168.0000 0.000148429
6169.0000 0.000148327
6170.0000 0.000148215
6171.0000 0.000148095
6172.0000 0.000147968
6173.0000 0.00014784
6174.0000 0.000147716
6175.0000 0.0001476
6176.0000 0.000147497
6177.0000 0.000147403
6178.0000 0.000147312
6179.0000 0.00014722
6180.0000 0.000147123
6181.0000 0.000147015
6182.0000 0.000146902
6183.0000 0.000146786
6184.0000 0.000146673
6185.0000 0.000146568
6186.0000 0.000146472
6187.0000 0.000146384
6188.0000 0.0001463
6189.0000 0.000146217
6190.0000 0.00014613
6191.0000 0.000146038
6192.0000 0.00014594
6193.0000 0.000145837
6194.0000 0.000145728
6195.0000 0.000145616
6196.0000 0.000145499
6197.0000 0.000145381
6198.0000 0.000145263
6199.0000 0.00014515
6200.0000 0.000145044
6201.0000 0.000144946
6202.0000 0.000144856
6203.0000 0.000144771
6204.0000 0.000144688
6205.0000 0.000144605
6206.0000 0.000144521
6207.0000 0.000144434
6208.0000 0.000144344
6209.0000 0.000144249
6210.0000 0.000144148
6211.0000 0.000144041
6212.0000 0.00014393
6213.0000 0.000143816
6214.0000 0.000143704
6215.0000 0.000143595
6216.0000 0.000143491
6217.0000 0.000143391
6218.0000 0.000143293
6219.0000 0.000143197
6220.0000 0.0001431
6221.0000 0.000143002
6222.0000 0.000142901
6223.0000 0.000142799
6224.0000 0.000142694
6225.0000 0.000142587
6226.0000 0.000142477
6227.0000 0.000142364
6228.0000 0.00014225
6229.0000 0.000142134
6230.0000 0.000142017
6231.0000 0.000141898
6232.0000 0.000141781
6233.0000 0.000141665
6234.0000 0.000141553
6235.0000 0.000141447
6236.0000 0.000141348
6237.0000 0.000141252
6238.0000 0.000141157
6239.0000 0.000141059
6240.0000 0.000140956
6241.0000 0.000140844
6242.0000 0.000140725
6243.0000 0.000140604
6244.0000 0.000140484
6245.0000 0.000140369
6246.0000 0.00014026
6247.0000 0.000140155
6248.0000 0.000140052
6249.0000 0.000139948
6250.0000 0.00013984
6251.0000 0.000139725
6252.0000 0.000139605
6253.0000 0.000139484
6254.0000 0.000139364
6255.0000 0.000139249
6256.0000 0.00013914
6257.0000 0.000139037
6258.0000 0.000138939
6259.0000 0.000138845
6260.0000 0.000138754
6261.0000 0.000138665
6262.0000 0.000138576
6263.0000 0.000138483
6264.0000 0.000138386
6265.0000 0.000138279
6266.0000 0.000138162
6267.0000 0.000138038
6268.0000 0.000137915
6269.0000 0.000137796
6270.0000 0.00013769
6271.0000 0.000137599
6272.0000 0.000137517
6273.0000 0.000137438
6274.0000 0.000137353
6275.0000 0.000137255
6276.0000 0.000137136
6277.0000 0.000137003
6278.0000 0.000136861
6279.0000 0.000136715
6280.0000 0.000136572
6281.0000 0.000136436
6282.0000 0.000136307
6283.0000 0.000136183
6284.0000 0.000136063
6285.0000 0.000135947
6286.0000 0.000135834
6287.0000 0.000135722
6288.0000 0.00013561
6289.0000 0.000135497
6290.0000 0.000135381
6291.0000 0.000135262
6292.0000 0.00013514
6293.0000 0.000135017
6294.0000 0.000134896
6295.0000 0.000134778
6296.0000 0.000134664
6297.0000 0.000134555
6298.0000 0.00013445
6299.0000 0.000134349
6300.0000 0.000134251
6301.0000 0.000134157
6302.0000 0.000134063
6303.0000 0.000133967
6304.0000 0.000133868
6305.0000 0.000133762
6306.0000 0.000133648
6307.0000 0.000133526
6308.0000 0.0001334
6309.0000 0.000133271
6310.0000 0.000133141
6311.0000 0.000133012
6312.0000 0.000132885
6313.0000 0.00013276
6314.0000 0.000132639
6315.0000 0.000132521
6316.0000 0.000132409
6317.0000 0.000132299
6318.0000 0.000132192
6319.0000 0.000132086
6320.0000 0.000131978
6321.0000 0.000131868
6322.0000 0.000131756
6323.0000 0.000131643
6324.0000 0.00013153
6325.0000 0.000131416
6326.0000 0.000131304
6327.0000 0.000131191
6328.0000 0.000131079
6329.0000 0.000130967
6330.0000 0.000130856
6331.0000 0.000130744
6332.0000 0.000130632
6333.0000 0.000130519
6334.0000 0.000130408
6335.0000 0.000130296
6336.0000 0.000130184
6337.0000 0.000130073
6338.0000 0.000129962
6339.0000 0.00012985
6340.0000 0.000129737
6341.0000 0.000129623
6342.0000 0.000129509
6343.0000 0.000129393
6344.0000 0.000129277
6345.0000 0.00012916
6346.0000 0.000129043
6347.0000 0.000128926
6348.0000 0.00012881
6349.0000 0.000128695
6350.0000 0.000128584
6351.0000 0.000128477
6352.0000 0.000128371
6353.0000 0.000128266
6354.0000 0.00012816
6355.0000 0.00012805
6356.0000 0.000127935
6357.0000 0.000127817
6358.0000 0.000127698
6359.0000 0.000127578
6360.0000 0.00012746
6361.0000 0.000127344
6362.0000 0.000127231
6363.0000 0.000127118
6364.0000 0.000127004
6365.0000 0.00012689
6366.0000 0.000126772
6367.0000 0.000126654
6368.0000 0.000126535
6369.0000 0.000126417
6370.0000 0.000126302
6371.0000 0.000126189
6372.0000 0.00012608
6373.0000 0.000125974
6374.0000 0.000125871
6375.0000 0.00012577
6376.0000 0.000125672
6377.0000 0.000125575
6378.0000 0.000125475
6379.0000 0.000125371
6380.0000 0.000125258
6381.0000 0.000125136
6382.0000 0.000125007
6383.0000 0.000124875
6384.0000 0.000124744
6385.0000 0.000124617
6386.0000 0.000124497
6387.0000 0.000124382
6388.0000 0.000124271
6389.0000 0.000124162
6390.0000 0.000124051
6391.0000 0.000123937
6392.0000 0.000123822
6393.0000 0.000123707
6394.0000 0.000123594
6395.0000 0.000123485
6396.0000 0.000123381
6397.0000 0.00012328
6398.0000 0.00012318
6399.0000 0.00012308
6400.0000 0.000122976
6401.0000 0.000122868
6402.0000 0.000122756
6403.0000 0.000122641
6404.0000 0.000122526
6405.0000 0.000122411
6406.0000 0.000122297
6407.0000 0.000122182
6408.0000 0.000122064
6409.0000 0.00012194
6410.0000 0.000121809
6411.0000 0.000121669
6412.0000 0.000121523
6413.0000 0.000121376
6414.0000 0.000121233
6415.0000 0.000121098
6416.0000 0.000120976
6417.0000 0.000120863
6418.0000 0.000120754
6419.0000 0.000120647
6420.0000 0.000120536
6421.0000 0.000120418
6422.0000 0.000120297
6423.0000 0.000120174
6424.0000 0.000120053
6425.0000 0.000119937
6426.0000 0.000119828
6427.0000 0.000119724
6428.0000 0.000119622
6429.0000 0.000119519
6430.0000 0.000119413
6431.0000 0.0001193
6432.0000 0.000119184
6433.0000 0.000119066
6434.0000 0.000118948
6435.0000 0.000118834
6436.0000 0.000118724
6437.0000 0.000118617
6438.0000 0.000118511
6439.0000 0.000118404
6440.0000 0.000118292
6441.0000 0.000118175
6442.0000 0.000118053
6443.0000 0.000117929
6444.0000 0.000117803
6445.0000 0.000117678
6446.0000 0.000117555
6447.0000 0.000117434
6448.0000 0.000117315
6449.0000 0.000117199
6450.0000 0.000117084
6451.0000 0.000116971
6452.0000 0.000116859
6453.0000 0.000116748
6454.0000 0.000116637
6455.0000 0.000116525
6456.0000 0.000116411
6457.0000 0.000116297
6458.0000 0.000116181
6459.0000 0.000116065
6460.0000 0.000115949
6461.0000 0.000115833
6462.0000 0.000115716
6463.0000 0.000115598
6464.0000 0.000115478
6465.0000 0.000115355
6466.0000 0.000115228
6467.0000 0.000115099
6468.0000 0.000114968
6469.0000 0.000114837
6470.0000 0.000114708
6471.0000 0.000114581
6472.0000 0.000114456
6473.0000 0.000114334
6474.0000 0.000114215
6475.0000 0.000114098
6476.0000 0.000113983
6477.0000 0.000113871
6478.0000 0.000113761
6479.0000 0.000113651
6480.0000 0.000113543
6481.0000 0.000113434
6482.0000 0.000113325
6483.0000 0.000113215
6484.0000 0.000113103
6485.0000 0.000112988
6486.0000 0.00011287
6487.0000 0.000112748
6488.0000 0.000112625
6489.0000 0.000112502
6490.0000 0.00011238
6491.0000 0.000112261
6492.0000 0.000112142
6493.0000 0.000112025
6494.0000 0.000111908
6495.0000 0.000111791
6496.0000 0.000111674
6497.0000 0.000111556
6498.0000 0.000111438
6499.0000 0.00011132
6500.0000 0.000111203
6501.0000 0.000111085
6502.0000 0.000110967
6503.0000 0.000110849
6504.0000 0.000110729
6505.0000 0.000110607
6506.0000 0.000110482
6507.0000 0.000110355
6508.0000 0.000110227
6509.0000 0.0001101
6510.0000 0.000109975
6511.0000 0.000109853
6512.0000 0.000109734
6513.0000 0.000109616
6514.0000 0.000109498
6515.0000 0.000109381
6516.0000 0.000109262
6517.0000 0.000109143
6518.0000 0.000109024
6519.0000 0.000108905
6520.0000 0.000108787
6521.0000 0.00010867
6522.0000 0.000108554
6523.0000 0.000108436
6524.0000 0.000108317
6525.0000 0.000108194
6526.0000 0.000108068
6527.0000 0.000107939
6528.0000 0.000107811
6529.0000 0.000107686
6530.0000 0.000107567
6531.0000 0.000107455
6532.0000 0.000107349
6533.0000 0.000107245
6534.0000 0.000107139
6535.0000 0.000107029
6536.0000 0.000106913
6537.0000 0.000106791
6538.0000 0.000106667
6539.0000 0.000106543
6540.0000 0.000106422
6541.0000 0.000106304
6542.0000 0.00010619
6543.0000 0.000106078
6544.0000 0.000105965
6545.0000 0.00010585
6546.0000 0.000105733
6547.0000 0.000105613
6548.0000 0.000105492
6549.0000 0.000105369
6550.0000 0.000105245
6551.0000 0.000105119
6552.0000 0.000104995
6553.0000 0.000104872
6554.0000 0.000104751
6555.0000 0.000104634
6556.0000 0.000104521
6557.0000 0.000104409
6558.0000 0.000104297
6559.0000 0.000104181
6560.0000 0.00010406
6561.0000 0.000103929
6562.0000 0.000103793
6563.0000 0.000103654
6564.0000 0.000103516
6565.0000 0.00010338
6566.0000 0.000103251
6567.0000 0.000103127
6568.0000 0.00010301
6569.0000 0.000102897
6570.0000 0.000102791
6571.0000 0.000102689
6572.0000 0.00010259
6573.0000 0.00010249
6574.0000 0.000102386
6575.0000 0.000102273
6576.0000 0.000102149
6577.0000 0.000102016
6578.0000 0.000101878
6579.0000 0.000101737
6580.0000 0.000101597
6581.0000 0.00010146
6582.0000 0.000101326
6583.0000 0.000101198
6584.0000 0.000101075
6585.0000 0.000100958
6586.0000 0.00010085
6587.0000 0.000100747
6588.0000 0.00010065
6589.0000 0.000100555
6590.0000 0.000100461
6591.0000 0.000100367
6592.0000 0.000100271
6593.0000 0.000100171
6594.0000 0.000100064
6595.0000 9.99472e-05
6596.0000 9.98194e-05
6597.0000 9.96838e-05
6598.0000 9.95453e-05
6599.0000 9.94082e-05
6600.0000 9.92772e-05
6601.0000 9.91557e-05
6602.0000 9.90418e-05
6603.0000 9.89321e-05
6604.0000 9.8824e-05
6605.0000 9.87145e-05
6606.0000 9.86015e-05
6607.0000 9.84857e-05
6608.0000 9.83686e-05
6609.0000 9.82514e-05
6610.0000 9.81355e-05
6611.0000 9.80217e-05
6612.0000 9.79088e-05
6613.0000 9.7795e-05
6614.0000 9.76786e-05
6615.0000 9.75578e-05
6616.0000 9.74312e-05
6617.0000 9.73e-05
6618.0000 9.71658e-05
6619.0000 9.70302e-05
6620.0000 9.68945e-05
6621.0000 9.67603e-05
6622.0000 9.66289e-05
6623.0000 9.65018e-05
6624.0000 9.63807e-05
6625.0000 9.62675e-05
6626.0000 9.61633e-05
6627.0000 9.60656e-05
6628.0000 9.59713e-05
6629.0000 9.58772e-05
6630.0000 9.57802e-05
6631.0000 9.56778e-05
6632.0000 9.55704e-05
6633.0000 9.54587e-05
6634.0000 9.53434e-05
6635.0000 9.52248e-05
6636.0000 9.51036e-05
6637.0000 9.49809e-05
6638.0000 9.48583e-05
6639.0000 9.47372e-05
6640.0000 9.46189e-05
6641.0000 9.45046e-05
6642.0000 9.43935e-05
6643.0000 9.42841e-05
6644.0000 9.41754e-05
6645.0000 9.40661e-05
6646.0000 9.39553e-05
6647.0000 9.38429e-05
6648.0000 9.37291e-05
6649.0000 9.36139e-05
6650.0000 9.34973e-05
6651.0000 9.33799e-05
6652.0000 9.32613e-05
6653.0000 9.31415e-05
6654.0000 9.30207e-05
6655.0000 9.28989e-05
6656.0000 9.27761e-05
6657.0000 9.26529e-05
6658.0000 9.25296e-05
6659.0000 9.24067e-05
6660.0000 9.22847e-05
6661.0000 9.21641e-05
6662.0000 9.20453e-05
6663.0000 9.19289e-05
6664.0000 9.18156e-05
6665.0000 9.17062e-05
6666.0000 9.16011e-05
6667.0000 9.14992e-05
6668.0000 9.13989e-05
6669.0000 9.12987e-05
6670.0000 9.11973e-05
6671.0000 9.10932e-05
6672.0000 9.0986e-05
6673.0000 9.08749e-05
6674.0000 9.07593e-05
6675.0000 9.06384e-05
6676.0000 9.05116e-05
6677.0000 9.03812e-05
6678.0000 9.025e-05
6679.0000 9.01205e-05
6680.0000 8.99957e-05
6681.0000 8.98775e-05
6682.0000 8.97646e-05
6683.0000 8.96552e-05
6684.0000 8.95474e-05
6685.0000 8.94395e-05
6686.0000 8.93301e-05
6687.0000 8.92195e-05
6688.0000 8.91081e-05
6689.0000 8.89963e-05
6690.0000 8.88846e-05
6691.0000 8.87732e-05
6692.0000 8.86615e-05
6693.0000 8.85484e-05
6694.0000 8.8433e-05
6695.0000 8.83141e-05
6696.0000 8.81911e-05
6697.0000 8.80656e-05
6698.0000 8.79396e-05
6699.0000 8.78151e-05
6700.0000 8.76942e-05
6701.0000 8.75778e-05
6702.0000 8.74664e-05
6703.0000 8.73592e-05
6704.0000 8.7256e-05
6705.0000 8.71562e-05
6706.0000 8.70594e-05
6707.0000 8.69633e-05
6708.0000 8.68654e-05
6709.0000 8.6763e-05
6710.0000 8.66532e-05
6711.0000 8.65342e-05
6712.0000 8.64089e-05
6713.0000 8.62811e-05
6714.0000 8.61548e-05
6715.0000 8.60337e-05
6716.0000 8.59206e-05
6717.0000 8.58135e-05
6718.0000 8.57096e-05
6719.0000 8.56059e-05
6720.0000 8.54997e-05
6721.0000 8.53888e-05
6722.0000 8.52738e-05
6723.0000 8.5156e-05
6724.0000 8.50367e-05
6725.0000 8.49168e-05
6726.0000 8.47972e-05
6727.0000 8.46779e-05
6728.0000 8.45585e-05
6729.0000 8.44389e-05
6730.0000 8.43187e-05
6731.0000 8.41976e-05
6732.0000 8.40757e-05
6733.0000 8.39531e-05
6734.0000 8.38296e-05
6735.0000 8.37054e-05
6736.0000 8.35806e-05
6737.0000 8.34559e-05
6738.0000 8.33324e-05
6739.0000 8.32114e-05
6740.0000 8.30938e-05
6741.0000 8.29805e-05
6742.0000 8.28699e-05
6743.0000 8.276e-05
6744.0000 8.26486e-05
6745.0000 8.25338e-05
6746.0000 8.2414e-05
6747.0000 8.2291e-05
6748.0000 8.2167e-05
6749.0000 8.20444e-05
6750.0000 8.19254e-05
6751.0000 8.18114e-05
6752.0000 8.1701e-05
6753.0000 8.15918e-05
6754.0000 8.14814e-05
6755.0000 8.13674e-05
6756.0000 8.12482e-05
6757.0000 8.11255e-05
6758.0000 8.10019e-05
6759.0000 8.08796e-05
6760.0000 8.07613e-05
6761.0000 8.06486e-05
6762.0000 8.05395e-05
6763.0000 8.04313e-05
6764.0000 8.03212e-05
6765.0000 8.02064e-05
6766.0000 8.0085e-05
6767.0000 7.99592e-05
6768.0000 7.98322e-05
6769.0000 7.97071e-05
6770.0000 7.95871e-05
6771.0000 7.94744e-05
6772.0000 7.93673e-05
6773.0000 7.92629e-05
6774.0000 7.91586e-05
6775.0000 7.90518e-05
6776.0000 7.89404e-05
6777.0000 7.88252e-05
6778.0000 7.87074e-05
6779.0000 7.85881e-05
6780.0000 7.84686e-05
6781.0000 7.83496e-05
6782.0000 7.82308e-05
6783.0000 7.81117e-05
6784.0000 7.79919e-05
6785.0000 7.78706e-05
6786.0000 7.77478e-05
6787.0000 7.76249e-05
6788.0000 7.75037e-05
6789.0000 7.73862e-05
6790.0000 7.72744e-05
6791.0000 7.71696e-05
6792.0000 7.70693e-05
6793.0000 7.697e-05
6794.0000 7.68686e-05
6795.0000 7.67615e-05
6796.0000 7.66463e-05
6797.0000 7.65249e-05
6798.0000 7.64003e-05
6799.0000 7.62751e-05
6800.0000 7.61521e-05
6801.0000 7.60331e-05
6802.0000 7.59175e-05
6803.0000 7.58037e-05
6804.0000 7.56904e-05
6805.0000 7.55762e-05
6806.0000 7.54601e-05
6807.0000 7.53432e-05
6808.0000 7.52268e-05
6809.0000 7.51126e-05
6810.0000 7.50019e-05
6811.0000 7.48958e-05
6812.0000 7.47926e-05
6813.0000 7.46901e-05
6814.0000 7.4586e-05
6815.0000 7.44779e-05
6816.0000 7.43643e-05
6817.0000 7.42458e-05
6818.0000 7.41239e-05
6819.0000 7.39997e-05
6820.0000 7.38744e-05
6821.0000 7.3749e-05
6822.0000 7.36241e-05
6823.0000 7.35e-05
6824.0000 7.33773e-05
6825.0000 7.32565e-05
6826.0000 7.31381e-05
6827.0000 7.30213e-05
6828.0000 7.29053e-05
6829.0000 7.27894e-05
6830.0000 7.26727e-05
6831.0000 7.25547e-05
6832.0000 7.24355e-05
6833.0000 7.23155e-05
6834.0000 7.2195e-05
6835.0000 7.20745e-05
6836.0000 7.19542e-05
6837.0000 7.18351e-05
6838.0000 7.1718e-05
6839.0000 7.16039e-05
6840.0000 7.14941e-05
6841.0000 7.13892e-05
6842.0000 7.12874e-05
6843.0000 7.11867e-05
6844.0000 7.09875e-05
6845.0000 7.07205e-05
6846.0000 7.04492e-05
6847.0000 7.01751e-05
6848.0000 6.99318e-05
6849.0000 6.97369e-05
6850.0000 6.95453e-05
6851.0000 6.93581e-05
6852.0000 6.91449e-05
6853.0000 6.88167e-05
6854.0000 6.84866e-05
6855.0000 6.81519e-05
6856.0000 6.78108e-05
6857.0000 6.72155e-05
6858.0000 6.66205e-05
6859.0000 6.60288e-05
6860.0000 6.54438e-05
6861.0000 6.4632e-05
6862.0000 6.37688e-05
6863.0000 6.29101e-05
6864.0000 6.20535e-05
6865.0000 6.11488e-05
6866.0000 6.02105e-05
6867.0000 5.92715e-05
6868.0000 5.8334e-05
6869.0000 5.75595e-05
6870.0000 5.70289e-05
6871.0000 5.65034e-05
6872.0000 5.59822e-05
6873.0000 5.55802e-05
6874.0000 5.56429e-05
6875.0000 5.57049e-05
6876.0000 5.57652e-05
6877.0000 5.58238e-05
6878.0000 5.6152e-05
6879.0000 5.64776e-05
6880.0000 5.68006e-05
6881.0000 5.71209e-05
6882.0000 5.73807e-05
6883.0000 5.7624e-05
6884.0000 5.78659e-05
6885.0000 5.81067e-05
6886.0000 5.82232e-05
6887.0000 5.82572e-05
6888.0000 5.82911e-05
6889.0000 5.83248e-05
6890.0000 5.83158e-05
6891.0000 5.8243e-05
6892.0000 5.817e-05
6893.0000 5.80968e-05
6894.0000 5.80374e-05
6895.0000 5.80349e-05
6896.0000 5.80312e-05
6897.0000 5.8027e-05
6898.0000 5.80237e-05
6899.0000 5.81219e-05
6900.0000 5.82234e-05
6901.0000 5.83293e-05
6902.0000 5.84383e-05
6903.0000 5.85752e-05
6904.0000 5.87187e-05
6905.0000 5.88605e-05
6906.0000 5.89993e-05
6907.0000 5.91286e-05
6908.0000 5.92499e-05
6909.0000 5.93664e-05
6910.0000 5.94771e-05
6911.0000 5.95658e-05
6912.0000 5.96269e-05
6913.0000 5.96871e-05
6914.0000 5.97493e-05
6915.0000 5.98086e-05
6916.0000 5.98434e-05
6917.0000 5.98832e-05
6918.0000 5.99252e-05
6919.0000 5.99663e-05
6920.0000 5.99733e-05
6921.0000 5.99743e-05
6922.0000 5.99705e-05
6923.0000 5.99638e-05
6924.0000 5.99315e-05
6925.0000 5.98938e-05
6926.0000 5.98586e-05
6927.0000 5.98258e-05
6928.0000 5.97866e-05
6929.0000 5.97438e-05
6930.0000 5.97029e-05
6931.0000 5.96637e-05
6932.0000 5.96229e-05
6933.0000 5.9578e-05
6934.0000 5.95318e-05
6935.0000 5.94831e-05
6936.0000 5.94279e-05
6937.0000 5.9358e-05
6938.0000 5.92878e-05
6939.0000 5.9219e-05
6940.0000 5.91533e-05
6941.0000 5.90879e-05
6942.0000 5.90254e-05
6943.0000 5.89637e-05
6944.0000 5.89009e-05
6945.0000 5.88412e-05
6946.0000 5.87784e-05
6947.0000 5.87125e-05
6948.0000 5.86453e-05
6949.0000 5.85785e-05
6950.0000 5.85143e-05
6951.0000 5.84537e-05
6952.0000 5.83955e-05
6953.0000 5.83397e-05
6954.0000 5.82853e-05
6955.0000 5.82263e-05
6956.0000 5.81612e-05
6957.0000 5.80944e-05
6958.0000 5.80367e-05
6959.0000 5.79784e-05
6960.0000 5.79217e-05
6961.0000 5.78682e-05
6962.0000 5.78124e-05
6963.0000 5.77583e-05
6964.0000 5.77049e-05
6965.0000 5.76514e-05
6966.0000 5.76122e-05
6967.0000 5.75767e-05
6968.0000 5.75419e-05
6969.0000 5.75087e-05
6970.0000 5.74358e-05
6971.0000 5.73381e-05
6972.0000 5.7243e-05
6973.0000 5.71488e-05
6974.0000 5.70543e-05
6975.0000 5.69581e-05
6976.0000 5.6859e-05
6977.0000 5.67578e-05
6978.0000 5.66555e-05
6979.0000 5.6553e-05
6980.0000 5.64513e-05
6981.0000 5.63511e-05
6982.0000 5.62515e-05
6983.0000 5.61516e-05
6984.0000 5.60502e-05
6985.0000 5.59462e-05
6986.0000 5.5839e-05
6987.0000 5.57299e-05
6988.0000 5.56211e-05
6989.0000 5.55146e-05
6990.0000 5.54123e-05
6991.0000 5.53158e-05
6992.0000 5.52231e-05
6993.0000 5.51315e-05
6994.0000 5.50383e-05
6995.0000 5.49409e-05
6996.0000 5.48375e-05
6997.0000 5.473e-05
6998.0000 5.46211e-05
6999.0000 5.45137e-05
7000.0000 5.44104e-05
7001.0000 5.43123e-05
7002.0000 5.42186e-05
7003.0000 5.41265e-05
7004.0000 5.40336e-05
7005.0000 5.39373e-05
7006.0000 5.38357e-05
7007.0000 5.37299e-05
7008.0000 5.36218e-05
7009.0000 5.35131e-05
7010.0000 5.34055e-05
7011.0000 5.33003e-05
7012.0000 5.31978e-05
7013.0000 5.30978e-05
7014.0000 5.30004e-05
7015.0000 5.29056e-05
7016.0000 5.28134e-05
7017.0000 5.27222e-05
7018.0000 5.26304e-05
7019.0000 5.25361e-05
7020.0000 5.24374e-05
7021.0000 5.23332e-05
7022.0000 5.22256e-05
7023.0000 5.21174e-05
7024.0000 5.20115e-05
7025.0000 5.19109e-05
7026.0000 5.18176e-05
7027.0000 5.173e-05
7028.0000 5.16454e-05
7029.0000 5.15615e-05
7030.0000 5.1476e-05
7031.0000 5.1387e-05
7032.0000 5.12951e-05
7033.0000 5.12014e-05
7034.0000 5.11069e-05
7035.0000 5.10127e-05
7036.0000 5.09193e-05
7037.0000 5.08261e-05
7038.0000 5.07319e-05
7039.0000 5.06356e-05
7040.0000 5.05361e-05
7041.0000 5.04325e-05
7042.0000 5.03266e-05
7043.0000 5.02205e-05
7044.0000 5.01164e-05
7045.0000 5.00164e-05
7046.0000 4.99222e-05
7047.0000 4.98317e-05
7048.0000 4.97426e-05
7049.0000 4.96522e-05
7050.0000 4.9558e-05
7051.0000 4.9458e-05
7052.0000 4.9354e-05
7053.0000 4.92483e-05
7054.0000 4.91431e-05
7055.0000 4.90408e-05
7056.0000 4.8943e-05
7057.0000 4.88494e-05
7058.0000 4.87589e-05
7059.0000 4.86708e-05
7060.0000 4.85845e-05
7061.0000 4.8499e-05
7062.0000 4.84135e-05
7063.0000 4.83268e-05
7064.0000 4.82375e-05
7065.0000 4.81445e-05
7066.0000 4.80469e-05
7067.0000 4.79463e-05
7068.0000 4.78448e-05
7069.0000 4.77444e-05
7070.0000 4.76472e-05
7071.0000 4.75548e-05
7072.0000 4.74663e-05
7073.0000 4.73803e-05
7074.0000 4.72954e-05
7075.0000 4.72104e-05
7076.0000 4.71242e-05
7077.0000 4.70365e-05
7078.0000 4.69468e-05
7079.0000 4.6855e-05
7080.0000 4.67605e-05
7081.0000 4.66633e-05
7082.0000 4.65649e-05
7083.0000 4.64674e-05
7084.0000 4.63727e-05
7085.0000 4.62829e-05
7086.0000 4.61995e-05
7087.0000 4.61203e-05
7088.0000 4.60426e-05
7089.0000 4.59634e-05
7090.0000 4.588e-05
7091.0000 4.57903e-05
7092.0000 4.56958e-05
7093.0000 4.55988e-05
7094.0000 4.55013e-05
7095.0000 4.54057e-05
7096.0000 4.53133e-05
7097.0000 4.52238e-05
7098.0000 4.5136e-05
7099.0000 4.50491e-05
7100.0000 4.49621e-05
7101.0000 4.48742e-05
7102.0000 4.47857e-05
7103.0000 4.46969e-05
7104.0000 4.4608e-05
7105.0000 4.45195e-05
7106.0000 4.44315e-05
7107.0000 4.43438e-05
7108.0000 4.4256e-05
7109.0000 4.41677e-05
7110.0000 4.40786e-05
7111.0000 4.39884e-05
7112.0000 4.38974e-05
7113.0000 4.38062e-05
7114.0000 4.37151e-05
7115.0000 4.36247e-05
7116.0000 4.35354e-05
7117.0000 4.3447e-05
7118.0000 4.33595e-05
7119.0000 4.32729e-05
7120.0000 4.3187e-05
7121.0000 4.31018e-05
7122.0000 4.30172e-05
7123.0000 4.2933e-05
7124.0000 4.28491e-05
7125.0000 4.27651e-05
7126.0000 4.2681e-05
7127.0000 4.25962e-05
7128.0000 4.251e-05
7129.0000 4.24217e-05
7130.0000 4.23305e-05
7131.0000 4.2236e-05
7132.0000 4.21401e-05
7133.0000 4.20453e-05
7134.0000 4.1954e-05
7135.0000 4.18687e-05
7136.0000 4.17912e-05
7137.0000 4.17194e-05
7138.0000 4.16503e-05
7139.0000 4.1581e-05
7140.0000 4.15087e-05
7141.0000 4.14312e-05
7142.0000 4.13493e-05
7143.0000 4.12647e-05
7144.0000 4.11788e-05
7145.0000 4.10929e-05
7146.0000 4.10127e-05
7147.0000 4.09523e-05
7148.0000 4.08914e-05
7149.0000 4.08292e-05
7150.0000 4.07647e-05
7151.0000 4.06433e-05
7152.0000 4.05205e-05
7153.0000 4.03977e-05
7154.0000 4.02766e-05
7155.0000 4.01439e-05
7156.0000 4.0012e-05
7157.0000 3.98837e-05
7158.0000 3.97577e-05
7159.0000 3.96166e-05
7160.0000 3.9465e-05
7161.0000 3.93127e-05
7162.0000 3.916e-05
7163.0000 3.89959e-05
7164.0000 3.8815e-05
7165.0000 3.86343e-05
7166.0000 3.84541e-05
7167.0000 3.82729e-05
7168.0000 3.80855e-05
7169.0000 3.78993e-05
7170.0000 3.77144e-05
7171.0000 3.75308e-05
7172.0000 3.73567e-05
7173.0000 3.71821e-05
7174.0000 3.70059e-05
7175.0000 3.6827e-05
7176.0000 3.66567e-05
7177.0000 3.64876e-05
7178.0000 3.63189e-05
7179.0000 3.61529e-05
7180.0000 3.60027e-05
7181.0000 3.58661e-05
7182.0000 3.57338e-05
7183.0000 3.56033e-05
7184.0000 3.54832e-05
7185.0000 3.53764e-05
7186.0000 3.52645e-05
7187.0000 3.5149e-05
7188.0000 3.50396e-05
7189.0000 3.49607e-05
7190.0000 3.48847e-05
7191.0000 3.48131e-05
7192.0000 3.47447e-05
7193.0000 3.47085e-05
7194.0000 3.46713e-05
7195.0000 3.4631e-05
7196.0000 3.45863e-05
7197.0000 3.45564e-05
7198.0000 3.453e-05
7199.0000 3.45048e-05
7200.0000 3.4483e-05
7201.0000 3.44828e-05
7202.0000 3.4497e-05
7203.0000 3.45122e-05
7204.0000 3.45263e-05
7205.0000 3.45477e-05
7206.0000 3.458e-05
7207.0000 3.46083e-05
7208.0000 3.4634e-05
7209.0000 3.46596e-05
7210.0000 3.46881e-05
7211.0000 3.47187e-05
7212.0000 3.4751e-05
7213.0000 3.4785e-05
7214.0000 3.47857e-05
7215.0000 3.47876e-05
7216.0000 3.47904e-05
7217.0000 3.47938e-05
7218.0000 3.47438e-05
7219.0000 3.46804e-05
7220.0000 3.46167e-05
7221.0000 3.45525e-05
7222.0000 3.44509e-05
7223.0000 3.43242e-05
7224.0000 3.41964e-05
7225.0000 3.40671e-05
7226.0000 3.39265e-05
7227.0000 3.37702e-05
7228.0000 3.36141e-05
7229.0000 3.34588e-05
7230.0000 3.33059e-05
7231.0000 3.31574e-05
7232.0000 3.3011e-05
7233.0000 3.28661e-05
7234.0000 3.27223e-05
7235.0000 3.26039e-05
7236.0000 3.24857e-05
7237.0000 3.23673e-05
7238.0000 3.22485e-05
7239.0000 3.2159e-05
7240.0000 3.2076e-05
7241.0000 3.19919e-05
7242.0000 3.19073e-05
7243.0000 3.18397e-05
7244.0000 3.17842e-05
7245.0000 3.17301e-05
7246.0000 3.1678e-05
7247.0000 3.16326e-05
7248.0000 3.15959e-05
7249.0000 3.15592e-05
7250.0000 3.1522e-05
7251.0000 3.1483e-05
7252.0000 3.14416e-05
7253.0000 3.13992e-05
7254.0000 3.13559e-05
7255.0000 3.13119e-05
7256.0000 3.12543e-05
7257.0000 3.11963e-05
7258.0000 3.1138e-05
7259.0000 3.10798e-05
7260.0000 3.10141e-05
7261.0000 3.09469e-05
7262.0000 3.08805e-05
7263.0000 3.08152e-05
7264.0000 3.07504e-05
7265.0000 3.06867e-05
7266.0000 3.06251e-05
7267.0000 3.05648e-05
7268.0000 3.05042e-05
7269.0000 3.0442e-05
7270.0000 3.03781e-05
7271.0000 3.03115e-05
7272.0000 3.02435e-05
7273.0000 3.01754e-05
7274.0000 3.01082e-05
7275.0000 3.0043e-05
7276.0000 2.99807e-05
7277.0000 2.99276e-05
7278.0000 2.98749e-05
7279.0000 2.98212e-05
7280.0000 2.97652e-05
7281.0000 2.97126e-05
7282.0000 2.96591e-05
7283.0000 2.96046e-05
7284.0000 2.95501e-05
7285.0000 2.94969e-05
7286.0000 2.9446e-05
7287.0000 2.9397e-05
7288.0000 2.93491e-05
7289.0000 2.92977e-05
7290.0000 2.924e-05
7291.0000 2.91814e-05
7292.0000 2.91223e-05
7293.0000 2.90622e-05
7294.0000 2.89989e-05
7295.0000 2.89369e-05
7296.0000 2.88765e-05
7297.0000 2.88169e-05
7298.0000 2.87635e-05
7299.0000 2.87091e-05
7300.0000 2.86527e-05
7301.0000 2.85934e-05
7302.0000 2.85385e-05
7303.0000 2.84847e-05
7304.0000 2.8432e-05
7305.0000 2.83819e-05
7306.0000 2.83373e-05
7307.0000 2.8296e-05
7308.0000 2.82545e-05
7309.0000 2.82105e-05
7310.0000 2.81621e-05
7311.0000 2.81078e-05
7312.0000 2.80495e-05
7313.0000 2.79901e-05
7314.0000 2.79328e-05
7315.0000 2.78811e-05
7316.0000 2.78364e-05
7317.0000 2.77973e-05
7318.0000 2.77619e-05
7319.0000 2.77377e-05
7320.0000 2.77135e-05
7321.0000 2.76878e-05
7322.0000 2.76601e-05
7323.0000 2.76393e-05
7324.0000 2.76177e-05
7325.0000 2.75923e-05
7326.0000 2.75628e-05
7327.0000 2.75283e-05
7328.0000 2.74919e-05
7329.0000 2.74573e-05
7330.0000 2.74267e-05
7331.0000 2.73955e-05
7332.0000 2.7359e-05
7333.0000 2.73242e-05
7334.0000 2.72889e-05
7335.0000 2.7247e-05
7336.0000 2.71849e-05
7337.0000 2.71198e-05
7338.0000 2.70534e-05
7339.0000 2.69875e-05
7340.0000 2.69238e-05
7341.0000 2.68635e-05
7342.0000 2.68054e-05
7343.0000 2.6748e-05
7344.0000 2.66894e-05
7345.0000 2.66279e-05
7346.0000 2.65625e-05
7347.0000 2.64945e-05
7348.0000 2.64258e-05
7349.0000 2.63583e-05
7350.0000 2.62941e-05
7351.0000 2.62343e-05
7352.0000 2.6178e-05
7353.0000 2.61234e-05
7354.0000 2.6069e-05
7355.0000 2.6013e-05
7356.0000 2.59542e-05
7357.0000 2.58934e-05
7358.0000 2.58312e-05
7359.0000 2.57688e-05
7360.0000 2.5707e-05
7361.0000 2.56463e-05
7362.0000 2.55863e-05
7363.0000 2.55261e-05
7364.0000 2.5465e-05
7365.0000 2.54021e-05
7366.0000 2.53369e-05
7367.0000 2.52702e-05
7368.0000 2.52032e-05
7369.0000 2.51369e-05
7370.0000 2.50726e-05
7371.0000 2.50111e-05
7372.0000 2.49519e-05
7373.0000 2.48946e-05
7374.0000 2.48385e-05
7375.0000 2.47831e-05
7376.0000 2.4728e-05
7377.0000 2.4673e-05
7378.0000 2.4618e-05
7379.0000 2.45629e-05
7380.0000 2.45076e-05
7381.0000 2.44519e-05
7382.0000 2.43957e-05
7383.0000 2.43386e-05
7384.0000 2.42802e-05
7385.0000 2.42203e-05
7386.0000 2.41585e-05
7387.0000 2.40955e-05
7388.0000 2.40323e-05
7389.0000 2.39696e-05
7390.0000 2.39084e-05
7391.0000 2.38493e-05
7392.0000 2.37919e-05
7393.0000 2.37355e-05
7394.0000 2.36795e-05
7395.0000 2.36234e-05
7396.0000 2.35667e-05
7397.0000 2.35097e-05
7398.0000 2.34526e-05
7399.0000 2.33957e-05
7400.0000 2.33395e-05
7401.0000 2.32842e-05
7402.0000 2.32297e-05
7403.0000 2.31758e-05
7404.0000 2.31225e-05
7405.0000 2.30697e-05
7406.0000 2.30171e-05
7407.0000 2.29645e-05
7408.0000 2.29112e-05
7409.0000 2.28569e-05
7410.0000 2.28009e-05
7411.0000 2.2743e-05
7412.0000 2.26837e-05
7413.0000 2.26242e-05
7414.0000 2.25652e-05
7415.0000 2.25079e-05
7416.0000 2.24527e-05
7417.0000 2.23992e-05
7418.0000 2.23467e-05
7419.0000 2.22943e-05
7420.0000 2.22412e-05
7421.0000 2.2187e-05
7422.0000 2.21318e-05
7423.0000 2.20758e-05
7424.0000 2.20195e-05
7425.0000 2.1963e-05
7426.0000 2.19067e-05
7427.0000 2.18506e-05
7428.0000 2.1795e-05
7429.0000 2.174e-05
7430.0000 2.16859e-05
7431.0000 2.16327e-05
7432.0000 2.15801e-05
7433.0000 2.15278e-05
7434.0000 2.14754e-05
7435.0000 2.14224e-05
7436.0000 2.13685e-05
7437.0000 2.13139e-05
7438.0000 2.12588e-05
7439.0000 2.12032e-05
7440.0000 2.11474e-05
7441.0000 2.10915e-05
7442.0000 2.10358e-05
7443.0000 2.09807e-05
7444.0000 2.09264e-05
7445.0000 2.08735e-05
7446.0000 2.08221e-05
7447.0000 2.0772e-05
7448.0000 2.07228e-05
7449.0000 2.06741e-05
7450.0000 2.06256e-05
7451.0000 2.0577e-05
7452.0000 2.0528e-05
7453.0000 2.04788e-05
7454.0000 2.0429e-05
7455.0000 2.03787e-05
7456.0000 2.03276e-05
7457.0000 2.02761e-05
7458.0000 2.02242e-05
7459.0000 2.01722e-05
7460.0000 2.01203e-05
7461.0000 2.00686e-05
7462.0000 2.00172e-05
7463.0000 1.99658e-05
7464.0000 1.99144e-05
7465.0000 1.98629e-05
7466.0000 1.98113e-05
7467.0000 1.97597e-05
7468.0000 1.97083e-05
7469.0000 1.96572e-05
7470.0000 1.96066e-05
7471.0000 1.95567e-05
7472.0000 1.95075e-05
7473.0000 1.9459e-05
7474.0000 1.9411e-05
7475.0000 1.93636e-05
7476.0000 1.93166e-05
7477.0000 1.92696e-05
7478.0000 1.92219e-05
7479.0000 1.91728e-05
7480.0000 1.91215e-05
7481.0000 1.90677e-05
7482.0000 1.90126e-05
7483.0000 1.89578e-05
7484.0000 1.8905e-05
7485.0000 1.88559e-05
7486.0000 1.88115e-05
7487.0000 1.87701e-05
7488.0000 1.87293e-05
7489.0000 1.86868e-05
7490.0000 1.86402e-05
7491.0000 1.85879e-05
7492.0000 1.85316e-05
7493.0000 1.84739e-05
7494.0000 1.84173e-05
7495.0000 1.83644e-05
7496.0000 1.8317e-05
7497.0000 1.82739e-05
7498.0000 1.82331e-05
7499.0000 1.81926e-05
7500.0000 1.81506e-05
7501.0000 1.81054e-05
7502.0000 1.80579e-05
7503.0000 1.80091e-05
7504.0000 1.796e-05
7505.0000 1.79116e-05
7506.0000 1.78645e-05
7507.0000 1.78187e-05
7508.0000 1.77739e-05
7509.0000 1.77296e-05
7510.0000 1.76857e-05
7511.0000 1.76419e-05
7512.0000 1.75979e-05
7513.0000 1.75533e-05
7514.0000 1.75077e-05
7515.0000 1.74608e-05
7516.0000 1.74121e-05
7517.0000 1.73623e-05
7518.0000 1.7312e-05
7519.0000 1.72619e-05
7520.0000 1.72126e-05
7521.0000 1.71646e-05
7522.0000 1.71175e-05
7523.0000 1.70709e-05
7524.0000 1.70244e-05
7525.0000 1.69775e-05
7526.0000 1.69299e-05
7527.0000 1.68821e-05
7528.0000 1.68346e-05
7529.0000 1.67882e-05
7530.0000 1.67434e-05
7531.0000 1.67008e-05
7532.0000 1.66595e-05
7533.0000 1.66186e-05
7534.0000 1.65772e-05
7535.0000 1.65342e-05
7536.0000 1.6489e-05
7537.0000 1.64422e-05
7538.0000 1.63948e-05
7539.0000 1.63478e-05
7540.0000 1.6302e-05
7541.0000 1.62582e-05
7542.0000 1.62161e-05
7543.0000 1.61751e-05
7544.0000 1.61348e-05
7545.0000 1.60946e-05
7546.0000 1.60541e-05
7547.0000 1.60133e-05
7548.0000 1.5972e-05
7549.0000 1.59303e-05
7550.0000 1.5888e-05
7551.0000 1.58458e-05
7552.0000 1.58031e-05
7553.0000 1.57601e-05
7554.0000 1.5717e-05
7555.0000 1.5674e-05
7556.0000 1.56311e-05
7557.0000 1.55884e-05
7558.0000 1.55458e-05
7559.0000 1.55033e-05
7560.0000 1.54608e-05
7561.0000 1.54183e-05
7562.0000 1.53758e-05
7563.0000 1.53333e-05
7564.0000 1.52908e-05
7565.0000 1.52484e-05
7566.0000 1.52061e-05
7567.0000 1.51638e-05
7568.0000 1.51215e-05
7569.0000 1.50792e-05
7570.0000 1.50368e-05
7571.0000 1.50005e-05
7572.0000 1.49642e-05
7573.0000 1.4928e-05
7574.0000 1.4892e-05
7575.0000 1.48323e-05
7576.0000 1.47672e-05
7577.0000 1.47029e-05
7578.0000 1.46393e-05
7579.0000 1.45406e-05
7580.0000 1.44192e-05
7581.0000 1.42992e-05
7582.0000 1.41801e-05
7583.0000 1.40114e-05
7584.0000 1.37678e-05
7585.0000 1.35241e-05
7586.0000 1.32797e-05
7587.0000 1.29996e-05
7588.0000 1.25787e-05
7589.0000 1.21603e-05
7590.0000 1.17449e-05
7591.0000 1.1333e-05
7592.0000 1.0789e-05
7593.0000 1.02487e-05
7594.0000 9.71204e-06
7595.0000 9.17875e-06
7596.0000 8.64407e-06
7597.0000 8.11085e-06
7598.0000 7.57969e-06
7599.0000 7.05016e-06
7600.0000 6.62881e-06
7601.0000 6.27874e-06
7602.0000 5.92962e-06
7603.0000 5.58212e-06
7604.0000 5.35808e-06
7605.0000 5.31726e-06
7606.0000 5.27739e-06
7607.0000 5.23838e-06
7608.0000 5.24719e-06
7609.0000 5.44411e-06
7610.0000 5.64014e-06
7611.0000 5.83518e-06
7612.0000 6.02914e-06
7613.0000 6.28664e-06
7614.0000 6.54247e-06
7615.0000 6.7965e-06
7616.0000 7.04858e-06
7617.0000 7.22385e-06
7618.0000 7.37905e-06
7619.0000 7.53308e-06
7620.0000 7.68602e-06
7621.0000 7.74195e-06
7622.0000 7.73371e-06
7623.0000 7.72551e-06
7624.0000 7.71737e-06
7625.0000 7.67536e-06
7626.0000 7.58285e-06
7627.0000 7.49107e-06
7628.0000 7.40014e-06
7629.0000 7.31616e-06
7630.0000 7.25715e-06
7631.0000 7.19909e-06
7632.0000 7.14154e-06
7633.0000 7.08397e-06
7634.0000 7.11304e-06
7635.0000 7.14047e-06
7636.0000 7.16586e-06
7637.0000 7.18983e-06
7638.0000 7.26912e-06
7639.0000 7.36229e-06
7640.0000 7.45626e-06
7641.0000 7.5518e-06
7642.0000 7.66431e-06
7643.0000 7.78768e-06
7644.0000 7.91063e-06
7645.0000 8.03239e-06
7646.0000 8.15485e-06
7647.0000 8.27938e-06
7648.0000 8.40262e-06
7649.0000 8.52495e-06
7650.0000 8.64645e-06
7651.0000 8.76657e-06
7652.0000 8.88619e-06
7653.0000 9.00488e-06
7654.0000 9.12215e-06
7655.0000 9.22474e-06
7656.0000 9.3251e-06
7657.0000 9.42363e-06
7658.0000 9.52099e-06
7659.0000 9.60248e-06
7660.0000 9.68041e-06
7661.0000 9.75919e-06
7662.0000 9.8386e-06
7663.0000 9.90802e-06
7664.0000 9.97056e-06
7665.0000 1.00327e-05
7666.0000 1.00941e-05
7667.0000 1.01487e-05
7668.0000 1.01938e-05
7669.0000 1.02381e-05
7670.0000 1.02816e-05
7671.0000 1.03217e-05
7672.0000 1.03508e-05
7673.0000 1.03792e-05
7674.0000 1.04069e-05
7675.0000 1.0434e-05
7676.0000 1.04488e-05
7677.0000 1.04633e-05
7678.0000 1.04782e-05
7679.0000 1.04939e-05
7680.0000 1.04994e-05
7681.0000 1.05038e-05
7682.0000 1.05094e-05
7683.0000 1.05155e-05
7684.0000 1.05143e-05
7685.0000 1.05075e-05
7686.0000 1.04993e-05
7687.0000 1.04899e-05
7688.0000 1.0478e-05
7689.0000 1.0463e-05
7690.0000 1.0448e-05
7691.0000 1.04332e-05
7692.0000 1.04179e-05
7693.0000 1.04007e-05
7694.0000 1.03827e-05
7695.0000 1.03634e-05
7696.0000 1.03425e-05
7697.0000 1.03189e-05
7698.0000 1.02952e-05
7699.0000 1.02724e-05
7700.0000 1.02513e-05
7701.0000 1.02313e-05
7702.0000 1.02128e-05
7703.0000 1.01955e-05
7704.0000 1.01785e-05
7705.0000 1.01577e-05
7706.0000 1.01336e-05
7707.0000 1.01087e-05
7708.0000 1.00833e-05
7709.0000 1.00557e-05
7710.0000 1.00252e-05
7711.0000 9.99453e-06
7712.0000 9.96362e-06
7713.0000 9.93226e-06
7714.0000 9.90021e-06
7715.0000 9.86723e-06
7716.0000 9.83327e-06
7717.0000 9.79912e-06
7718.0000 9.76576e-06
7719.0000 9.73425e-06
7720.0000 9.70567e-06
7721.0000 9.68072e-06
7722.0000 9.65811e-06
7723.0000 9.63612e-06
7724.0000 9.61305e-06
7725.0000 9.58717e-06
7726.0000 9.55722e-06
7727.0000 9.52408e-06
7728.0000 9.48906e-06
7729.0000 9.45341e-06
7730.0000 9.41834e-06
7731.0000 9.38486e-06
7732.0000 9.35307e-06
7733.0000 9.32291e-06
7734.0000 9.29439e-06
7735.0000 9.26758e-06
7736.0000 9.24246e-06
7737.0000 9.21846e-06
7738.0000 9.19492e-06
7739.0000 9.17117e-06
7740.0000 9.14657e-06
7741.0000 9.1206e-06
7742.0000 9.0935e-06
7743.0000 9.06563e-06
7744.0000 9.03734e-06
7745.0000 9.00894e-06
7746.0000 8.98066e-06
7747.0000 8.95238e-06
7748.0000 8.92391e-06
7749.0000 8.89504e-06
7750.0000 8.86553e-06
7751.0000 8.83522e-06
7752.0000 8.80458e-06
7753.0000 8.77414e-06
7754.0000 8.74445e-06
7755.0000 8.71609e-06
7756.0000 8.68947e-06
7757.0000 8.66427e-06
7758.0000 8.64005e-06
7759.0000 8.61639e-06
7760.0000 8.5929e-06
7761.0000 8.5692e-06
7762.0000 8.54499e-06
7763.0000 8.51997e-06
7764.0000 8.49378e-06
7765.0000 8.46604e-06
7766.0000 8.43656e-06
7767.0000 8.40614e-06
7768.0000 8.37583e-06
7769.0000 8.34666e-06
7770.0000 8.3197e-06
7771.0000 8.29568e-06
7772.0000 8.2736e-06
7773.0000 8.25213e-06
7774.0000 8.22995e-06
7775.0000 8.20571e-06
7776.0000 8.17844e-06
7777.0000 8.14884e-06
7778.0000 8.11798e-06
7779.0000 8.08688e-06
7780.0000 8.05653e-06
7781.0000 8.02775e-06
7782.0000 8.00062e-06
7783.0000 7.97511e-06
7784.0000 7.95123e-06
7785.0000 7.92905e-06
7786.0000 7.90852e-06
7787.0000 7.88883e-06
7788.0000 7.86904e-06
7789.0000 7.84816e-06
7790.0000 7.82518e-06
7791.0000 7.79938e-06
7792.0000 7.77145e-06
7793.0000 7.74235e-06
7794.0000 7.713e-06
7795.0000 7.6843e-06
7796.0000 7.65697e-06
7797.0000 7.63099e-06
7798.0000 7.60619e-06
7799.0000 7.58246e-06
7800.0000 7.5597e-06
7801.0000 7.5378e-06
7802.0000 7.51631e-06
7803.0000 7.49473e-06
7804.0000 7.47254e-06
7805.0000 7.4492e-06
7806.0000 7.42435e-06
7807.0000 7.39844e-06
7808.0000 7.37212e-06
7809.0000 7.34598e-06
7810.0000 7.32064e-06
7811.0000 7.29658e-06
7812.0000 7.2736e-06
7813.0000 7.2514e-06
7814.0000 7.22968e-06
7815.0000 7.20818e-06
7816.0000 7.18664e-06
7817.0000 7.16477e-06
7818.0000 7.1423e-06
7819.0000 7.1189e-06
7820.0000 7.09422e-06
7821.0000 7.06811e-06
7822.0000 7.04136e-06
7823.0000 7.01498e-06
7824.0000 6.99001e-06
7825.0000 6.96753e-06
7826.0000 6.94821e-06
7827.0000 6.93079e-06
7828.0000 6.91359e-06
7829.0000 6.89494e-06
7830.0000 6.87312e-06
7831.0000 6.84698e-06
7832.0000 6.8181e-06
7833.0000 6.78862e-06
7834.0000 6.76067e-06
7835.0000 6.73645e-06
7836.0000 6.71745e-06
7837.0000 6.70212e-06
7838.0000 6.68825e-06
7839.0000 6.67369e-06
7840.0000 6.65626e-06
7841.0000 6.63438e-06
7842.0000 6.60916e-06
7843.0000 6.58228e-06
7844.0000 6.55534e-06
7845.0000 6.52995e-06
7846.0000 6.5073e-06
7847.0000 6.48684e-06
7848.0000 6.46763e-06
7849.0000 6.4488e-06
7850.0000 6.4295e-06
7851.0000 6.40905e-06
7852.0000 6.38771e-06
7853.0000 6.36589e-06
7854.0000 6.34401e-06
7855.0000 6.32245e-06
7856.0000 6.30151e-06
7857.0000 6.28109e-06
7858.0000 6.26099e-06
7859.0000 6.241e-06
7860.0000 6.22096e-06
7861.0000 6.20071e-06
7862.0000 6.18036e-06
7863.0000 6.16003e-06
7864.0000 6.13986e-06
7865.0000 6.11998e-06
7866.0000 6.10048e-06
7867.0000 6.08109e-06
7868.0000 6.06153e-06
7869.0000 6.04145e-06
7870.0000 6.02053e-06
7871.0000 5.99856e-06
7872.0000 5.97593e-06
7873.0000 5.95322e-06
7874.0000 5.93095e-06
7875.0000 5.90969e-06
7876.0000 5.88982e-06
7877.0000 5.87098e-06
7878.0000 5.85262e-06
7879.0000 5.83422e-06
7880.0000 5.81526e-06
7881.0000 5.79534e-06
7882.0000 5.77468e-06
7883.0000 5.7536e-06
7884.0000 5.73242e-06
7885.0000 5.71146e-06
7886.0000 5.69097e-06
7887.0000 5.67108e-06
7888.0000 5.65188e-06
7889.0000 5.6335e-06
7890.0000 5.61607e-06
7891.0000 5.59969e-06
7892.0000 5.58405e-06
7893.0000 5.56878e-06
7894.0000 5.5535e-06
7895.0000 5.53785e-06
7896.0000 5.52151e-06
7897.0000 5.50439e-06
7898.0000 5.4864e-06
7899.0000 5.46742e-06
7900.0000 5.44732e-06
7901.0000 5.42607e-06
7902.0000 5.40425e-06
7903.0000 5.38259e-06
7904.0000 5.36182e-06
7905.0000 5.34272e-06
7906.0000 5.3258e-06
7907.0000 5.31038e-06
7908.0000 5.29554e-06
7909.0000 5.28036e-06
7910.0000 5.26394e-06
7911.0000 5.2456e-06
7912.0000 5.22584e-06
7913.0000 5.20538e-06
7914.0000 5.18495e-06
7915.0000 5.16523e-06
7916.0000 5.14678e-06
7917.0000 5.12949e-06
7918.0000 5.11314e-06
7919.0000 5.09753e-06
7920.0000 5.08249e-06
7921.0000 5.06785e-06
7922.0000 5.05326e-06
7923.0000 5.03834e-06
7924.0000 5.02272e-06
7925.0000 5.00596e-06
7926.0000 4.98779e-06
7927.0000 4.96863e-06
7928.0000 4.94903e-06
7929.0000 4.92952e-06
7930.0000 4.91065e-06
7931.0000 4.89283e-06
7932.0000 4.87597e-06
7933.0000 4.85986e-06
7934.0000 4.84434e-06
7935.0000 4.82924e-06
7936.0000 4.81438e-06
7937.0000 4.7993e-06
7938.0000 4.78348e-06
7939.0000 4.76635e-06
7940.0000 4.74732e-06
7941.0000 4.72606e-06
7942.0000 4.70372e-06
7943.0000 4.68176e-06
7944.0000 4.66165e-06
7945.0000 4.64493e-06
7946.0000 4.63264e-06
7947.0000 4.62343e-06
7948.0000 4.61548e-06
7949.0000 4.60699e-06
7950.0000 4.59614e-06
7951.0000 4.58161e-06
7952.0000 4.56426e-06
7953.0000 4.54536e-06
7954.0000 4.52617e-06
7955.0000 4.50789e-06
7956.0000 4.49141e-06
7957.0000 4.47628e-06
7958.0000 4.46173e-06
7959.0000 4.44703e-06
7960.0000 4.43141e-06
7961.0000 4.4144e-06
7962.0000 4.39654e-06
7963.0000 4.37865e-06
7964.0000 4.36152e-06
7965.0000 4.34598e-06
7966.0000 4.33258e-06
7967.0000 4.32061e-06
7968.0000 4.30908e-06
7969.0000 4.29702e-06
7970.0000 4.28345e-06
7971.0000 4.26767e-06
7972.0000 4.25037e-06
7973.0000 4.23251e-06
7974.0000 4.21503e-06
7975.0000 4.19889e-06
7976.0000 4.18478e-06
7977.0000 4.1722e-06
7978.0000 4.16038e-06
7979.0000 4.14861e-06
7980.0000 4.13616e-06
7981.0000 4.12246e-06
7982.0000 4.10759e-06
7983.0000 4.09178e-06
7984.0000 4.07521e-06
7985.0000 4.05803e-06
7986.0000 4.04045e-06
7987.0000 4.02304e-06
7988.0000 4.00644e-06
7989.0000 3.99135e-06
7990.0000 3.97849e-06
7991.0000 3.96831e-06
7992.0000 3.95973e-06
7993.0000 3.95138e-06
7994.0000 3.94186e-06
7995.0000 3.92975e-06
7996.0000 3.91407e-06
7997.0000 3.89583e-06
7998.0000 3.87648e-06
7999.0000 3.8574e-06
8000.0000 3.84e-06
8001.0000 3.82562e-06
8002.0000 3.81347e-06
8003.0000 3.80271e-06
8004.0000 3.79258e-06
8005.0000 3.78234e-06
8006.0000 3.77137e-06
8007.0000 3.7596e-06
8008.0000 3.74704e-06
8009.0000 3.73368e-06
8010.0000 3.71948e-06
8011.0000 3.70446e-06
8012.0000 3.68907e-06
8013.0000 3.67384e-06
8014.0000 3.6593e-06
8015.0000 3.64602e-06
8016.0000 3.63436e-06
8017.0000 3.62378e-06
8018.0000 3.61353e-06
8019.0000 3.60287e-06
8020.0000 3.59106e-06
8021.0000 3.57756e-06
8022.0000 3.56286e-06
8023.0000 3.54763e-06
8024.0000 3.53255e-06
8025.0000 3.51829e-06
8026.0000 3.50535e-06
8027.0000 3.49356e-06
8028.0000 3.48261e-06
8029.0000 3.47222e-06
8030.0000 3.46211e-06
8031.0000 3.45207e-06
8032.0000 3.44195e-06
8033.0000 3.43162e-06
8034.0000 3.42096e-06
8035.0000 3.4098e-06
8036.0000 3.39806e-06
8037.0000 3.38588e-06
8038.0000 3.37348e-06
8039.0000 3.36105e-06
8040.0000 3.34879e-06
8041.0000 3.33682e-06
8042.0000 3.32504e-06
8043.0000 3.31325e-06
8044.0000 3.3013e-06
8045.0000 3.28897e-06
8046.0000 3.27618e-06
8047.0000 3.26316e-06
8048.0000 3.25022e-06
8049.0000 3.23769e-06
8050.0000 3.2259e-06
8051.0000 3.21507e-06
8052.0000 3.20492e-06
8053.0000 3.19506e-06
8054.0000 3.1851e-06
8055.0000 3.17465e-06
8056.0000 3.16344e-06
8057.0000 3.15165e-06
8058.0000 3.13957e-06
8059.0000 3.12749e-06
8060.0000 3.11569e-06
8061.0000 3.10437e-06
8062.0000 3.0934e-06
8063.0000 3.08257e-06
8064.0000 3.0717e-06
8065.0000 3.06057e-06
8066.0000 3.04905e-06
8067.0000 3.03727e-06
8068.0000 3.02542e-06
8069.0000 3.01366e-06
8070.0000 3.0022e-06
8071.0000 2.99116e-06
8072.0000 2.98048e-06
8073.0000 2.97003e-06
8074.0000 2.9597e-06
8075.0000 2.9494e-06
8076.0000 2.93904e-06
8077.0000 2.92865e-06
8078.0000 2.91827e-06
8079.0000 2.90795e-06
8080.0000 2.89774e-06
8081.0000 2.88768e-06
8082.0000 2.87773e-06
8083.0000 2.86785e-06
8084.0000 2.85798e-06
8085.0000 2.8481e-06
8086.0000 2.83815e-06
8087.0000 2.82814e-06
8088.0000 2.81808e-06
8089.0000 2.80798e-06
8090.0000 2.79783e-06
8091.0000 2.78766e-06
8092.0000 2.77756e-06
8093.0000 2.76762e-06
8094.0000 2.75796e-06
8095.0000 2.74869e-06
8096.0000 2.73988e-06
8097.0000 2.73131e-06
8098.0000 2.72268e-06
8099.0000 2.71372e-06
8100.0000 2.70413e-06
8101.0000 2.6937e-06
8102.0000 2.68267e-06
8103.0000 2.6714e-06
8104.0000 2.65821e-06
8105.0000 2.64414e-06
8106.0000 2.63076e-06
8107.0000 2.61796e-06
8108.0000 2.60648e-06
8109.0000 2.59661e-06
8110.0000 2.58678e-06
8111.0000 2.57688e-06
8112.0000 2.56704e-06
8113.0000 2.55755e-06
8114.0000 2.54829e-06
8115.0000 2.53938e-06
8116.0000 2.53089e-06
8117.0000 2.52226e-06
8118.0000 2.51342e-06
8119.0000 2.50397e-06
8120.0000 2.49354e-06
8121.0000 2.48054e-06
8122.0000 2.4664e-06
8123.0000 2.45203e-06
8124.0000 2.43797e-06
8125.0000 2.42366e-06
8126.0000 2.40989e-06
8127.0000 2.39716e-06
8128.0000 2.38505e-06
8129.0000 2.37306e-06
8130.0000 2.36073e-06
8131.0000 2.34803e-06
8132.0000 2.335e-06
8133.0000 2.32191e-06
8134.0000 2.30932e-06
8135.0000 2.29668e-06
8136.0000 2.28409e-06
8137.0000 2.27162e-06
8138.0000 2.26008e-06
8139.0000 2.24882e-06
8140.0000 2.23793e-06
8141.0000 2.22749e-06
8142.0000 2.21737e-06
8143.0000 2.20738e-06
8144.0000 2.19736e-06
8145.0000 2.18714e-06
8146.0000 2.17635e-06
8147.0000 2.16511e-06
8148.0000 2.15367e-06
8149.0000 2.1421e-06
8150.0000 2.13043e-06
8151.0000 2.11868e-06
8152.0000 2.10688e-06
8153.0000 2.09501e-06
8154.0000 2.08307e-06
8155.0000 2.07118e-06
8156.0000 2.05914e-06
8157.0000 2.04724e-06
8158.0000 2.03585e-06
8159.0000 2.02593e-06
8160.0000 2.0173e-06
8161.0000 2.01019e-06
8162.0000 2.00395e-06
8163.0000 1.99867e-06
8164.0000 1.99284e-06
8165.0000 1.98534e-06
8166.0000 1.97558e-06
8167.0000 1.94405e-06
8168.0000 1.89861e-06
8169.0000 1.88924e-06
8170.0000 1.88069e-06
8171.0000 1.8736e-06
8172.0000 1.8678e-06
8173.0000 1.87183e-06
8174.0000 1.87647e-06
8175.0000 1.88145e-06
8176.0000 1.88652e-06
8177.0000 1.88543e-06
8178.0000 1.88403e-06
8179.0000 1.88209e-06
8180.0000 1.87937e-06
8181.0000 1.86159e-06
8182.0000 1.84317e-06
8183.0000 1.82442e-06
8184.0000 1.8056e-06
8185.0000 1.804e-06
8186.0000 1.80266e-06
8187.0000 1.8017e-06
8188.0000 1.80122e-06
8189.0000 1.8005e-06
8190.0000 1.80056e-06
8191.0000 1.80147e-06
8192.0000 1.80285e-06
8193.0000 1.79538e-06
8194.0000 1.78747e-06
8195.0000 1.77865e-06
8196.0000 1.76858e-06
8197.0000 1.76181e-06
8198.0000 1.75477e-06
8199.0000 1.74802e-06
8200.0000 1.74214e-06
8201.0000 1.73631e-06
8202.0000 1.73139e-06
8203.0000 1.72682e-06
8204.0000 1.72207e-06
8205.0000 1.7272e-06
8206.0000 1.73112e-06
8207.0000 1.73412e-06
8208.0000 1.73666e-06
8209.0000 1.74045e-06
8210.0000 1.74466e-06
8211.0000 1.74963e-06
8212.0000 1.75515e-06
8213.0000 1.74847e-06
8214.0000 1.74179e-06
8215.0000 1.73478e-06
8216.0000 1.7272e-06
8217.0000 1.71729e-06
8218.0000 1.7071e-06
8219.0000 1.69679e-06
8220.0000 1.68651e-06
8221.0000 1.67583e-06
8222.0000 1.66546e-06
8223.0000 1.65551e-06
8224.0000 1.64612e-06
8225.0000 1.62892e-06
8226.0000 1.61255e-06
8227.0000 1.59672e-06
8228.0000 1.58104e-06
8229.0000 1.54732e-06
8230.0000 1.51313e-06
8231.0000 1.47824e-06
8232.0000 1.44296e-06
8233.0000 1.42384e-06
8234.0000 1.40492e-06
8235.0000 1.38652e-06
8236.0000 1.36888e-06
8237.0000 1.38981e-06
8238.0000 1.41078e-06
8239.0000 1.43154e-06
8240.0000 1.4518e-06
8241.0000 1.46728e-06
8242.0000 1.48217e-06
8243.0000 1.49663e-06
8244.0000 1.51087e-06
8245.0000 1.50678e-06
8246.0000 1.50295e-06
8247.0000 1.49938e-06
8248.0000 1.49601e-06
8249.0000 1.49463e-06
8250.0000 1.49337e-06
8251.0000 1.49227e-06
8252.0000 1.49128e-06
8253.0000 1.49052e-06
8254.0000 1.48987e-06
8255.0000 1.48933e-06
8256.0000 1.48889e-06
8257.0000 1.47817e-06
8258.0000 1.46738e-06
8259.0000 1.45639e-06
8260.0000 1.44505e-06
8261.0000 1.43434e-06
8262.0000 1.42317e-06
8263.0000 1.41158e-06
8264.0000 1.39959e-06
8265.0000 1.39635e-06
8266.0000 1.39264e-06
8267.0000 1.38875e-06
8268.0000 1.38506e-06
8269.0000 1.38274e-06
8270.0000 1.38141e-06
8271.0000 1.38136e-06
8272.0000 1.38229e-06
8273.0000 1.37516e-06
8274.0000 1.36824e-06
8275.0000 1.36113e-06
8276.0000 1.35355e-06
8277.0000 1.33874e-06
8278.0000 1.32377e-06
8279.0000 1.3088e-06
8280.0000 1.29399e-06
8281.0000 1.28743e-06
8282.0000 1.28096e-06
8283.0000 1.27442e-06
8284.0000 1.26766e-06
8285.0000 1.26603e-06
8286.0000 1.26386e-06
8287.0000 1.26133e-06
8288.0000 1.25872e-06
8289.0000 1.2547e-06
8290.0000 1.25116e-06
8291.0000 1.24828e-06
8292.0000 1.24594e-06
8293.0000 1.24152e-06
8294.0000 1.23723e-06
8295.0000 1.23287e-06
8296.0000 1.22827e-06
8297.0000 1.22705e-06
8298.0000 1.2256e-06
8299.0000 1.22394e-06
8300.0000 1.22208e-06
8301.0000 1.22063e-06
8302.0000 1.21895e-06
8303.0000 1.21704e-06
8304.0000 1.21484e-06
8305.0000 1.20827e-06
8306.0000 1.20141e-06
8307.0000 1.19447e-06
8308.0000 1.18774e-06
8309.0000 1.18243e-06
8310.0000 1.17789e-06
8311.0000 1.1743e-06
8312.0000 1.17138e-06
8313.0000 1.17258e-06
8314.0000 1.17368e-06
8315.0000 1.1743e-06
8316.0000 1.17416e-06
8317.0000 1.16842e-06
8318.0000 1.1622e-06
8319.0000 1.15564e-06
8320.0000 1.14888e-06
8321.0000 1.13772e-06
8322.0000 1.12669e-06
8323.0000 1.11597e-06
8324.0000 1.10574e-06
8325.0000 1.10038e-06
8326.0000 1.09578e-06
8327.0000 1.09167e-06
8328.0000 1.08768e-06
8329.0000 1.09012e-06
8330.0000 1.09193e-06
8331.0000 1.09284e-06
8332.0000 1.09313e-06
8333.0000 1.08921e-06
8334.0000 1.08546e-06
8335.0000 1.08226e-06
8336.0000 1.0799e-06
8337.0000 1.07612e-06
8338.0000 1.07269e-06
8339.0000 1.06933e-06
8340.0000 1.06574e-06
8341.0000 1.06174e-06
8342.0000 1.05742e-06
8343.0000 1.05297e-06
8344.0000 1.04859e-06
8345.0000 1.04665e-06
8346.0000 1.04505e-06
8347.0000 1.04362e-06
8348.0000 1.0421e-06
8349.0000 1.04071e-06
8350.0000 1.03872e-06
8351.0000 1.03594e-06
8352.0000 1.03268e-06
8353.0000 1.02682e-06
8354.0000 1.02126e-06
8355.0000 1.0164e-06
8356.0000 1.0125e-06
8357.0000 1.00858e-06
8358.0000 1.00491e-06
8359.0000 1.00109e-06
8360.0000 9.96697e-07
8361.0000 9.92221e-07
8362.0000 9.8706e-07
8363.0000 9.81503e-07
8364.0000 9.75825e-07
8365.0000 9.71203e-07
8366.0000 9.66951e-07
8367.0000 9.63151e-07
8368.0000 9.59864e-07
8369.0000 9.5711e-07
8370.0000 9.55055e-07
8371.0000 9.53733e-07
8372.0000 9.52804e-07
8373.0000 9.51495e-07
8374.0000 9.49728e-07
8375.0000 9.47061e-07
8376.0000 9.43182e-07
8377.0000 9.37742e-07
8378.0000 9.31874e-07
8379.0000 9.26012e-07
8380.0000 9.20591e-07
8381.0000 9.16496e-07
8382.0000 9.13036e-07
8383.0000 9.09988e-07
8384.0000 9.07146e-07
8385.0000 9.04637e-07
8386.0000 9.01987e-07
8387.0000 8.99245e-07
8388.0000 8.96507e-07
8389.0000 8.93165e-07
8390.0000 8.90029e-07
8391.0000 8.87152e-07
8392.0000 8.84389e-07
8393.0000 8.82082e-07
8394.0000 8.79494e-07
8395.0000 8.76418e-07
8396.0000 8.72718e-07
8397.0000 8.6842e-07
8398.0000 8.64009e-07
8399.0000 8.59773e-07
8400.0000 8.56006e-07
8401.0000 8.5278e-07
8402.0000 8.50037e-07
8403.0000 8.47497e-07
8404.0000 8.44891e-07
8405.0000 8.41925e-07
8406.0000 8.38415e-07
8407.0000 8.34458e-07
8408.0000 8.30215e-07
8409.0000 8.2548e-07
8410.0000 8.20753e-07
8411.0000 8.16161e-07
8412.0000 8.11788e-07
8413.0000 8.07966e-07
8414.0000 8.04528e-07
8415.0000 8.01578e-07
8416.0000 7.99179e-07
8417.0000 7.9746e-07
8418.0000 7.95926e-07
8419.0000 7.94379e-07
8420.0000 7.92624e-07
8421.0000 7.90379e-07
8422.0000 7.87726e-07
8423.0000 7.84651e-07
8424.0000 7.81126e-07
8425.0000 7.77423e-07
8426.0000 7.73222e-07
8427.0000 7.6878e-07
8428.0000 7.64415e-07
8429.0000 7.60187e-07
8430.0000 7.56695e-07
8431.0000 7.54173e-07
8432.0000 7.52371e-07
8433.0000 7.50598e-07
8434.0000 7.48862e-07
8435.0000 7.46831e-07
8436.0000 7.44241e-07
8437.0000 7.41187e-07
8438.0000 7.37694e-07
8439.0000 7.33831e-07
8440.0000 7.29655e-07
8441.0000 7.25361e-07
8442.0000 7.21076e-07
8443.0000 7.17081e-07
8444.0000 7.13666e-07
8445.0000 7.11331e-07
8446.0000 7.10077e-07
8447.0000 7.09492e-07
8448.0000 7.09028e-07
8449.0000 7.08139e-07
8450.0000 7.06276e-07
8451.0000 7.03064e-07
8452.0000 6.98958e-07
8453.0000 6.94564e-07
8454.0000 6.90537e-07
8455.0000 6.87514e-07
8456.0000 6.85946e-07
8457.0000 6.85369e-07
8458.0000 6.85277e-07
8459.0000 6.85115e-07
8460.0000 6.84325e-07
8461.0000 6.82374e-07
8462.0000 6.79614e-07
8463.0000 6.76409e-07
8464.0000 6.73105e-07
8465.0000 6.70071e-07
8466.0000 6.67531e-07
8467.0000 6.65376e-07
8468.0000 6.63418e-07
8469.0000 6.61665e-07
8470.0000 6.59747e-07
8471.0000 6.57535e-07
8472.0000 6.55101e-07
8473.0000 6.52494e-07
8474.0000 6.499e-07
8475.0000 6.47434e-07
8476.0000 6.45151e-07
8477.0000 6.42751e-07
8478.0000 6.40078e-07
8479.0000 6.36859e-07
8480.0000 6.32801e-07
8481.0000 6.27662e-07
8482.0000 6.2205e-07
8483.0000 6.16633e-07
8484.0000 6.12086e-07
8485.0000 6.09206e-07
8486.0000 6.08378e-07
8487.0000 6.09002e-07
8488.0000 6.1025e-07
8489.0000 6.11353e-07
8490.0000 6.11473e-07
8491.0000 6.09998e-07
8492.0000 6.07192e-07
8493.0000 6.03461e-07
8494.0000 5.99242e-07
8495.0000 5.94917e-07
8496.0000 5.90806e-07
8497.0000 5.87055e-07
8498.0000 5.8368e-07
8499.0000 5.80755e-07
8500.0000 5.78372e-07
8501.0000 5.76617e-07
8502.0000 5.75193e-07
8503.0000 5.7379e-07
8504.0000 5.72103e-07
8505.0000 5.69778e-07
8506.0000 5.66639e-07
8507.0000 5.62967e-07
8508.0000 5.59154e-07
8509.0000 5.55543e-07
8510.0000 5.52569e-07
8511.0000 5.50497e-07
8512.0000 5.49026e-07
8513.0000 5.47652e-07
8514.0000 5.4603e-07
8515.0000 5.43732e-07
8516.0000 5.40468e-07
8517.0000 5.36638e-07
8518.0000 5.32634e-07
8519.0000 5.28909e-07
8520.0000 5.2593e-07
8521.0000 5.24186e-07
8522.0000 5.23329e-07
8523.0000 5.23044e-07
8524.0000 5.23037e-07
8525.0000 5.22982e-07
8526.0000 5.22686e-07
8527.0000 5.22062e-07
8528.0000 5.21051e-07
8529.0000 5.19579e-07
8530.0000 5.1755e-07
8531.0000 5.14913e-07
8532.0000 5.11857e-07
8533.0000 5.08593e-07
8534.0000 5.05379e-07
8535.0000 5.02444e-07
8536.0000 4.99959e-07
8537.0000 4.97781e-07
8538.0000 4.95809e-07
8539.0000 4.93903e-07
8540.0000 4.91924e-07
8541.0000 4.89731e-07
8542.0000 4.87382e-07
8543.0000 4.84927e-07
8544.0000 4.82414e-07
8545.0000 4.79935e-07
8546.0000 4.77485e-07
8547.0000 4.75108e-07
8548.0000 4.72853e-07
8549.0000 4.7084e-07
8550.0000 4.6906e-07
8551.0000 4.67542e-07
8552.0000 4.66156e-07
8553.0000 4.64692e-07
8554.0000 4.63033e-07
8555.0000 4.61008e-07
8556.0000 4.58506e-07
8557.0000 4.55641e-07
8558.0000 4.52697e-07
8559.0000 4.499e-07
8560.0000 4.47479e-07
8561.0000 4.45678e-07
8562.0000 4.44358e-07
8563.0000 4.43397e-07
8564.0000 4.42688e-07
8565.0000 4.42149e-07
8566.0000 4.41661e-07
8567.0000 4.41064e-07
8568.0000 4.4018e-07
8569.0000 4.38786e-07
8570.0000 4.36705e-07
8571.0000 4.33807e-07
8572.0000 4.30349e-07
8573.0000 4.26629e-07
8574.0000 4.23018e-07
8575.0000 4.1985e-07
8576.0000 4.17383e-07
8577.0000 4.15543e-07
8578.0000 4.14184e-07
8579.0000 4.13183e-07
8580.0000 4.12432e-07
8581.0000 4.11906e-07
8582.0000 4.1141e-07
8583.0000 4.10822e-07
8584.0000 4.10019e-07
8585.0000 4.08851e-07
8586.0000 4.07238e-07
8587.0000 4.05253e-07
8588.0000 4.03003e-07
8589.0000 4.00546e-07
8590.0000 3.98008e-07
8591.0000 3.95479e-07
8592.0000 3.93071e-07
8593.0000 3.90906e-07
8594.0000 3.89121e-07
8595.0000 3.87863e-07
8596.0000 3.8722e-07
8597.0000 3.86998e-07
8598.0000 3.86895e-07
8599.0000 3.86636e-07
8600.0000 3.85941e-07
8601.0000 3.84597e-07
8602.0000 3.8272e-07
8603.0000 3.80487e-07
8604.0000 3.78063e-07
8605.0000 3.75594e-07
8606.0000 3.73218e-07
8607.0000 3.70981e-07
8608.0000 3.68909e-07
8609.0000 3.67029e-07
8610.0000 3.65387e-07
8611.0000 3.64013e-07
8612.0000 3.62863e-07
8613.0000 3.61881e-07
8614.0000 3.61022e-07
8615.0000 3.60244e-07
8616.0000 3.59492e-07
8617.0000 3.58654e-07
8618.0000 3.5758e-07
8619.0000 3.5612e-07
8620.0000 3.5411e-07
8621.0000 3.51468e-07
8622.0000 3.48495e-07
8623.0000 3.45587e-07
8624.0000 3.43138e-07
8625.0000 3.41555e-07
8626.0000 3.4111e-07
8627.0000 3.41398e-07
8628.0000 3.41865e-07
8629.0000 3.41967e-07
8630.0000 3.41147e-07
8631.0000 3.39025e-07
8632.0000 3.36018e-07
8633.0000 3.32725e-07
8634.0000 3.29721e-07
8635.0000 3.27596e-07
8636.0000 3.26765e-07
8637.0000 3.26859e-07
8638.0000 3.27339e-07
8639.0000 3.27683e-07
8640.0000 3.27364e-07
8641.0000 3.25997e-07
8642.0000 3.23826e-07
8643.0000 3.21229e-07
8644.0000 3.18564e-07
8645.0000 3.16187e-07
8646.0000 3.14362e-07
8647.0000 3.12972e-07
8648.0000 3.11814e-07
8649.0000 3.10698e-07
8650.0000 3.09435e-07
8651.0000 3.07912e-07
8652.0000 3.06334e-07
8653.0000 3.04985e-07
8654.0000 3.04159e-07
8655.0000 3.04168e-07
8656.0000 3.05217e-07
8657.0000 3.06987e-07
8658.0000 3.09049e-07
8659.0000 3.10987e-07
8660.0000 3.12382e-07
8661.0000 3.12927e-07
8662.0000 3.12806e-07
8663.0000 3.12306e-07
8664.0000 3.11702e-07
8665.0000 3.11262e-07
8666.0000 3.11196e-07
8667.0000 3.11469e-07
8668.0000 3.11999e-07
8669.0000 3.12711e-07
8670.0000 3.13542e-07
8671.0000 3.14423e-07
8672.0000 3.15266e-07
8673.0000 3.15974e-07
8674.0000 3.16444e-07
8675.0000 3.16566e-07
8676.0000 3.16259e-07
8677.0000 3.15598e-07
8678.0000 3.14692e-07
8679.0000 3.13634e-07
8680.0000 3.12516e-07
8681.0000 3.11348e-07
8682.0000 3.09844e-07
8683.0000 3.07627e-07
8684.0000 3.04296e-07
8685.0000 2.99403e-07
8686.0000 2.92697e-07
8687.0000 2.84878e-07
8688.0000 2.76855e-07
8689.0000 2.69526e-07
8690.0000 2.63811e-07
8691.0000 2.60391e-07
8692.0000 2.58812e-07
8693.0000 2.58392e-07
8694.0000 2.58495e-07
8695.0000 2.58511e-07
8696.0000 2.57966e-07
8697.0000 2.56927e-07
8698.0000 2.55581e-07
8699.0000 2.54103e-07
8700.0000 2.52659e-07
8701.0000 2.5138e-07
8702.0000 2.50246e-07
8703.0000 2.49202e-07
8704.0000 2.48201e-07
8705.0000 2.47192e-07
8706.0000 2.4614e-07
8707.0000 2.45047e-07
8708.0000 2.43926e-07
8709.0000 2.42789e-07
8710.0000 2.41644e-07
8711.0000 2.40503e-07
8712.0000 2.39375e-07
8713.0000 2.38273e-07
8714.0000 2.37206e-07
8715.0000 2.36188e-07
8716.0000 2.35227e-07
8717.0000 2.34304e-07
8718.0000 2.33394e-07
8719.0000 2.32472e-07
8720.0000 2.31514e-07
8721.0000 2.30503e-07
8722.0000 2.29459e-07
8723.0000 2.28411e-07
8724.0000 2.27385e-07
8725.0000 2.2641e-07
8726.0000 2.25506e-07
8727.0000 2.24651e-07
8728.0000 2.23815e-07
8729.0000 2.22968e-07
8730.0000 2.2208e-07
8731.0000 2.21129e-07
8732.0000 2.20128e-07
8733.0000 2.191e-07
8734.0000 2.18063e-07
8735.0000 2.17038e-07
8736.0000 2.1604e-07
8737.0000 2.15067e-07
8738.0000 2.14114e-07
8739.0000 2.13178e-07
8740.0000 2.12254e-07
8741.0000 2.11341e-07
8742.0000 2.10436e-07
8743.0000 2.09541e-07
8744.0000 2.08657e-07
8745.0000 2.07783e-07
8746.0000 2.06922e-07
8747.0000 2.0607e-07
8748.0000 2.05228e-07
8749.0000 2.04393e-07
8750.0000 2.03565e-07
8751.0000 2.0276e-07
8752.0000 2.01953e-07
8753.0000 2.0114e-07
8754.0000 2.00312e-07
8755.0000 1.99462e-07
8756.0000 1.98586e-07
8757.0000 1.97694e-07
8758.0000 1.96798e-07
8759.0000 1.95911e-07
8760.0000 1.95046e-07
8761.0000 1.94211e-07
8762.0000 1.934e-07
8763.0000 1.92599e-07
8764.0000 1.91798e-07
8765.0000 1.90985e-07
8766.0000 1.90152e-07
8767.0000 1.89309e-07
8768.0000 1.88467e-07
8769.0000 1.87639e-07
8770.0000 1.86837e-07
8771.0000 1.86069e-07
8772.0000 1.85326e-07
8773.0000 1.84592e-07
8774.0000 1.83854e-07
8775.0000 1.83098e-07
8776.0000 1.82315e-07
8777.0000 1.81514e-07
8778.0000 1.80704e-07
8779.0000 1.79898e-07
8780.0000 1.79107e-07
8781.0000 1.78333e-07
8782.0000 1.77576e-07
8783.0000 1.76829e-07
8784.0000 1.76082e-07
8785.0000 1.7533e-07
8786.0000 1.74566e-07
8787.0000 1.73795e-07
8788.0000 1.73026e-07
8789.0000 1.7228e-07
8790.0000 1.71556e-07
8791.0000 1.70859e-07
8792.0000 1.7018e-07
8793.0000 1.69501e-07
8794.0000 1.68813e-07
8795.0000 1.681e-07
8796.0000 1.67355e-07
8797.0000 1.66587e-07
8798.0000 1.6582e-07
8799.0000 1.65075e-07
8800.0000 1.64371e-07
8801.0000 1.63717e-07
8802.0000 1.631e-07
8803.0000 1.62495e-07
8804.0000 1.61878e-07
8805.0000 1.61219e-07
8806.0000 1.60504e-07
8807.0000 1.59748e-07
8808.0000 1.58969e-07
8809.0000 1.58198e-07
8810.0000 1.57443e-07
8811.0000 1.56719e-07
8812.0000 1.56024e-07
8813.0000 1.55352e-07
8814.0000 1.54696e-07
8815.0000 1.54052e-07
8816.0000 1.53414e-07
8817.0000 1.52777e-07
8818.0000 1.52143e-07
8819.0000 1.51512e-07
8820.0000 1.50882e-07
8821.0000 1.50245e-07
8822.0000 1.49607e-07
8823.0000 1.4897e-07
8824.0000 1.48331e-07
8825.0000 1.47695e-07
8826.0000 1.47058e-07
8827.0000 1.46419e-07
8828.0000 1.45778e-07
8829.0000 1.45152e-07
8830.0000 1.44523e-07
8831.0000 1.43892e-07
8832.0000 1.43264e-07
8833.0000 1.42634e-07
8834.0000 1.42021e-07
8835.0000 1.41434e-07
8836.0000 1.40875e-07
8837.0000 1.40326e-07
8838.0000 1.39778e-07
8839.0000 1.39215e-07
8840.0000 1.38622e-07
8841.0000 1.37996e-07
8842.0000 1.3734e-07
8843.0000 1.36675e-07
8844.0000 1.36018e-07
8845.0000 1.35396e-07
8846.0000 1.34814e-07
8847.0000 1.34267e-07
8848.0000 1.33746e-07
8849.0000 1.33234e-07
8850.0000 1.32733e-07
8851.0000 1.32235e-07
8852.0000 1.31732e-07
8853.0000 1.31207e-07
8854.0000 1.30661e-07
8855.0000 1.30084e-07
8856.0000 1.2947e-07
8857.0000 1.28808e-07
8858.0000 1.28142e-07
8859.0000 1.27489e-07
8860.0000 1.26866e-07
8861.0000 1.26277e-07
8862.0000 1.2572e-07
8863.0000 1.25177e-07
8864.0000 1.2463e-07
8865.0000 1.2413e-07
8866.0000 1.23598e-07
8867.0000 1.23041e-07
8868.0000 1.22475e-07
8869.0000 1.21906e-07
8870.0000 1.21355e-07
8871.0000 1.20832e-07
8872.0000 1.20334e-07
8873.0000 1.19852e-07
8874.0000 1.19385e-07
8875.0000 1.18927e-07
8876.0000 1.18475e-07
8877.0000 1.18011e-07
8878.0000 1.17542e-07
8879.0000 1.17061e-07
8880.0000 1.16563e-07
8881.0000 1.15992e-07
8882.0000 1.1541e-07
8883.0000 1.14832e-07
8884.0000 1.14269e-07
8885.0000 1.13784e-07
8886.0000 1.13337e-07
8887.0000 1.12916e-07
8888.0000 1.12501e-07
8889.0000 1.12131e-07
8890.0000 1.11731e-07
8891.0000 1.11291e-07
8892.0000 1.10821e-07
8893.0000 1.10298e-07
8894.0000 1.09778e-07
8895.0000 1.09275e-07
8896.0000 1.08802e-07
8897.0000 1.08315e-07
8898.0000 1.07842e-07
8899.0000 1.07376e-07
8900.0000 1.06907e-07
8901.0000 1.06431e-07
8902.0000 1.05948e-07
8903.0000 1.0546e-07
8904.0000 1.04969e-07
8905.0000 1.04514e-07
8906.0000 1.04062e-07
8907.0000 1.03612e-07
8908.0000 1.03164e-07
8909.0000 1.0272e-07
8910.0000 1.02279e-07
8911.0000 1.0184e-07
8912.0000 1.01403e-07
8913.0000 1.00956e-07
8914.0000 1.00512e-07
8915.0000 1.00073e-07
8916.0000 9.96382e-08
8917.0000 9.91808e-08
8918.0000 9.87289e-08
8919.0000 9.82829e-08
8920.0000 9.78433e-08
8921.0000 9.73874e-08
8922.0000 9.69342e-08
8923.0000 9.64789e-08
8924.0000 9.60169e-08
8925.0000 9.56075e-08
8926.0000 9.51827e-08
8927.0000 9.47498e-08
8928.0000 9.43182e-08
8929.0000 9.37955e-08
8930.0000 9.32943e-08
8931.0000 9.28211e-08
8932.0000 9.2367e-08
8933.0000 9.18222e-08
8934.0000 9.12726e-08
8935.0000 9.07061e-08
8936.0000 9.01145e-08
8937.0000 8.97212e-08
8938.0000 8.93244e-08
8939.0000 8.89374e-08
8940.0000 8.8574e-08
8941.0000 8.82683e-08
8942.0000 8.79849e-08
8943.0000 8.77089e-08
8944.0000 8.74257e-08
8945.0000 8.69569e-08
8946.0000 8.64568e-08
8947.0000 8.59348e-08
8948.0000 8.54045e-08
8949.0000 8.48159e-08
8950.0000 8.42456e-08
8951.0000 8.37029e-08
8952.0000 8.31828e-08
8953.0000 8.25777e-08
8954.0000 8.19797e-08
8955.0000 8.13812e-08
8956.0000 8.07765e-08
8957.0000 8.0131e-08
8958.0000 7.94837e-08
8959.0000 7.88375e-08
8960.0000 7.81948e-08
8961.0000 7.77787e-08
8962.0000 7.73656e-08
8963.0000 7.69544e-08
8964.0000 7.65443e-08
8965.0000 7.57482e-08
8966.0000 7.49554e-08
8967.0000 7.41686e-08
8968.0000 7.33913e-08
8969.0000 7.27938e-08
8970.0000 7.22116e-08
8971.0000 7.1647e-08
8972.0000 7.10959e-08
8973.0000 7.08912e-08
8974.0000 7.0687e-08
8975.0000 7.04782e-08
8976.0000 7.02606e-08
8977.0000 6.99384e-08
8978.0000 6.96077e-08
8979.0000 6.92684e-08
8980.0000 6.89197e-08
8981.0000 6.88846e-08
8982.0000 6.88425e-08
8983.0000 6.87994e-08
8984.0000 6.87618e-08
8985.0000 6.83409e-08
8986.0000 6.794e-08
8987.0000 6.75532e-08
8988.0000 6.71722e-08
8989.0000 6.59892e-08
8990.0000 6.48026e-08
8991.0000 6.36075e-08
8992.0000 6.24093e-08
8993.0000 6.12358e-08
8994.0000 6.00733e-08
8995.0000 5.89283e-08
8996.0000 5.78052e-08
8997.0000 5.85538e-08
8998.0000 5.93009e-08
8999.0000 6.00427e-08
9000.0000 6.0775e-08
9001.0000 6.11671e-08
9002.0000 6.15509e-08
9003.0000 6.19286e-08
9004.0000 6.23028e-08
9005.0000 6.14721e-08
9006.0000 6.06524e-08
9007.0000 5.98409e-08
9008.0000 5.90339e-08
9009.0000 5.88139e-08
9010.0000 5.85861e-08
9011.0000 5.83486e-08
9012.0000 5.81057e-08
9013.0000 5.80781e-08
9014.0000 5.80555e-08
9015.0000 5.80446e-08
9016.0000 5.80497e-08
9017.0000 5.77434e-08
9018.0000 5.74425e-08
9019.0000 5.71394e-08
9020.0000 5.68263e-08
9021.0000 5.65201e-08
9022.0000 5.6203e-08
9023.0000 5.58818e-08
9024.0000 5.55629e-08
9025.0000 5.54274e-08
9026.0000 5.5304e-08
9027.0000 5.51892e-08
9028.0000 5.50782e-08
9029.0000 5.48705e-08
9030.0000 5.46576e-08
9031.0000 5.44358e-08
9032.0000 5.42074e-08
9033.0000 5.44341e-08
9034.0000 5.46568e-08
9035.0000 5.48791e-08
9036.0000 5.51038e-08
9037.0000 5.53207e-08
9038.0000 5.55387e-08
9039.0000 5.5757e-08
9040.0000 5.59748e-08
9041.0000 5.58313e-08
9042.0000 5.56882e-08
9043.0000 5.55437e-08
9044.0000 5.53962e-08
9045.0000 5.49817e-08
9046.0000 5.45639e-08
9047.0000 5.41452e-08
9048.0000 5.37293e-08
9049.0000 5.35878e-08
9050.0000 5.34537e-08
9051.0000 5.33297e-08
9052.0000 5.32126e-08
9053.0000 5.3012e-08
9054.0000 5.28106e-08
9055.0000 5.26043e-08
9056.0000 5.23901e-08
9057.0000 5.20963e-08
9058.0000 5.17999e-08
9059.0000 5.15034e-08
9060.0000 5.12096e-08
9061.0000 5.09778e-08
9062.0000 5.075e-08
9063.0000 5.05258e-08
9064.0000 5.03048e-08
9065.0000 4.98407e-08
9066.0000 4.93813e-08
9067.0000 4.89256e-08
9068.0000 4.84725e-08
9069.0000 4.79306e-08
9070.0000 4.73902e-08
9071.0000 4.68506e-08
9072.0000 4.63138e-08
9073.0000 4.55627e-08
9074.0000 4.48207e-08
9075.0000 4.40902e-08
9076.0000 4.33723e-08
9077.0000 4.32958e-08
9078.0000 4.32185e-08
9079.0000 4.31359e-08
9080.0000 4.30431e-08
9081.0000 4.30346e-08
9082.0000 4.30154e-08
9083.0000 4.29907e-08
9084.0000 4.29656e-08
9085.0000 4.27015e-08
9086.0000 4.24485e-08
9087.0000 4.22047e-08
9088.0000 4.19669e-08
9089.0000 4.19372e-08
9090.0000 4.19062e-08
9091.0000 4.18716e-08
9092.0000 4.18339e-08
9093.0000 4.17614e-08
9094.0000 4.16879e-08
9095.0000 4.16143e-08
9096.0000 4.15412e-08
9097.0000 4.14046e-08
9098.0000 4.12675e-08
9099.0000 4.1129e-08
9100.0000 4.0988e-08
9101.0000 4.06361e-08
9102.0000 4.02856e-08
9103.0000 3.99395e-08
9104.0000 3.96007e-08
9105.0000 3.93136e-08
9106.0000 3.90384e-08
9107.0000 3.87707e-08
9108.0000 3.85046e-08
9109.0000 3.83207e-08
9110.0000 3.81262e-08
9111.0000 3.79173e-08
9112.0000 3.76994e-08
9113.0000 3.78131e-08
9114.0000 3.79293e-08
9115.0000 3.80558e-08
9116.0000 3.81984e-08
9117.0000 3.82706e-08
9118.0000 3.83464e-08
9119.0000 3.84179e-08
9120.0000 3.8477e-08
9121.0000 3.79678e-08
9122.0000 3.74495e-08
9123.0000 3.69285e-08
9124.0000 3.64109e-08
9125.0000 3.63787e-08
9126.0000 3.63553e-08
9127.0000 3.63399e-08
9128.0000 3.63306e-08
9129.0000 3.62066e-08
9130.0000 3.60865e-08
9131.0000 3.59691e-08
9132.0000 3.58535e-08
9133.0000 3.52542e-08
9134.0000 3.46592e-08
9135.0000 3.4068e-08
9136.0000 3.34797e-08
9137.0000 3.31142e-08
9138.0000 3.27469e-08
9139.0000 3.23759e-08
9140.0000 3.19993e-08
9141.0000 3.2057e-08
9142.0000 3.21065e-08
9143.0000 3.21518e-08
9144.0000 3.21965e-08
9145.0000 3.2562e-08
9146.0000 3.29309e-08
9147.0000 3.33029e-08
9148.0000 3.36769e-08
9149.0000 3.36568e-08
9150.0000 3.36404e-08
9151.0000 3.36267e-08
9152.0000 3.36141e-08
9153.0000 3.30687e-08
9154.0000 3.25247e-08
9155.0000 3.19805e-08
9156.0000 3.14349e-08
9157.0000 3.07378e-08
9158.0000 3.00447e-08
9159.0000 2.93576e-08
9160.0000 2.86783e-08
9161.0000 2.88298e-08
9162.0000 2.89827e-08
9163.0000 2.91361e-08
9164.0000 2.92892e-08
9165.0000 2.97006e-08
9166.0000 3.01079e-08
9167.0000 3.05106e-08
9168.0000 3.09077e-08
9169.0000 3.089e-08
9170.0000 3.08684e-08
9171.0000 3.08425e-08
9172.0000 3.08126e-08
9173.0000 0
