3510.00 0
3511.00 2.3783e-09
3512.00 4.61688e-09
3513.00 6.68318e-09
3514.00 8.53686e-09
3515.00 1.01281e-08
3516.00 1.143e-08
3517.00 1.25415e-08
3518.00 1.35892e-08
3519.00 1.46983e-08
3520.00 1.5998e-08
3521.00 1.75899e-08
3522.00 1.94442e-08
3523.00 2.15048e-08
3524.00 2.37226e-08
3525.00 2.60542e-08
3526.00 2.84668e-08
3527.00 3.09601e-08
3528.00 3.35438e-08
3529.00 3.62307e-08
3530.00 3.90375e-08
3531.00 4.1995e-08
3532.00 4.51795e-08
3533.00 4.86862e-08
3534.00 5.26237e-08
3535.00 5.71185e-08
3536.00 6.22704e-08
3537.00 6.80069e-08
3538.00 7.42273e-08
3539.00 8.08482e-08
3540.00 8.78e-08
3541.00 9.50372e-08
3542.00 1.02576e-07
3543.00 1.10458e-07
3544.00 1.18735e-07
3545.00 1.27475e-07
3546.00 1.36749e-07
3547.00 1.46587e-07
3548.00 1.57025e-07
3549.00 1.68122e-07
3550.00 1.79961e-07
3551.00 1.92613e-07
3552.00 2.06016e-07
3553.00 2.20095e-07
3554.00 2.34796e-07
3555.00 2.50089e-07
3556.00 2.65982e-07
3557.00 2.82577e-07
3558.00 3.00024e-07
3559.00 3.18503e-07
3560.00 3.38235e-07
3561.00 3.59402e-07
3562.00 3.81896e-07
3563.00 4.05567e-07
3564.00 4.30309e-07
3565.00 4.56052e-07
3566.00 4.82771e-07
3567.00 5.10524e-07
3568.00 5.39412e-07
3569.00 5.69583e-07
3570.00 6.01228e-07
3571.00 6.34512e-07
3572.00 6.69329e-07
3573.00 7.05544e-07
3574.00 7.43071e-07
3575.00 7.81868e-07
3576.00 8.21946e-07
3577.00 8.6341e-07
3578.00 9.06425e-07
3579.00 9.5121e-07
3580.00 9.98052e-07
3581.00 1.04721e-06
3582.00 1.09865e-06
3583.00 1.1523e-06
3584.00 1.20818e-06
3585.00 1.26638e-06
3586.00 1.32701e-06
3587.00 1.38997e-06
3588.00 1.45518e-06
3589.00 1.52261e-06
3590.00 1.59235e-06
3591.00 1.66443e-06
3592.00 1.73853e-06
3593.00 1.8143e-06
3594.00 1.89144e-06
3595.00 1.96967e-06
3596.00 2.04891e-06
3597.00 2.12978e-06
3598.00 2.21309e-06
3599.00 2.29977e-06
3600.00 2.39086e-06
3601.00 2.48717e-06
3602.00 2.58805e-06
3603.00 2.69259e-06
3604.00 2.80002e-06
3605.00 2.90964e-06
3606.00 3.02095e-06
3607.00 3.13405e-06
3608.00 3.24921e-06
3609.00 3.36679e-06
3610.00 3.4872e-06
3611.00 3.61083e-06
3612.00 3.73761e-06
3613.00 3.86745e-06
3614.00 4.00035e-06
3615.00 4.13639e-06
3616.00 4.27568e-06
3617.00 4.41799e-06
3618.00 4.56308e-06
3619.00 4.71078e-06
3620.00 4.86101e-06
3621.00 5.01379e-06
3622.00 5.16929e-06
3623.00 5.32778e-06
3624.00 5.48962e-06
3625.00 5.65531e-06
3626.00 5.82529e-06
3627.00 5.99959e-06
3628.00 6.1782e-06
3629.00 6.36127e-06
3630.00 6.5491e-06
3631.00 6.74187e-06
3632.00 6.93886e-06
3633.00 7.13923e-06
3634.00 7.34222e-06
3635.00 7.54711e-06
3636.00 7.75348e-06
3637.00 7.96184e-06
3638.00 8.173e-06
3639.00 8.38784e-06
3640.00 8.60735e-06
3641.00 8.83226e-06
3642.00 9.06167e-06
3643.00 9.2944e-06
3644.00 9.5293e-06
3645.00 9.76531e-06
3646.00 1.00017e-05
3647.00 1.02392e-05
3648.00 1.04788e-05
3649.00 1.07217e-05
3650.00 1.09691e-05
3651.00 1.1222e-05
3652.00 1.148e-05
3653.00 1.17424e-05
3654.00 1.20087e-05
3655.00 1.22785e-05
3656.00 1.25516e-05
3657.00 1.2828e-05
3658.00 1.31081e-05
3659.00 1.33923e-05
3660.00 1.3681e-05
3661.00 1.39746e-05
3662.00 1.42724e-05
3663.00 1.45733e-05
3664.00 1.48764e-05
3665.00 1.51808e-05
3666.00 1.5486e-05
3667.00 1.57929e-05
3668.00 1.61031e-05
3669.00 1.6418e-05
3670.00 1.67394e-05
3671.00 1.70683e-05
3672.00 1.74036e-05
3673.00 1.77435e-05
3674.00 1.80863e-05
3675.00 1.84303e-05
3676.00 1.87744e-05
3677.00 1.91188e-05
3678.00 1.94641e-05
3679.00 1.98111e-05
3680.00 2.01602e-05
3681.00 2.05121e-05
3682.00 2.08667e-05
3683.00 2.12237e-05
3684.00 2.15829e-05
3685.00 2.19443e-05
3686.00 2.23077e-05
3687.00 2.26741e-05
3688.00 2.30445e-05
3689.00 2.342e-05
3690.00 2.38021e-05
3691.00 2.41915e-05
3692.00 2.45869e-05
3693.00 2.49866e-05
3694.00 2.53888e-05
3695.00 2.57919e-05
3696.00 2.61946e-05
3697.00 2.65977e-05
3698.00 2.70024e-05
3699.00 2.74098e-05
3700.00 2.78214e-05
3701.00 2.82379e-05
3702.00 2.86584e-05
3703.00 2.90814e-05
3704.00 2.95055e-05
3705.00 2.99294e-05
3706.00 3.03519e-05
3707.00 3.07744e-05
3708.00 3.11985e-05
3709.00 3.1626e-05
3710.00 3.20586e-05
3711.00 3.24975e-05
3712.00 3.29406e-05
3713.00 3.33853e-05
3714.00 3.38287e-05
3715.00 3.42679e-05
3716.00 3.4701e-05
3717.00 3.51307e-05
3718.00 3.55609e-05
3719.00 3.59956e-05
3720.00 3.64387e-05
3721.00 3.68931e-05
3722.00 3.73568e-05
3723.00 3.78264e-05
3724.00 3.82987e-05
3725.00 3.87706e-05
3726.00 3.92397e-05
3727.00 3.97064e-05
3728.00 4.0172e-05
3729.00 4.06376e-05
3730.00 4.11041e-05
3731.00 4.15725e-05
3732.00 4.20436e-05
3733.00 4.25178e-05
3734.00 4.29961e-05
3735.00 4.34793e-05
3736.00 4.39677e-05
3737.00 4.44599e-05
3738.00 4.49537e-05
3739.00 4.5447e-05
3740.00 4.59378e-05
3741.00 4.64245e-05
3742.00 4.69089e-05
3743.00 4.73938e-05
3744.00 4.78818e-05
3745.00 4.83755e-05
3746.00 4.88769e-05
3747.00 4.93844e-05
3748.00 4.98953e-05
3749.00 5.04074e-05
3750.00 5.09182e-05
3751.00 5.14257e-05
3752.00 5.19306e-05
3753.00 5.24337e-05
3754.00 5.29361e-05
3755.00 5.34387e-05
3756.00 5.39421e-05
3757.00 5.44471e-05
3758.00 5.49543e-05
3759.00 5.54645e-05
3760.00 5.59783e-05
3761.00 5.64961e-05
3762.00 5.70169e-05
3763.00 5.75389e-05
3764.00 5.80605e-05
3765.00 5.85801e-05
3766.00 5.90966e-05
3767.00 5.96119e-05
3768.00 6.01288e-05
3769.00 6.06499e-05
3770.00 6.11782e-05
3771.00 6.17154e-05
3772.00 6.22586e-05
3773.00 6.28037e-05
3774.00 6.33465e-05
3775.00 6.38829e-05
3776.00 6.44096e-05
3777.00 6.49298e-05
3778.00 6.54475e-05
3779.00 6.5967e-05
3780.00 6.64925e-05
3781.00 6.70267e-05
3782.00 6.7567e-05
3783.00 6.81096e-05
3784.00 6.86504e-05
3785.00 6.91853e-05
3786.00 6.97115e-05
3787.00 7.02319e-05
3788.00 7.07508e-05
3789.00 7.12725e-05
3790.00 7.18013e-05
3791.00 7.234e-05
3792.00 7.28847e-05
3793.00 7.34299e-05
3794.00 7.39702e-05
3795.00 7.44995e-05
3796.00 7.50142e-05
3797.00 7.55203e-05
3798.00 7.6026e-05
3799.00 7.65396e-05
3800.00 7.70697e-05
3801.00 7.76226e-05
3802.00 7.81931e-05
3803.00 7.87733e-05
3804.00 7.93559e-05
3805.00 7.99335e-05
3806.00 8.05002e-05
3807.00 8.10582e-05
3808.00 8.1611e-05
3809.00 8.21622e-05
3810.00 8.27149e-05
3811.00 8.32716e-05
3812.00 8.383e-05
3813.00 8.4387e-05
3814.00 8.49392e-05
3815.00 8.54829e-05
3816.00 8.60156e-05
3817.00 8.65406e-05
3818.00 8.70625e-05
3819.00 8.75854e-05
3820.00 8.81139e-05
3821.00 8.86512e-05
3822.00 8.91958e-05
3823.00 8.97452e-05
3824.00 9.02969e-05
3825.00 9.08486e-05
3826.00 9.13982e-05
3827.00 9.19463e-05
3828.00 9.24937e-05
3829.00 9.30411e-05
3830.00 9.35893e-05
3831.00 9.41385e-05
3832.00 9.46874e-05
3833.00 9.52337e-05
3834.00 9.57754e-05
3835.00 9.63099e-05
3836.00 9.68359e-05
3837.00 9.73566e-05
3838.00 9.78767e-05
3839.00 9.84007e-05
3840.00 9.89332e-05
3841.00 9.94778e-05
3842.00 0.000100033
3843.00 0.000100596
3844.00 0.000101164
3845.00 0.000101735
3846.00 0.000102307
3847.00 0.000102876
3848.00 0.00010344
3849.00 0.000103996
3850.00 0.000104539
3851.00 0.000105066
3852.00 0.000105584
3853.00 0.000106097
3854.00 0.000106613
3855.00 0.000107137
3856.00 0.000107675
3857.00 0.000108223
3858.00 0.000108778
3859.00 0.000109334
3860.00 0.000109889
3861.00 0.000110438
3862.00 0.000110983
3863.00 0.000111525
3864.00 0.000112068
3865.00 0.000112612
3866.00 0.000113158
3867.00 0.000113706
3868.00 0.000114252
3869.00 0.000114795
3870.00 0.000115331
3871.00 0.000115859
3872.00 0.000116381
3873.00 0.0001169
3874.00 0.000117418
3875.00 0.000117939
3876.00 0.000118463
3877.00 0.000118992
3878.00 0.000119524
3879.00 0.000120057
3880.00 0.000120593
3881.00 0.000121129
3882.00 0.000121667
3883.00 0.000122206
3884.00 0.000122748
3885.00 0.000123292
3886.00 0.00012384
3887.00 0.000124387
3888.00 0.000124929
3889.00 0.000125463
3890.00 0.000125984
3891.00 0.000126487
3892.00 0.000126979
3893.00 0.000127466
3894.00 0.000127952
3895.00 0.000128446
3896.00 0.00012895
3897.00 0.000129462
3898.00 0.000129978
3899.00 0.000130494
3900.00 0.000131004
3901.00 0.000131507
3902.00 0.000132006
3903.00 0.000132508
3904.00 0.00013302
3905.00 0.000133549
3906.00 0.000134098
3907.00 0.000134659
3908.00 0.000135221
3909.00 0.000135773
3910.00 0.000136302
3911.00 0.000136799
3912.00 0.000137273
3913.00 0.000137732
3914.00 0.000138187
3915.00 0.000138648
3916.00 0.000139121
3917.00 0.000139607
3918.00 0.000140103
3919.00 0.000140606
3920.00 0.000141115
3921.00 0.000141628
3922.00 0.000142142
3923.00 0.000142653
3924.00 0.000143157
3925.00 0.00014365
3926.00 0.000144129
3927.00 0.000144598
3928.00 0.000145062
3929.00 0.000145525
3930.00 0.000145992
3931.00 0.000146468
3932.00 0.000146951
3933.00 0.000147439
3934.00 0.000147932
3935.00 0.000148428
3936.00 0.000148926
3937.00 0.000149424
3938.00 0.000149921
3939.00 0.000150413
3940.00 0.000150899
3941.00 0.000151377
3942.00 0.000151848
3943.00 0.000152313
3944.00 0.000152774
3945.00 0.000153231
3946.00 0.000153685
3947.00 0.000154138
3948.00 0.000154592
3949.00 0.000155048
3950.00 0.000155507
3951.00 0.000155972
3952.00 0.00015644
3953.00 0.00015691
3954.00 0.000157379
3955.00 0.000157846
3956.00 0.000158308
3957.00 0.000158767
3958.00 0.000159222
3959.00 0.000159675
3960.00 0.000160127
3961.00 0.000160577
3962.00 0.000161025
3963.00 0.00016147
3964.00 0.000161912
3965.00 0.000162349
3966.00 0.000162782
3967.00 0.000163212
3968.00 0.000163641
3969.00 0.000164074
3970.00 0.000164511
3971.00 0.000164956
3972.00 0.000165404
3973.00 0.000165853
3974.00 0.000166297
3975.00 0.000166732
3976.00 0.000167155
3977.00 0.000167568
3978.00 0.000167973
3979.00 0.000168372
3980.00 0.000168769
3981.00 0.000169164
3982.00 0.00016956
3983.00 0.000169958
3984.00 0.000170361
3985.00 0.000170771
3986.00 0.000171189
3987.00 0.000171612
3988.00 0.000172039
3989.00 0.000172466
3990.00 0.00017289
3991.00 0.00017331
3992.00 0.000173724
3993.00 0.000174135
3994.00 0.000174541
3995.00 0.000174943
3996.00 0.000175342
3997.00 0.000175737
3998.00 0.000176128
3999.00 0.000176515
4000.00 0.000176897
4001.00 0.000177505
4002.00 0.000177877
4003.00 0.000178249
4004.00 0.000178622
4005.00 0.000179
4006.00 0.000179383
4007.00 0.000179772
4008.00 0.000180163
4009.00 0.000180558
4010.00 0.000180953
4011.00 0.000181347
4012.00 0.000181739
4013.00 0.000182124
4014.00 0.0001825
4015.00 0.000182863
4016.00 0.000183211
4017.00 0.000183546
4018.00 0.000183877
4019.00 0.000184206
4020.00 0.000184541
4021.00 0.000184884
4022.00 0.000185235
4023.00 0.000185589
4024.00 0.000185945
4025.00 0.000186298
4026.00 0.000186647
4027.00 0.000186992
4028.00 0.000187333
4029.00 0.000187672
4030.00 0.000188008
4031.00 0.000188343
4032.00 0.000188678
4033.00 0.000189014
4034.00 0.000189355
4035.00 0.000189701
4036.00 0.000190054
4037.00 0.00019041
4038.00 0.000190763
4039.00 0.000191108
4040.00 0.00019144
4041.00 0.000191754
4042.00 0.000192056
4043.00 0.000192353
4044.00 0.000192654
4045.00 0.000192966
4046.00 0.000193295
4047.00 0.000193636
4048.00 0.000193982
4049.00 0.000194327
4050.00 0.000194664
4051.00 0.000194989
4052.00 0.000195299
4053.00 0.000195596
4054.00 0.000195879
4055.00 0.000196147
4056.00 0.0001964
4057.00 0.000196645
4058.00 0.00019689
4059.00 0.000197143
4060.00 0.000197412
4061.00 0.000197704
4062.00 0.000198014
4063.00 0.000198334
4064.00 0.000198658
4065.00 0.00019898
4066.00 0.000199294
4067.00 0.0001996
4068.00 0.000199896
4069.00 0.000200184
4070.00 0.000200461
4071.00 0.000200728
4072.00 0.000200988
4073.00 0.000201244
4074.00 0.0002015
4075.00 0.00020176
4076.00 0.000202026
4077.00 0.000202298
4078.00 0.000202575
4079.00 0.000202854
4080.00 0.000203135
4081.00 0.000203418
4082.00 0.000203701
4083.00 0.000203985
4084.00 0.000204271
4085.00 0.000204558
4086.00 0.000204845
4087.00 0.000205131
4088.00 0.000205409
4089.00 0.000205677
4090.00 0.000205929
4091.00 0.000206161
4092.00 0.000206377
4093.00 0.000206584
4094.00 0.000206785
4095.00 0.000206985
4096.00 0.00020719
4097.00 0.000207399
4098.00 0.000207612
4099.00 0.000207831
4100.00 0.000208057
4101.00 0.000208288
4102.00 0.00020852
4103.00 0.00020875
4104.00 0.00020897
4105.00 0.000209176
4106.00 0.000209363
4107.00 0.000209539
4108.00 0.000209711
4109.00 0.000209888
4110.00 0.00021008
4111.00 0.000210292
4112.00 0.000210518
4113.00 0.00021075
4114.00 0.00021098
4115.00 0.000211198
4116.00 0.0002114
4117.00 0.000211589
4118.00 0.00021177
4119.00 0.000211951
4120.00 0.000212135
4121.00 0.000212328
4122.00 0.000212527
4123.00 0.000212729
4124.00 0.000212928
4125.00 0.000213123
4126.00 0.000213309
4127.00 0.000213489
4128.00 0.000213666
4129.00 0.000213845
4130.00 0.000214028
4131.00 0.000214219
4132.00 0.000214413
4133.00 0.000214609
4134.00 0.000214801
4135.00 0.000214986
4136.00 0.000215161
4137.00 0.000215327
4138.00 0.000215487
4139.00 0.000215643
4140.00 0.000215796
4141.00 0.000215948
4142.00 0.000216102
4143.00 0.000216259
4144.00 0.000216421
4145.00 0.000216591
4146.00 0.000216771
4147.00 0.000216956
4148.00 0.000217143
4149.00 0.000217328
4150.00 0.000217507
4151.00 0.000217676
4152.00 0.000217838
4153.00 0.000217995
4154.00 0.000218152
4155.00 0.000218309
4156.00 0.000218471
4157.00 0.000218634
4158.00 0.000218796
4159.00 0.000218952
4160.00 0.000219099
4161.00 0.000219236
4162.00 0.000219366
4163.00 0.000219495
4164.00 0.00021963
4165.00 0.000219776
4166.00 0.000219937
4167.00 0.000220108
4168.00 0.000220281
4169.00 0.000220451
4170.00 0.000220608
4171.00 0.000220749
4172.00 0.000220877
4173.00 0.000221001
4174.00 0.000221126
4175.00 0.000221261
4176.00 0.00022141
4177.00 0.000221568
4178.00 0.00022173
4179.00 0.000221888
4180.00 0.000222037
4181.00 0.000222171
4182.00 0.000222294
4183.00 0.000222409
4184.00 0.000222521
4185.00 0.000222634
4186.00 0.000222749
4187.00 0.000222867
4188.00 0.000222986
4189.00 0.000223104
4190.00 0.00022322
4191.00 0.000223332
4192.00 0.000223445
4193.00 0.000223562
4194.00 0.000223689
4195.00 0.000223829
4196.00 0.000223986
4197.00 0.000224154
4198.00 0.000224323
4199.00 0.000224484
4200.00 0.00022463
4201.00 0.000224753
4202.00 0.000224857
4203.00 0.000224949
4204.00 0.000225034
4205.00 0.000225119
4206.00 0.000225207
4207.00 0.000225299
4208.00 0.000225395
4209.00 0.000225495
4210.00 0.000225597
4211.00 0.000225703
4212.00 0.000225811
4213.00 0.000225919
4214.00 0.000226027
4215.00 0.000226134
4216.00 0.000226239
4217.00 0.000226339
4218.00 0.000226434
4219.00 0.00022652
4220.00 0.000226595
4221.00 0.000226658
4222.00 0.000226713
4223.00 0.000226764
4224.00 0.000226818
4225.00 0.000226878
4226.00 0.00022695
4227.00 0.00022703
4228.00 0.000227115
4229.00 0.000227202
4230.00 0.000227288
4231.00 0.000227369
4232.00 0.000227447
4233.00 0.00022752
4234.00 0.00022759
4235.00 0.000227655
4236.00 0.000227716
4237.00 0.000227773
4238.00 0.000227825
4239.00 0.000227872
4240.00 0.000227914
4241.00 0.000227949
4242.00 0.000227981
4243.00 0.000228014
4244.00 0.000228052
4245.00 0.000228097
4246.00 0.000228152
4247.00 0.000228214
4248.00 0.000228275
4249.00 0.000228331
4250.00 0.000228374
4251.00 0.0002284
4252.00 0.000228415
4253.00 0.000228428
4254.00 0.000228445
4255.00 0.000228474
4256.00 0.000228522
4257.00 0.000228581
4258.00 0.000228642
4259.00 0.000228697
4260.00 0.000228736
4261.00 0.000228754
4262.00 0.000228755
4263.00 0.00022875
4264.00 0.000228747
4265.00 0.000228756
4266.00 0.000228783
4267.00 0.000228825
4268.00 0.000228879
4269.00 0.00022894
4270.00 0.000229004
4271.00 0.000229069
4272.00 0.000229131
4273.00 0.000229189
4274.00 0.000229239
4275.00 0.00022928
4276.00 0.000229308
4277.00 0.000229327
4278.00 0.000229338
4279.00 0.000229344
4280.00 0.000229347
4281.00 0.000229349
4282.00 0.000229349
4283.00 0.000229348
4284.00 0.000229346
4285.00 0.000229341
4286.00 0.000229334
4287.00 0.00022933
4288.00 0.000229335
4289.00 0.000229354
4290.00 0.000229396
4291.00 0.000229462
4292.00 0.000229544
4293.00 0.000229627
4294.00 0.0002297
4295.00 0.000229748
4296.00 0.000229761
4297.00 0.000229747
4298.00 0.000229718
4299.00 0.000229685
4300.00 0.000229657
4301.00 0.000229643
4302.00 0.000229643
4303.00 0.000229653
4304.00 0.000229671
4305.00 0.000229695
4306.00 0.000229722
4307.00 0.000229751
4308.00 0.00022978
4309.00 0.000229806
4310.00 0.000229828
4311.00 0.000229844
4312.00 0.000229854
4313.00 0.000229859
4314.00 0.000229859
4315.00 0.000229856
4316.00 0.000229849
4317.00 0.000229839
4318.00 0.000229829
4319.00 0.000229819
4320.00 0.000229811
4321.00 0.000229806
4322.00 0.000229804
4323.00 0.000229802
4324.00 0.000229799
4325.00 0.000229795
4326.00 0.000229787
4327.00 0.000229775
4328.00 0.000229758
4329.00 0.000229736
4330.00 0.000229707
4331.00 0.000229671
4332.00 0.00022963
4333.00 0.000229588
4334.00 0.000229548
4335.00 0.000229513
4336.00 0.000229487
4337.00 0.000229469
4338.00 0.000229457
4339.00 0.000229451
4340.00 0.00022945
4341.00 0.000229453
4342.00 0.000229457
4343.00 0.00022946
4344.00 0.000229458
4345.00 0.000229449
4346.00 0.00022943
4347.00 0.000229402
4348.00 0.000229366
4349.00 0.000229324
4350.00 0.000229276
4351.00 0.000229224
4352.00 0.000229167
4353.00 0.000229105
4354.00 0.000229038
4355.00 0.000228965
4356.00 0.000228888
4357.00 0.00022881
4358.00 0.00022874
4359.00 0.000228684
4360.00 0.00022865
4361.00 0.000228643
4362.00 0.000228654
4363.00 0.000228674
4364.00 0.000228693
4365.00 0.0002287
4366.00 0.000228687
4367.00 0.00022866
4368.00 0.000228623
4369.00 0.000228582
4370.00 0.000228544
4371.00 0.000228513
4372.00 0.000228483
4373.00 0.000228451
4374.00 0.000228409
4375.00 0.000228352
4376.00 0.000228276
4377.00 0.00022819
4378.00 0.000228106
4379.00 0.000228035
4380.00 0.000227988
4381.00 0.000227975
4382.00 0.000227986
4383.00 0.000228006
4384.00 0.000228023
4385.00 0.000228023
4386.00 0.000227995
4387.00 0.000227946
4388.00 0.000227884
4389.00 0.000227817
4390.00 0.000227752
4391.00 0.000227696
4392.00 0.000227645
4393.00 0.000227596
4394.00 0.000227542
4395.00 0.000227479
4396.00 0.000227403
4397.00 0.000227321
4398.00 0.000227239
4399.00 0.000227163
4400.00 0.000227101
4401.00 0.000227059
4402.00 0.00022703
4403.00 0.000227008
4404.00 0.000226985
4405.00 0.000226954
4406.00 0.000226911
4407.00 0.000226856
4408.00 0.000226795
4409.00 0.000226732
4410.00 0.000226671
4411.00 0.000226613
4412.00 0.000226559
4413.00 0.000226504
4414.00 0.000226447
4415.00 0.000226384
4416.00 0.000226314
4417.00 0.000226239
4418.00 0.000226164
4419.00 0.000226092
4420.00 0.000226027
4421.00 0.000225971
4422.00 0.00022592
4423.00 0.000225868
4424.00 0.000225808
4425.00 0.000225734
4426.00 0.000225642
4427.00 0.000225538
4428.00 0.000225431
4429.00 0.000225328
4430.00 0.000225238
4431.00 0.000225167
4432.00 0.00022511
4433.00 0.000225058
4434.00 0.000225004
4435.00 0.000224939
4436.00 0.000224857
4437.00 0.000224761
4438.00 0.000224656
4439.00 0.000224547
4440.00 0.000224437
4441.00 0.00022433
4442.00 0.000224226
4443.00 0.000224125
4444.00 0.000224028
4445.00 0.000223932
4446.00 0.00022384
4447.00 0.00022375
4448.00 0.000223663
4449.00 0.000223576
4450.00 0.000223491
4451.00 0.000223408
4452.00 0.000223327
4453.00 0.00022325
4454.00 0.000223178
4455.00 0.000223114
4456.00 0.000223056
4457.00 0.000222999
4458.00 0.000222932
4459.00 0.000222847
4460.00 0.000222733
4461.00 0.000222582
4462.00 0.000222404
4463.00 0.00022221
4464.00 0.000222012
4465.00 0.00022182
4466.00 0.000221644
4467.00 0.000221483
4468.00 0.000221335
4469.00 0.000221198
4470.00 0.00022107
4471.00 0.000220951
4472.00 0.000220837
4473.00 0.000220723
4474.00 0.000220607
4475.00 0.000220483
4476.00 0.000220349
4477.00 0.000220206
4478.00 0.000220054
4479.00 0.000219895
4480.00 0.000219728
4481.00 0.000219555
4482.00 0.000219377
4483.00 0.000219197
4484.00 0.000219017
4485.00 0.000218839
4486.00 0.000218666
4487.00 0.000218498
4488.00 0.000218338
4489.00 0.000218187
4490.00 0.000218046
4491.00 0.000217917
4492.00 0.000217793
4493.00 0.000217667
4494.00 0.000217533
4495.00 0.000217382
4496.00 0.000217209
4497.00 0.00021702
4498.00 0.000216826
4499.00 0.000216633
4500.00 0.000216452
4501.00 0.000216282
4502.00 0.000216128
4503.00 0.000215985
4504.00 0.000215849
4505.00 0.000215716
4506.00 0.000215584
4507.00 0.000215449
4508.00 0.000215311
4509.00 0.000215166
4510.00 0.000215013
4511.00 0.000214849
4512.00 0.000214677
4513.00 0.0002145
4514.00 0.000214322
4515.00 0.000214146
4516.00 0.000213974
4517.00 0.000213805
4518.00 0.000213639
4519.00 0.000213475
4520.00 0.000213312
4521.00 0.00021315
4522.00 0.000212991
4523.00 0.000212835
4524.00 0.000212685
4525.00 0.000212544
4526.00 0.000212413
4527.00 0.000212287
4528.00 0.000212164
4529.00 0.000212039
4530.00 0.000211907
4531.00 0.000211765
4532.00 0.000211613
4533.00 0.000211453
4534.00 0.000211284
4535.00 0.000211107
4536.00 0.000210922
4537.00 0.000210733
4538.00 0.000210543
4539.00 0.000210357
4540.00 0.000210177
4541.00 0.000210007
4542.00 0.000209845
4543.00 0.000209688
4544.00 0.000209533
4545.00 0.000209378
4546.00 0.000209221
4547.00 0.000209058
4548.00 0.000208888
4549.00 0.000208708
4550.00 0.000208515
4551.00 0.000208308
4552.00 0.000208092
4553.00 0.000207873
4554.00 0.00020766
4555.00 0.000207458
4556.00 0.000207274
4557.00 0.000207102
4558.00 0.000206936
4559.00 0.00020677
4560.00 0.000206597
4561.00 0.000206413
4562.00 0.00020622
4563.00 0.000206024
4564.00 0.000205829
4565.00 0.00020564
4566.00 0.00020546
4567.00 0.000205284
4568.00 0.000205105
4569.00 0.000204918
4570.00 0.000204716
4571.00 0.000204493
4572.00 0.000204255
4573.00 0.000204011
4574.00 0.000203768
4575.00 0.000203535
4576.00 0.000203317
4577.00 0.000203111
4578.00 0.000202913
4579.00 0.000202716
4580.00 0.000202517
4581.00 0.000202311
4582.00 0.000202101
4583.00 0.000201888
4584.00 0.000201676
4585.00 0.000201468
4586.00 0.000201264
4587.00 0.000201062
4588.00 0.000200857
4589.00 0.000200645
4590.00 0.000200421
4591.00 0.000200181
4592.00 0.000199927
4593.00 0.000199664
4594.00 0.000199393
4595.00 0.000199118
4596.00 0.000198841
4597.00 0.000198563
4598.00 0.000198288
4599.00 0.000198017
4600.00 0.000197754
4601.00 0.000197499
4602.00 0.000197251
4603.00 0.000197007
4604.00 0.000196764
4605.00 0.00019652
4606.00 0.000196272
4607.00 0.000196019
4608.00 0.000195761
4609.00 0.000195497
4610.00 0.000195224
4611.00 0.000194942
4612.00 0.000194655
4613.00 0.000194366
4614.00 0.000194081
4615.00 0.000193803
4616.00 0.000193534
4617.00 0.000193273
4618.00 0.000193013
4619.00 0.00019275
4620.00 0.00019248
4621.00 0.000192197
4622.00 0.000191905
4623.00 0.000191606
4624.00 0.000191304
4625.00 0.000191
4626.00 0.000190696
4627.00 0.000190393
4628.00 0.000190086
4629.00 0.000189776
4630.00 0.000189459
4631.00 0.000189135
4632.00 0.000188806
4633.00 0.000188476
4634.00 0.000188148
4635.00 0.000187826
4636.00 0.000187513
4637.00 0.000187206
4638.00 0.000186902
4639.00 0.000186599
4640.00 0.000186292
4641.00 0.000185981
4642.00 0.000185663
4643.00 0.000185338
4644.00 0.000185007
4645.00 0.000184666
4646.00 0.000184316
4647.00 0.00018396
4648.00 0.0001836
4649.00 0.000183241
4650.00 0.000182885
4651.00 0.000182534
4652.00 0.000182188
4653.00 0.000181841
4654.00 0.000181493
4655.00 0.000181139
4656.00 0.000180777
4657.00 0.00018041
4658.00 0.00018004
4659.00 0.000179669
4660.00 0.000179302
4661.00 0.000178939
4662.00 0.000178576
4663.00 0.000178208
4664.00 0.000177831
4665.00 0.000177438
4666.00 0.000177025
4667.00 0.000176598
4668.00 0.000176163
4669.00 0.000175726
4670.00 0.000175294
4671.00 0.000174871
4672.00 0.000174456
4673.00 0.000174049
4674.00 0.000173647
4675.00 0.000173249
4676.00 0.000172854
4677.00 0.000172459
4678.00 0.00017206
4679.00 0.000171655
4680.00 0.00017124
4681.00 0.000170813
4682.00 0.000170376
4683.00 0.000169933
4684.00 0.000169489
4685.00 0.000169048
4686.00 0.000168612
4687.00 0.000168179
4688.00 0.000167745
4689.00 0.000167307
4690.00 0.000166861
4691.00 0.000166404
4692.00 0.000165939
4693.00 0.000165468
4694.00 0.000164995
4695.00 0.000164522
4696.00 0.000164051
4697.00 0.000163583
4698.00 0.000163117
4699.00 0.000162652
4700.00 0.000162188
4701.00 0.000161726
4702.00 0.000161264
4703.00 0.000160804
4704.00 0.000160347
4705.00 0.000159891
4706.00 0.000159439
4707.00 0.000158988
4708.00 0.000158537
4709.00 0.000158086
4710.00 0.000157631
4711.00 0.000157173
4712.00 0.00015671
4713.00 0.000156241
4714.00 0.000155766
4715.00 0.000155283
4716.00 0.000154791
4717.00 0.000154294
4718.00 0.000153796
4719.00 0.000153302
4720.00 0.000152816
4721.00 0.000152341
4722.00 0.000151876
4723.00 0.000151418
4724.00 0.000150963
4725.00 0.00015051
4726.00 0.000150055
4727.00 0.000149598
4728.00 0.000149139
4729.00 0.000148676
4730.00 0.000148209
4731.00 0.000147737
4732.00 0.000147261
4733.00 0.000146783
4734.00 0.000146302
4735.00 0.000145821
4736.00 0.00014534
4737.00 0.000144858
4738.00 0.000144376
4739.00 0.000143893
4740.00 0.000143408
4741.00 0.000142921
4742.00 0.000142433
4743.00 0.000141945
4744.00 0.000141457
4745.00 0.00014097
4746.00 0.000140485
4747.00 0.000140002
4748.00 0.000139522
4749.00 0.000139044
4750.00 0.000138568
4751.00 0.000138095
4752.00 0.000137624
4753.00 0.000137152
4754.00 0.000136679
4755.00 0.000136203
4756.00 0.000135724
4757.00 0.000135241
4758.00 0.000134756
4759.00 0.00013427
4760.00 0.000133783
4761.00 0.000133295
4762.00 0.000132808
4763.00 0.000132319
4764.00 0.000131829
4765.00 0.000131337
4766.00 0.000130844
4767.00 0.000130349
4768.00 0.000129854
4769.00 0.000129359
4770.00 0.000128867
4771.00 0.000128378
4772.00 0.000127892
4773.00 0.000127411
4774.00 0.000126934
4775.00 0.000126464
4776.00 0.000126001
4777.00 0.00012554
4778.00 0.000125077
4779.00 0.000124609
4780.00 0.000124129
4781.00 0.000123634
4782.00 0.000123128
4783.00 0.000122616
4784.00 0.0001221
4785.00 0.000121585
4786.00 0.000121074
4787.00 0.000120568
4788.00 0.000120066
4789.00 0.000119569
4790.00 0.000119077
4791.00 0.000118591
4792.00 0.000118108
4793.00 0.000117627
4794.00 0.000117148
4795.00 0.000116668
4796.00 0.000116187
4797.00 0.000115704
4798.00 0.000115219
4799.00 0.000114729
4800.00 0.000114234
4801.00 0.000113734
4802.00 0.000113229
4803.00 0.000112723
4804.00 0.000112218
4805.00 0.000111715
4806.00 0.000111217
4807.00 0.000110721
4808.00 0.000110227
4809.00 0.000109731
4810.00 0.000109232
4811.00 0.000108729
4812.00 0.000108224
4813.00 0.000107719
4814.00 0.000107219
4815.00 0.000106726
4816.00 0.000106242
4817.00 0.000105764
4818.00 0.000105287
4819.00 0.000104806
4820.00 0.000104316
4821.00 0.000103814
4822.00 0.000103304
4823.00 0.000102793
4824.00 0.000102287
4825.00 0.000101791
4826.00 0.000101311
4827.00 0.000100843
4828.00 0.000100381
4829.00 9.99199e-05
4830.00 9.94545e-05
4831.00 9.8981e-05
4832.00 9.85016e-05
4833.00 9.80199e-05
4834.00 9.75392e-05
4835.00 9.70631e-05
4836.00 9.6594e-05
4837.00 9.613e-05
4838.00 9.56679e-05
4839.00 9.52049e-05
4840.00 9.4738e-05
4841.00 9.4265e-05
4842.00 9.37879e-05
4843.00 9.33093e-05
4844.00 9.28319e-05
4845.00 9.23584e-05
4846.00 9.18907e-05
4847.00 9.14274e-05
4848.00 9.09667e-05
4849.00 9.05065e-05
4850.00 9.0045e-05
4851.00 8.95808e-05
4852.00 8.91157e-05
4853.00 8.86519e-05
4854.00 8.81916e-05
4855.00 8.77373e-05
4856.00 8.72907e-05
4857.00 8.68494e-05
4858.00 8.64102e-05
4859.00 8.59699e-05
4860.00 8.55255e-05
4861.00 8.50748e-05
4862.00 8.46197e-05
4863.00 8.41635e-05
4864.00 8.3709e-05
4865.00 8.32593e-05
4866.00 8.28167e-05
4867.00 8.23801e-05
4868.00 8.19476e-05
4869.00 8.15176e-05
4870.00 8.10886e-05
4871.00 8.06593e-05
4872.00 8.02303e-05
4873.00 7.98024e-05
4874.00 7.93764e-05
4875.00 7.89532e-05
4876.00 7.85337e-05
4877.00 7.81174e-05
4878.00 7.77038e-05
4879.00 7.72924e-05
4880.00 7.68829e-05
4881.00 7.6475e-05
4882.00 7.6068e-05
4883.00 7.56615e-05
4884.00 7.52549e-05
4885.00 7.48477e-05
4886.00 7.44394e-05
4887.00 7.40311e-05
4888.00 7.36239e-05
4889.00 7.32189e-05
4890.00 7.28175e-05
4891.00 7.24204e-05
4892.00 7.20268e-05
4893.00 7.1635e-05
4894.00 7.12439e-05
4895.00 7.08519e-05
4896.00 7.04585e-05
4897.00 7.00658e-05
4898.00 6.96766e-05
4899.00 6.92939e-05
4900.00 6.8921e-05
4901.00 6.85598e-05
4902.00 6.82066e-05
4903.00 6.78562e-05
4904.00 6.75034e-05
4905.00 6.71433e-05
4906.00 6.6772e-05
4907.00 6.63928e-05
4908.00 6.601e-05
4909.00 6.56281e-05
4910.00 6.52514e-05
4911.00 6.48835e-05
4912.00 6.45238e-05
4913.00 6.41711e-05
4914.00 6.38243e-05
4915.00 6.34828e-05
4916.00 6.31456e-05
4917.00 6.28112e-05
4918.00 6.24778e-05
4919.00 6.21437e-05
4920.00 6.18072e-05
4921.00 6.14672e-05
4922.00 6.1125e-05
4923.00 6.07828e-05
4924.00 6.04425e-05
4925.00 6.01063e-05
4926.00 5.97759e-05
4927.00 5.94507e-05
4928.00 5.91298e-05
4929.00 5.88125e-05
4930.00 5.84982e-05
4931.00 5.81863e-05
4932.00 5.78764e-05
4933.00 5.75678e-05
4934.00 5.72601e-05
4935.00 5.6953e-05
4936.00 5.66462e-05
4937.00 5.63404e-05
4938.00 5.60369e-05
4939.00 5.57367e-05
4940.00 5.5441e-05
4941.00 5.51508e-05
4942.00 5.48651e-05
4943.00 5.45824e-05
4944.00 5.43014e-05
4945.00 5.4021e-05
4946.00 5.37402e-05
4947.00 5.34599e-05
4948.00 5.31812e-05
4949.00 5.29054e-05
4950.00 5.26338e-05
4951.00 5.23671e-05
4952.00 5.21036e-05
4953.00 5.1841e-05
4954.00 5.15768e-05
4955.00 5.13086e-05
4956.00 5.10352e-05
4957.00 5.07593e-05
4958.00 5.0485e-05
4959.00 5.02163e-05
4960.00 4.99575e-05
4961.00 4.97115e-05
4962.00 4.94754e-05
4963.00 4.92449e-05
4964.00 4.90161e-05
4965.00 4.87851e-05
4966.00 4.85488e-05
4967.00 4.83072e-05
4968.00 4.8061e-05
4969.00 4.78109e-05
4970.00 4.75572e-05
4971.00 4.73007e-05
4972.00 4.70439e-05
4973.00 4.67899e-05
4974.00 4.65419e-05
4975.00 4.63032e-05
4976.00 4.60762e-05
4977.00 4.58584e-05
4978.00 4.56465e-05
4979.00 4.5437e-05
4980.00 4.5227e-05
4981.00 4.50138e-05
4982.00 4.4797e-05
4983.00 4.45766e-05
4984.00 4.43524e-05
4985.00 4.41243e-05
4986.00 4.38923e-05
4987.00 4.36581e-05
4988.00 4.34242e-05
4989.00 4.31927e-05
4990.00 4.29662e-05
4991.00 4.27463e-05
4992.00 4.25316e-05
4993.00 4.23199e-05
4994.00 4.21094e-05
4995.00 4.1898e-05
4996.00 4.16842e-05
4997.00 4.14677e-05
4998.00 4.12488e-05
4999.00 4.10274e-05
5000.00 4.08034e-05
5001.00 4.05769e-05
5002.00 4.03482e-05
5003.00 4.01179e-05
5004.00 3.98864e-05
5005.00 3.96542e-05
5006.00 3.94215e-05
5007.00 3.91881e-05
5008.00 3.89535e-05
5009.00 3.87172e-05
5010.00 3.84788e-05
5011.00 3.82379e-05
5012.00 3.79957e-05
5013.00 3.77539e-05
5014.00 3.75139e-05
5015.00 3.72773e-05
5016.00 3.70452e-05
5017.00 3.68166e-05
5018.00 3.659e-05
5019.00 3.63637e-05
5020.00 3.61363e-05
5021.00 3.59067e-05
5022.00 3.56749e-05
5023.00 3.54413e-05
5024.00 3.5206e-05
5025.00 3.49692e-05
5026.00 3.47313e-05
5027.00 3.44925e-05
5028.00 3.42534e-05
5029.00 3.40144e-05
5030.00 3.37761e-05
5031.00 3.35388e-05
5032.00 3.33018e-05
5033.00 3.30645e-05
5034.00 3.28261e-05
5035.00 3.25858e-05
5036.00 3.23432e-05
5037.00 3.2099e-05
5038.00 3.18545e-05
5039.00 3.1611e-05
5040.00 3.13696e-05
5041.00 3.11312e-05
5042.00 3.08949e-05
5043.00 3.06593e-05
5044.00 3.04231e-05
5045.00 3.0185e-05
5046.00 2.99439e-05
5047.00 2.9701e-05
5048.00 2.94576e-05
5049.00 2.92149e-05
5050.00 2.89744e-05
5051.00 2.87373e-05
5052.00 2.85038e-05
5053.00 2.8274e-05
5054.00 2.80482e-05
5055.00 2.78268e-05
5056.00 2.76099e-05
5057.00 2.73952e-05
5058.00 2.71803e-05
5059.00 2.69625e-05
5060.00 2.67391e-05
5061.00 2.65084e-05
5062.00 2.62729e-05
5063.00 2.60363e-05
5064.00 2.58021e-05
5065.00 2.5574e-05
5066.00 2.53546e-05
5067.00 2.51424e-05
5068.00 2.4935e-05
5069.00 2.47301e-05
5070.00 2.45257e-05
5071.00 2.432e-05
5072.00 2.41132e-05
5073.00 2.39058e-05
5074.00 2.36983e-05
5075.00 2.34912e-05
5076.00 2.32851e-05
5077.00 2.30806e-05
5078.00 2.28785e-05
5079.00 2.26796e-05
5080.00 2.24848e-05
5081.00 2.22948e-05
5082.00 2.21089e-05
5083.00 2.1926e-05
5084.00 2.17453e-05
5085.00 2.15659e-05
5086.00 2.13873e-05
5087.00 2.12092e-05
5088.00 2.1032e-05
5089.00 2.08557e-05
5090.00 2.06805e-05
5091.00 2.05066e-05
5092.00 2.03343e-05
5093.00 2.01636e-05
5094.00 1.99948e-05
5095.00 1.98283e-05
5096.00 1.96643e-05
5097.00 1.95027e-05
5098.00 1.93434e-05
5099.00 1.91864e-05
5100.00 1.90319e-05
5101.00 1.88796e-05
5102.00 1.87288e-05
5103.00 1.85784e-05
5104.00 1.84272e-05
5105.00 1.82741e-05
5106.00 1.81185e-05
5107.00 1.79615e-05
5108.00 1.78047e-05
5109.00 1.76498e-05
5110.00 1.74983e-05
5111.00 1.73516e-05
5112.00 1.7209e-05
5113.00 1.70697e-05
5114.00 1.69328e-05
5115.00 1.67977e-05
5116.00 1.66636e-05
5117.00 1.65301e-05
5118.00 1.63969e-05
5119.00 1.62635e-05
5120.00 1.61297e-05
5121.00 1.5995e-05
5122.00 1.58599e-05
5123.00 1.5725e-05
5124.00 1.55907e-05
5125.00 1.54576e-05
5126.00 1.53262e-05
5127.00 1.51963e-05
5128.00 1.5068e-05
5129.00 1.49409e-05
5130.00 1.48152e-05
5131.00 1.46906e-05
5132.00 1.45671e-05
5133.00 1.44442e-05
5134.00 1.43218e-05
5135.00 1.41995e-05
5136.00 1.40774e-05
5137.00 1.39554e-05
5138.00 1.3834e-05
5139.00 1.37133e-05
5140.00 1.35937e-05
5141.00 1.34755e-05
5142.00 1.33583e-05
5143.00 1.32417e-05
5144.00 1.31253e-05
5145.00 1.30089e-05
5146.00 1.28923e-05
5147.00 1.27757e-05
5148.00 1.26601e-05
5149.00 1.25459e-05
5150.00 1.24339e-05
5151.00 1.23246e-05
5152.00 1.22174e-05
5153.00 1.21114e-05
5154.00 1.20056e-05
5155.00 1.18993e-05
5156.00 1.17918e-05
5157.00 1.16835e-05
5158.00 1.15747e-05
5159.00 1.14659e-05
5160.00 1.13576e-05
5161.00 1.12502e-05
5162.00 1.11438e-05
5163.00 1.10384e-05
5164.00 1.09341e-05
5165.00 1.08311e-05
5166.00 1.07293e-05
5167.00 1.06284e-05
5168.00 1.05277e-05
5169.00 1.04269e-05
5170.00 1.03253e-05
5171.00 1.02225e-05
5172.00 1.01192e-05
5173.00 1.00159e-05
5174.00 9.91335e-06
5175.00 9.81226e-06
5176.00 9.7132e-06
5177.00 9.61603e-06
5178.00 9.52052e-06
5179.00 9.42648e-06
5180.00 9.3338e-06
5181.00 9.24231e-06
5182.00 9.15157e-06
5183.00 9.06105e-06
5184.00 8.97025e-06
5185.00 8.87865e-06
5186.00 8.78593e-06
5187.00 8.69261e-06
5188.00 8.5994e-06
5189.00 8.50702e-06
5190.00 8.41623e-06
5191.00 8.32756e-06
5192.00 8.24053e-06
5193.00 8.15445e-06
5194.00 8.06868e-06
5195.00 7.98256e-06
5196.00 7.89569e-06
5197.00 7.80854e-06
5198.00 7.72182e-06
5199.00 7.63628e-06
5200.00 7.55266e-06
5201.00 7.47152e-06
5202.00 7.39222e-06
5203.00 7.31391e-06
5204.00 7.23574e-06
5205.00 7.15692e-06
5206.00 7.07686e-06
5207.00 6.99606e-06
5208.00 6.91525e-06
5209.00 6.83516e-06
5210.00 6.75656e-06
5211.00 6.68004e-06
5212.00 6.60543e-06
5213.00 6.53241e-06
5214.00 6.46074e-06
5215.00 6.39021e-06
5216.00 6.32064e-06
5217.00 6.25177e-06
5218.00 6.18333e-06
5219.00 6.11507e-06
5220.00 6.04674e-06
5221.00 5.97814e-06
5222.00 5.90927e-06
5223.00 5.84016e-06
5224.00 5.77083e-06
5225.00 5.7013e-06
5226.00 5.63168e-06
5227.00 5.56252e-06
5228.00 5.4945e-06
5229.00 5.42836e-06
5230.00 5.3649e-06
5231.00 5.30463e-06
5232.00 5.24672e-06
5233.00 5.19002e-06
5234.00 5.13345e-06
5235.00 5.07593e-06
5236.00 5.01669e-06
5237.00 4.95628e-06
5238.00 4.89557e-06
5239.00 4.83541e-06
5240.00 4.77666e-06
5241.00 4.71997e-06
5242.00 4.66502e-06
5243.00 4.61127e-06
5244.00 4.55823e-06
5245.00 4.50546e-06
5246.00 4.4526e-06
5247.00 4.39975e-06
5248.00 4.34708e-06
5249.00 4.29479e-06
5250.00 4.24309e-06
5251.00 4.19216e-06
5252.00 4.14208e-06
5253.00 4.09291e-06
5254.00 4.04474e-06
5255.00 3.99771e-06
5256.00 3.9519e-06
5257.00 3.90703e-06
5258.00 3.86276e-06
5259.00 3.81876e-06
5260.00 3.77473e-06
5261.00 3.73044e-06
5262.00 3.68606e-06
5263.00 3.64185e-06
5264.00 3.59807e-06
5265.00 3.55498e-06
5266.00 3.5128e-06
5267.00 3.47137e-06
5268.00 3.43046e-06
5269.00 3.38985e-06
5270.00 3.34936e-06
5271.00 3.30888e-06
5272.00 3.26876e-06
5273.00 3.22943e-06
5274.00 3.19136e-06
5275.00 3.15508e-06
5276.00 3.12093e-06
5277.00 3.08841e-06
5278.00 3.05683e-06
5279.00 3.02552e-06
5280.00 2.99385e-06
5281.00 2.96131e-06
5282.00 2.92796e-06
5283.00 2.894e-06
5284.00 2.85958e-06
5285.00 2.82484e-06
5286.00 2.78993e-06
5287.00 2.75515e-06
5288.00 2.72081e-06
5289.00 2.68726e-06
5290.00 2.65487e-06
5291.00 2.62393e-06
5292.00 2.59432e-06
5293.00 2.56586e-06
5294.00 2.53839e-06
5295.00 2.51181e-06
5296.00 2.48603e-06
5297.00 2.46085e-06
5298.00 2.4361e-06
5299.00 2.4116e-06
5300.00 2.38721e-06
5301.00 2.3628e-06
5302.00 2.33847e-06
5303.00 2.31437e-06
5304.00 2.29065e-06
5305.00 2.26747e-06
5306.00 2.24498e-06
5307.00 2.22315e-06
5308.00 2.20192e-06
5309.00 2.18129e-06
5310.00 2.16123e-06
5311.00 2.14175e-06
5312.00 2.12272e-06
5313.00 2.10397e-06
5314.00 2.08539e-06
5315.00 2.06682e-06
5316.00 2.0482e-06
5317.00 2.02957e-06
5318.00 2.01106e-06
5319.00 1.99275e-06
5320.00 1.97478e-06
5321.00 1.95724e-06
5322.00 1.94013e-06
5323.00 1.92343e-06
5324.00 1.90715e-06
5325.00 1.89129e-06
5326.00 1.87585e-06
5327.00 1.86074e-06
5328.00 1.84581e-06
5329.00 1.83095e-06
5330.00 1.81604e-06
5331.00 1.80098e-06
5332.00 1.78591e-06
5333.00 1.77095e-06
5334.00 1.75627e-06
5335.00 1.74203e-06
5336.00 1.72836e-06
5337.00 1.7152e-06
5338.00 1.70249e-06
5339.00 1.69014e-06
5340.00 1.6781e-06
5341.00 1.66634e-06
5342.00 1.65478e-06
5343.00 1.64337e-06
5344.00 1.63204e-06
5345.00 1.62074e-06
5346.00 1.60945e-06
5347.00 1.59825e-06
5348.00 1.58726e-06
5349.00 1.57662e-06
5350.00 1.56645e-06
5351.00 1.55688e-06
5352.00 1.5478e-06
5353.00 1.53906e-06
5354.00 1.53056e-06
5355.00 1.52217e-06
5356.00 1.51379e-06
5357.00 1.50537e-06
5358.00 1.49685e-06
5359.00 1.48818e-06
5360.00 1.47931e-06
5361.00 1.47021e-06
5362.00 1.46106e-06
5363.00 1.45211e-06
5364.00 1.44359e-06
5365.00 1.43575e-06
5366.00 1.42878e-06
5367.00 1.42245e-06
5368.00 1.41645e-06
5369.00 1.41049e-06
5370.00 1.40426e-06
5371.00 1.39758e-06
5372.00 1.39065e-06
5373.00 1.38379e-06
5374.00 1.3773e-06
5375.00 1.37151e-06
5376.00 1.36664e-06
5377.00 1.36238e-06
5378.00 1.35833e-06
5379.00 1.35407e-06
5380.00 1.34919e-06
5381.00 1.34342e-06
5382.00 1.33708e-06
5383.00 1.33063e-06
5384.00 1.32452e-06
5385.00 1.31923e-06
5386.00 1.31508e-06
5387.00 1.31178e-06
5388.00 1.30892e-06
5389.00 1.30607e-06
5390.00 1.30283e-06
5391.00 1.29891e-06
5392.00 1.29447e-06
5393.00 1.28982e-06
5394.00 1.28521e-06
5395.00 1.28092e-06
5396.00 1.27716e-06
5397.00 1.27389e-06
5398.00 1.27099e-06
5399.00 1.26836e-06
5400.00 1.26592e-06
5401.00 1.2636e-06
5402.00 1.26136e-06
5403.00 1.25918e-06
5404.00 1.25704e-06
5405.00 1.25491e-06
5406.00 1.25278e-06
5407.00 1.25066e-06
5408.00 1.24859e-06
5409.00 1.2466e-06
5410.00 1.24471e-06
5411.00 1.24295e-06
5412.00 1.24134e-06
5413.00 1.23987e-06
5414.00 1.23856e-06
5415.00 1.23743e-06
5416.00 1.23648e-06
5417.00 1.23571e-06
5418.00 1.23511e-06
5419.00 1.23466e-06
5420.00 1.23436e-06
5421.00 1.2342e-06
5422.00 1.23414e-06
5423.00 1.23411e-06
5424.00 1.23406e-06
5425.00 1.23392e-06
5426.00 1.23367e-06
5427.00 1.23341e-06
5428.00 1.23328e-06
5429.00 1.23343e-06
5430.00 1.234e-06
5431.00 1.23511e-06
5432.00 1.23661e-06
5433.00 1.23833e-06
5434.00 1.24007e-06
5435.00 1.24167e-06
5436.00 1.24301e-06
5437.00 1.24419e-06
5438.00 1.24539e-06
5439.00 1.24678e-06
5440.00 1.24854e-06
5441.00 1.25079e-06
5442.00 1.25344e-06
5443.00 1.25635e-06
5444.00 1.25939e-06
5445.00 1.26243e-06
5446.00 1.26539e-06
5447.00 1.2683e-06
5448.00 1.27121e-06
5449.00 1.2742e-06
5450.00 1.27733e-06
5451.00 1.28065e-06
5452.00 1.28413e-06
5453.00 1.28771e-06
5454.00 1.29137e-06
5455.00 1.29506e-06
5456.00 1.29876e-06
5457.00 1.30258e-06
5458.00 1.30665e-06
5459.00 1.31111e-06
5460.00 1.31611e-06
5461.00 1.32175e-06
5462.00 1.32782e-06
5463.00 1.33401e-06
5464.00 1.34007e-06
5465.00 1.34569e-06
5466.00 1.35069e-06
5467.00 1.35525e-06
5468.00 1.35964e-06
5469.00 1.36412e-06
5470.00 1.36896e-06
5471.00 1.37438e-06
5472.00 1.38038e-06
5473.00 1.38691e-06
5474.00 1.39395e-06
5475.00 1.4015e-06
5476.00 1.40953e-06
5477.00 1.41786e-06
5478.00 1.42628e-06
5479.00 1.43456e-06
5480.00 1.4425e-06
5481.00 1.44993e-06
5482.00 1.45701e-06
5483.00 1.46395e-06
5484.00 1.47095e-06
5485.00 1.47821e-06
5486.00 1.48591e-06
5487.00 1.49401e-06
5488.00 1.50243e-06
5489.00 1.51112e-06
5490.00 1.52003e-06
5491.00 1.52913e-06
5492.00 1.53839e-06
5493.00 1.54781e-06
5494.00 1.5574e-06
5495.00 1.56715e-06
5496.00 1.57708e-06
5497.00 1.58714e-06
5498.00 1.5973e-06
5499.00 1.60752e-06
5500.00 1.61776e-06
5501.00 1.62798e-06
5502.00 1.63823e-06
5503.00 1.64856e-06
5504.00 1.65901e-06
5505.00 1.66964e-06
5506.00 1.68049e-06
5507.00 1.69146e-06
5508.00 1.70247e-06
5509.00 1.71342e-06
5510.00 1.72421e-06
5511.00 1.73477e-06
5512.00 1.74524e-06
5513.00 1.75575e-06
5514.00 1.76648e-06
5515.00 1.77759e-06
5516.00 1.78919e-06
5517.00 1.80119e-06
5518.00 1.81342e-06
5519.00 1.82573e-06
5520.00 1.83799e-06
5521.00 1.85008e-06
5522.00 1.86205e-06
5523.00 1.87397e-06
5524.00 1.88591e-06
5525.00 1.89796e-06
5526.00 1.91017e-06
5527.00 1.9225e-06
5528.00 1.93491e-06
5529.00 1.94736e-06
5530.00 1.9598e-06
5531.00 1.9722e-06
5532.00 1.98453e-06
5533.00 1.99678e-06
5534.00 2.00893e-06
5535.00 2.02096e-06
5536.00 2.03285e-06
5537.00 2.04469e-06
5538.00 2.05658e-06
5539.00 2.06862e-06
5540.00 2.08091e-06
5541.00 2.09352e-06
5542.00 2.10626e-06
5543.00 2.11891e-06
5544.00 2.13123e-06
5545.00 2.14298e-06
5546.00 2.154e-06
5547.00 2.1645e-06
5548.00 2.17479e-06
5549.00 2.18518e-06
5550.00 2.19597e-06
5551.00 2.20736e-06
5552.00 2.21909e-06
5553.00 2.23079e-06
5554.00 2.24209e-06
5555.00 2.25262e-06
5556.00 2.2621e-06
5557.00 2.27082e-06
5558.00 2.27918e-06
5559.00 2.28758e-06
5560.00 2.29641e-06
5561.00 2.30594e-06
5562.00 2.31591e-06
5563.00 2.32597e-06
5564.00 2.33575e-06
5565.00 2.34489e-06
5566.00 2.35309e-06
5567.00 2.36049e-06
5568.00 2.36729e-06
5569.00 2.37368e-06
5570.00 2.37981e-06
5571.00 2.38582e-06
5572.00 2.39169e-06
5573.00 2.39739e-06
5574.00 2.40287e-06
5575.00 2.40807e-06
5576.00 2.41295e-06
5577.00 2.41758e-06
5578.00 2.42206e-06
5579.00 2.42649e-06
5580.00 2.43094e-06
5581.00 2.43545e-06
5582.00 2.43993e-06
5583.00 2.4442e-06
5584.00 2.4481e-06
5585.00 2.45146e-06
5586.00 2.45414e-06
5587.00 2.45628e-06
5588.00 2.45804e-06
5589.00 2.4596e-06
5590.00 2.46111e-06
5591.00 2.46268e-06
5592.00 2.46428e-06
5593.00 2.46587e-06
5594.00 2.46736e-06
5595.00 2.4687e-06
5596.00 2.46982e-06
5597.00 2.47065e-06
5598.00 2.4711e-06
5599.00 2.47109e-06
5600.00 2.4705e-06
5601.00 2.46925e-06
5602.00 2.46749e-06
5603.00 2.46538e-06
5604.00 2.46309e-06
5605.00 2.46076e-06
5606.00 2.45851e-06
5607.00 2.45622e-06
5608.00 2.45371e-06
5609.00 2.4508e-06
5610.00 2.44729e-06
5611.00 2.44307e-06
5612.00 2.43831e-06
5613.00 2.43328e-06
5614.00 2.42821e-06
5615.00 2.42336e-06
5616.00 2.41889e-06
5617.00 2.41457e-06
5618.00 2.41011e-06
5619.00 2.40519e-06
5620.00 2.39949e-06
5621.00 2.39278e-06
5622.00 2.38533e-06
5623.00 2.37748e-06
5624.00 2.36959e-06
5625.00 2.36198e-06
5626.00 2.35491e-06
5627.00 2.34821e-06
5628.00 2.34163e-06
5629.00 2.33491e-06
5630.00 2.3278e-06
5631.00 2.32009e-06
5632.00 2.31184e-06
5633.00 2.30315e-06
5634.00 2.29411e-06
5635.00 2.28477e-06
5636.00 2.27521e-06
5637.00 2.26551e-06
5638.00 2.25579e-06
5639.00 2.24613e-06
5640.00 2.23664e-06
5641.00 2.22737e-06
5642.00 2.21816e-06
5643.00 2.20882e-06
5644.00 2.19914e-06
5645.00 2.18889e-06
5646.00 2.17791e-06
5647.00 2.16626e-06
5648.00 2.15404e-06
5649.00 2.14132e-06
5650.00 2.12817e-06
5651.00 2.11466e-06
5652.00 2.10101e-06
5653.00 2.08746e-06
5654.00 2.07427e-06
5655.00 2.06168e-06
5656.00 2.04988e-06
5657.00 2.03858e-06
5658.00 2.02741e-06
5659.00 2.01601e-06
5660.00 2.00401e-06
5661.00 1.99111e-06
5662.00 1.97745e-06
5663.00 1.96324e-06
5664.00 1.94868e-06
5665.00 1.93394e-06
5666.00 1.91917e-06
5667.00 1.90445e-06
5668.00 1.88986e-06
5669.00 1.87547e-06
5670.00 1.86136e-06
5671.00 1.84757e-06
5672.00 1.83397e-06
5673.00 1.8204e-06
5674.00 1.80668e-06
5675.00 1.79266e-06
5676.00 1.77818e-06
5677.00 1.76332e-06
5678.00 1.74816e-06
5679.00 1.73279e-06
5680.00 1.71729e-06
5681.00 1.7017e-06
5682.00 1.68607e-06
5683.00 1.67039e-06
5684.00 1.65468e-06
5685.00 1.63895e-06
5686.00 1.62322e-06
5687.00 1.60762e-06
5688.00 1.59228e-06
5689.00 1.57736e-06
5690.00 1.56302e-06
5691.00 1.54936e-06
5692.00 1.53613e-06
5693.00 1.52298e-06
5694.00 1.50959e-06
5695.00 1.49561e-06
5696.00 1.4808e-06
5697.00 1.46531e-06
5698.00 1.44936e-06
5699.00 1.43317e-06
5700.00 1.41694e-06
5701.00 1.40083e-06
5702.00 1.38481e-06
5703.00 1.36884e-06
5704.00 1.35285e-06
5705.00 1.33678e-06
5706.00 1.32061e-06
5707.00 1.30443e-06
5708.00 1.2884e-06
5709.00 1.27265e-06
5710.00 1.25734e-06
5711.00 1.24256e-06
5712.00 1.22812e-06
5713.00 1.21375e-06
5714.00 1.1992e-06
5715.00 1.18419e-06
5716.00 1.16854e-06
5717.00 1.15245e-06
5718.00 1.13622e-06
5719.00 1.12013e-06
5720.00 1.10446e-06
5721.00 1.08942e-06
5722.00 1.0749e-06
5723.00 1.06068e-06
5724.00 1.0466e-06
5725.00 1.03246e-06
5726.00 1.01813e-06
5727.00 1.00368e-06
5728.00 9.89177e-07
5729.00 9.74728e-07
5730.00 9.60421e-07
5731.00 9.46328e-07
5732.00 9.32427e-07
5733.00 9.18676e-07
5734.00 9.05039e-07
5735.00 8.91485e-07
5736.00 8.77994e-07
5737.00 8.64572e-07
5738.00 8.51238e-07
5739.00 8.3801e-07
5740.00 8.24915e-07
5741.00 8.11974e-07
5742.00 7.99194e-07
5743.00 7.8658e-07
5744.00 7.74143e-07
5745.00 7.61903e-07
5746.00 7.49866e-07
5747.00 7.37974e-07
5748.00 7.26151e-07
5749.00 7.14329e-07
5750.00 7.02434e-07
5751.00 6.90424e-07
5752.00 6.78367e-07
5753.00 6.6636e-07
5754.00 6.54502e-07
5755.00 6.42897e-07
5756.00 6.31624e-07
5757.00 6.2064e-07
5758.00 6.09879e-07
5759.00 5.99282e-07
5760.00 5.88799e-07
5761.00 5.78389e-07
5762.00 5.68036e-07
5763.00 5.57732e-07
5764.00 5.47471e-07
5765.00 5.37249e-07
5766.00 5.27067e-07
5767.00 5.16947e-07
5768.00 5.0692e-07
5769.00 4.97018e-07
5770.00 4.8728e-07
5771.00 4.77739e-07
5772.00 4.68392e-07
5773.00 4.59235e-07
5774.00 4.50271e-07
5775.00 4.41509e-07
5776.00 4.32957e-07
5777.00 4.24592e-07
5778.00 4.16388e-07
5779.00 4.08327e-07
5780.00 4.00393e-07
5781.00 3.92577e-07
5782.00 3.84865e-07
5783.00 3.77244e-07
5784.00 3.69707e-07
5785.00 3.62249e-07
5786.00 3.54871e-07
5787.00 3.4759e-07
5788.00 3.40429e-07
5789.00 3.33418e-07
5790.00 3.2659e-07
5791.00 3.19968e-07
5792.00 3.13509e-07
5793.00 3.0716e-07
5794.00 3.00869e-07
5795.00 2.94589e-07
5796.00 2.88287e-07
5797.00 2.81994e-07
5798.00 2.75754e-07
5799.00 2.69615e-07
5800.00 2.63627e-07
5801.00 2.5783e-07
5802.00 2.52195e-07
5803.00 2.4668e-07
5804.00 2.41251e-07
5805.00 2.35876e-07
5806.00 2.30537e-07
5807.00 2.25278e-07
5808.00 2.20159e-07
5809.00 2.15245e-07
5810.00 2.10611e-07
5811.00 2.06303e-07
5812.00 2.02226e-07
5813.00 1.98255e-07
5814.00 1.94272e-07
5815.00 1.90157e-07
5816.00 1.85827e-07
5817.00 1.81367e-07
5818.00 1.76898e-07
5819.00 1.72541e-07
5820.00 1.68421e-07
5821.00 1.64631e-07
5822.00 1.61107e-07
5823.00 1.57754e-07
5824.00 1.54484e-07
5825.00 1.51212e-07
5826.00 1.47873e-07
5827.00 1.44483e-07
5828.00 1.41075e-07
5829.00 1.37681e-07
5830.00 1.34334e-07
5831.00 1.31065e-07
5832.00 1.27885e-07
5833.00 1.24808e-07
5834.00 1.21849e-07
5835.00 1.19029e-07
5836.00 1.16363e-07
5837.00 1.13826e-07
5838.00 1.1139e-07
5839.00 1.09027e-07
5840.00 1.06715e-07
5841.00 1.04436e-07
5842.00 1.02186e-07
5843.00 9.99662e-08
5844.00 9.77792e-08
5845.00 9.56282e-08
5846.00 9.35184e-08
5847.00 9.14582e-08
5848.00 8.94581e-08
5849.00 8.75311e-08
5850.00 8.56932e-08
5851.00 8.39532e-08
5852.00 8.22823e-08
5853.00 8.06439e-08
5854.00 7.90029e-08
5855.00 7.7324e-08
5856.00 7.5585e-08
5857.00 7.38206e-08
5858.00 7.2079e-08
5859.00 7.04092e-08
5860.00 6.88631e-08
5861.00 6.74772e-08
5862.00 6.62146e-08
5863.00 6.50228e-08
5864.00 6.38527e-08
5865.00 6.26556e-08
5866.00 6.13965e-08
5867.00 6.00949e-08
5868.00 5.87833e-08
5869.00 5.74934e-08
5870.00 5.62577e-08
5871.00 5.51024e-08
5872.00 5.40217e-08
5873.00 5.30047e-08
5874.00 5.20424e-08
5875.00 5.11285e-08
5876.00 5.0256e-08
5877.00 4.94099e-08
5878.00 4.8574e-08
5879.00 4.77326e-08
5880.00 4.68695e-08
5881.00 4.59757e-08
5882.00 4.50725e-08
5883.00 4.41888e-08
5884.00 4.33541e-08
5885.00 4.25999e-08
5886.00 4.19477e-08
5887.00 4.13717e-08
5888.00 4.08359e-08
5889.00 4.03061e-08
5890.00 3.97484e-08
5891.00 3.91389e-08
5892.00 3.84962e-08
5893.00 3.78486e-08
5894.00 3.72243e-08
5895.00 3.66522e-08
5896.00 3.61531e-08
5897.00 3.57095e-08
5898.00 3.52958e-08
5899.00 3.48877e-08
5900.00 3.44611e-08
5901.00 3.39985e-08
5902.00 3.35097e-08
5903.00 3.30111e-08
5904.00 3.25182e-08
5905.00 3.2047e-08
5906.00 3.16105e-08
5907.00 3.12073e-08
5908.00 3.08339e-08
5909.00 3.04875e-08
5910.00 3.01669e-08
5911.00 2.98697e-08
5912.00 2.95883e-08
5913.00 2.93136e-08
5914.00 2.90369e-08
5915.00 2.87496e-08
5916.00 2.84466e-08
5917.00 2.81388e-08
5918.00 2.78409e-08
5919.00 2.75681e-08
5920.00 2.73365e-08
5921.00 2.71567e-08
5922.00 2.70121e-08
5923.00 2.68801e-08
5924.00 2.67388e-08
5925.00 2.65661e-08
5926.00 2.63464e-08
5927.00 2.60948e-08
5928.00 2.5833e-08
5929.00 2.55826e-08
5930.00 2.53652e-08
5931.00 2.51971e-08
5932.00 2.50689e-08
5933.00 2.49659e-08
5934.00 2.48746e-08
5935.00 2.47817e-08
5936.00 2.4677e-08
5937.00 2.45613e-08
5938.00 2.44375e-08
5939.00 2.43086e-08
5940.00 2.41772e-08
5941.00 2.40459e-08
5942.00 2.39182e-08
5943.00 2.3798e-08
5944.00 2.36894e-08
5945.00 2.35971e-08
5946.00 2.35238e-08
5947.00 2.3464e-08
5948.00 2.341e-08
5949.00 2.33545e-08
5950.00 2.32902e-08
5951.00 2.32119e-08
5952.00 2.31242e-08
5953.00 2.30337e-08
5954.00 2.29471e-08
5955.00 2.28712e-08
5956.00 2.28104e-08
5957.00 2.27594e-08
5958.00 2.27105e-08
5959.00 2.26562e-08
5960.00 2.25888e-08
5961.00 2.25038e-08
5962.00 2.24116e-08
5963.00 2.23261e-08
5964.00 2.22615e-08
5965.00 2.22328e-08
5966.00 2.22503e-08
5967.00 2.23019e-08
5968.00 2.23712e-08
5969.00 2.24421e-08
5970.00 2.24987e-08
5971.00 2.25286e-08
5972.00 2.25332e-08
5973.00 2.25171e-08
5974.00 2.24836e-08
5975.00 2.24358e-08
5976.00 2.23766e-08
5977.00 2.23108e-08
5978.00 2.2244e-08
5979.00 2.21814e-08
5980.00 2.21286e-08
5981.00 2.20898e-08
5982.00 2.20638e-08
5983.00 2.20483e-08
5984.00 2.20414e-08
5985.00 2.20417e-08
5986.00 2.20477e-08
5987.00 2.20577e-08
5988.00 2.20698e-08
5989.00 2.20823e-08
5990.00 2.20936e-08
5991.00 2.21018e-08
5992.00 2.21044e-08
5993.00 2.20987e-08
5994.00 2.20815e-08
5995.00 2.20493e-08
5996.00 2.2001e-08
5997.00 2.19466e-08
5998.00 2.18991e-08
5999.00 2.18716e-08
6000.00 2.1878e-08
6001.00 2.19267e-08
6002.00 2.20009e-08
6003.00 2.20778e-08
6004.00 2.21351e-08
6005.00 2.21492e-08
6006.00 2.21039e-08
6007.00 2.20148e-08
6008.00 2.19044e-08
6009.00 2.17942e-08
6010.00 2.1706e-08
6011.00 2.16554e-08
6012.00 2.16331e-08
6013.00 2.1624e-08
6014.00 2.16138e-08
6015.00 2.15881e-08
6016.00 2.1537e-08
6017.00 2.1471e-08
6018.00 2.14049e-08
6019.00 2.13538e-08
6020.00 2.13331e-08
6021.00 2.13533e-08
6022.00 2.14013e-08
6023.00 2.14588e-08
6024.00 2.15078e-08
6025.00 2.15302e-08
6026.00 2.15122e-08
6027.00 2.14597e-08
6028.00 2.13829e-08
6029.00 2.12909e-08
6030.00 2.1192e-08
6031.00 2.10938e-08
6032.00 2.10008e-08
6033.00 2.09167e-08
6034.00 2.08458e-08
6035.00 2.07931e-08
6036.00 2.07613e-08
6037.00 2.07439e-08
6038.00 2.07322e-08
6039.00 2.07179e-08
6040.00 2.06926e-08
6041.00 2.06504e-08
6042.00 2.05975e-08
6043.00 2.05428e-08
6044.00 2.04948e-08
6045.00 2.04626e-08
6046.00 2.04524e-08
6047.00 2.0457e-08
6048.00 2.04666e-08
6049.00 2.04714e-08
6050.00 2.04616e-08
6051.00 2.04292e-08
6052.00 2.03748e-08
6053.00 2.03008e-08
6054.00 2.02086e-08
6055.00 2.00989e-08
6056.00 1.99739e-08
6057.00 1.98435e-08
6058.00 1.97196e-08
6059.00 1.96142e-08
6060.00 1.95402e-08
6061.00 1.95056e-08
6062.00 1.94962e-08
6063.00 1.94926e-08
6064.00 1.9476e-08
6065.00 1.94269e-08
6066.00 1.93321e-08
6067.00 1.92079e-08
6068.00 1.90769e-08
6069.00 1.89612e-08
6070.00 1.88839e-08
6071.00 1.8861e-08
6072.00 1.88774e-08
6073.00 1.89111e-08
6074.00 1.89411e-08
6075.00 1.89461e-08
6076.00 1.891e-08
6077.00 1.88398e-08
6078.00 1.87473e-08
6079.00 1.86433e-08
6080.00 1.85382e-08
6081.00 1.84404e-08
6082.00 1.83514e-08
6083.00 1.8271e-08
6084.00 1.81997e-08
6085.00 1.8138e-08
6086.00 1.80858e-08
6087.00 1.80393e-08
6088.00 1.79937e-08
6089.00 1.79444e-08
6090.00 1.78864e-08
6091.00 1.78167e-08
6092.00 1.77404e-08
6093.00 1.76642e-08
6094.00 1.75952e-08
6095.00 1.75403e-08
6096.00 1.75045e-08
6097.00 1.74815e-08
6098.00 1.74628e-08
6099.00 1.74401e-08
6100.00 1.74049e-08
6101.00 1.73507e-08
6102.00 1.72805e-08
6103.00 1.71993e-08
6104.00 1.71116e-08
6105.00 1.70217e-08
6106.00 1.69326e-08
6107.00 1.68442e-08
6108.00 1.67552e-08
6109.00 1.66644e-08
6110.00 1.65706e-08
6111.00 1.64733e-08
6112.00 1.63756e-08
6113.00 1.62818e-08
6114.00 1.61961e-08
6115.00 1.61231e-08
6116.00 1.60644e-08
6117.00 1.6008e-08
6118.00 1.59386e-08
6119.00 1.58403e-08
6120.00 1.56962e-08
6121.00 1.55003e-08
6122.00 1.52968e-08
6123.00 1.51423e-08
6124.00 1.50955e-08
6125.00 1.52191e-08
6126.00 1.55351e-08
6127.00 1.58818e-08
6128.00 1.60512e-08
6129.00 1.58284e-08
6130.00 1.49833e-08
6131.00 1.33295e-08
6132.00 1.09229e-08
6133.00 7.85801e-09
6134.00 4.20242e-09
6135.00 0
