# -nan
7002.0000 0
7003.0000 1.68771e-08
7004.0000 1.82921e-08
7005.0000 1.97157e-08
7006.0000 2.11175e-08
7007.0000 2.24704e-08
7008.0000 2.37555e-08
7009.0000 2.49663e-08
7010.0000 2.61102e-08
7011.0000 2.72072e-08
7012.0000 2.82854e-08
7013.0000 2.93759e-08
7014.0000 3.05081e-08
7015.0000 3.17058e-08
7016.0000 3.29859e-08
7017.0000 3.43592e-08
7018.0000 3.58277e-08
7019.0000 3.73916e-08
7020.0000 3.90488e-08
7021.0000 4.0796e-08
7022.0000 4.26301e-08
7023.0000 4.45485e-08
7024.0000 4.65486e-08
7025.0000 4.86288e-08
7026.0000 5.07875e-08
7027.0000 5.30243e-08
7028.0000 5.53406e-08
7029.0000 5.77406e-08
7030.0000 6.02317e-08
7031.0000 6.28246e-08
7032.0000 6.55329e-08
7033.0000 6.83708e-08
7034.0000 7.13521e-08
7035.0000 7.44884e-08
7036.0000 7.77882e-08
7037.0000 8.12573e-08
7038.0000 8.49008e-08
7039.0000 8.87243e-08
7040.0000 9.27366e-08
7041.0000 9.69502e-08
7042.0000 1.01381e-07
7043.0000 1.06046e-07
7044.0000 1.10962e-07
7045.0000 1.16137e-07
7046.0000 1.21574e-07
7047.0000 1.27267e-07
7048.0000 1.33202e-07
7049.0000 1.3936e-07
7050.0000 1.45724e-07
7051.0000 1.52279e-07
7052.0000 1.59022e-07
7053.0000 1.6596e-07
7054.0000 1.73112e-07
7055.0000 1.80509e-07
7056.0000 1.8819e-07
7057.0000 1.96195e-07
7058.0000 2.04571e-07
7059.0000 2.13356e-07
7060.0000 2.2259e-07
7061.0000 2.32306e-07
7062.0000 2.42533e-07
7063.0000 2.53305e-07
7064.0000 2.64652e-07
7065.0000 2.76613e-07
7066.0000 2.89227e-07
7067.0000 3.02535e-07
7068.0000 3.16571e-07
7069.0000 3.31364e-07
7070.0000 3.46927e-07
7071.0000 3.6326e-07
7072.0000 3.80348e-07
7073.0000 3.98173e-07
7074.0000 4.16718e-07
7075.0000 4.35976e-07
7076.0000 4.55963e-07
7077.0000 4.76722e-07
7078.0000 4.98321e-07
7079.0000 5.20852e-07
7080.0000 5.44427e-07
7081.0000 5.69166e-07
7082.0000 5.95188e-07
7083.0000 6.22609e-07
7084.0000 6.51529e-07
7085.0000 6.82037e-07
7086.0000 7.14204e-07
7087.0000 7.48087e-07
7088.0000 7.83734e-07
7089.0000 8.21185e-07
7090.0000 8.60481e-07
7091.0000 9.0167e-07
7092.0000 9.44811e-07
7093.0000 9.89988e-07
7094.0000 1.03731e-06
7095.0000 1.0869e-06
7096.0000 1.13893e-06
7097.0000 1.19356e-06
7098.0000 1.25099e-06
7099.0000 1.31138e-06
7100.0000 1.37493e-06
7101.0000 1.4418e-06
7102.0000 1.51217e-06
7103.0000 1.58622e-06
7104.0000 1.66419e-06
7105.0000 1.74631e-06
7106.0000 1.83288e-06
7107.0000 1.9242e-06
7108.0000 2.0206e-06
7109.0000 2.12239e-06
7110.0000 2.22985e-06
7111.0000 2.34324e-06
7112.0000 2.46277e-06
7113.0000 2.58869e-06
7114.0000 2.72126e-06
7115.0000 2.86081e-06
7116.0000 3.00776e-06
7117.0000 3.16264e-06
7118.0000 3.32601e-06
7119.0000 3.4985e-06
7120.0000 3.68075e-06
7121.0000 3.87336e-06
7122.0000 4.07692e-06
7123.0000 4.292e-06
7124.0000 4.51918e-06
7125.0000 4.7591e-06
7126.0000 5.01247e-06
7127.0000 5.28005e-06
7128.0000 5.56271e-06
7129.0000 5.86132e-06
7130.0000 6.17677e-06
7131.0000 6.50993e-06
7132.0000 6.86169e-06
7133.0000 7.23295e-06
7134.0000 7.62468e-06
7135.0000 8.03793e-06
7136.0000 8.47386e-06
7137.0000 8.93371e-06
7138.0000 9.41877e-06
7139.0000 9.93032e-06
7140.0000 1.04696e-05
7141.0000 1.1038e-05
7142.0000 1.16366e-05
7143.0000 1.22672e-05
7144.0000 1.29313e-05
7145.0000 1.36312e-05
7146.0000 1.4371e-05
7147.0000 1.51588e-05
7148.0000 1.59909e-05
7149.0000 1.68694e-05
7150.0000 1.77961e-05
7151.0000 1.8747e-05
7152.0000 1.97446e-05
7153.0000 2.07889e-05
7154.0000 2.18795e-05
7155.0000 2.30081e-05
7156.0000 2.41808e-05
7157.0000 2.54008e-05
7158.0000 2.66698e-05
7159.0000 2.79785e-05
7160.0000 2.93309e-05
7161.0000 3.07358e-05
7162.0000 3.2194e-05
7163.0000 3.36957e-05
7164.0000 3.52341e-05
7165.0000 3.68218e-05
7166.0000 3.84574e-05
7167.0000 4.01375e-05
7168.0000 4.18542e-05
7169.0000 4.36119e-05
7170.0000 4.54077e-05
7171.0000 4.72383e-05
7172.0000 4.91114e-05
7173.0000 5.10121e-05
7174.0000 5.29358e-05
7175.0000 5.48772e-05
7176.0000 5.68486e-05
7177.0000 5.88288e-05
7178.0000 6.08017e-05
7179.0000 6.27525e-05
7180.0000 6.46836e-05
7181.0000 6.65721e-05
7182.0000 6.83902e-05
7183.0000 7.01293e-05
7184.0000 7.18139e-05
7185.0000 7.34717e-05
7186.0000 7.50962e-05
7187.0000 7.67229e-05
7188.0000 7.84065e-05
7189.0000 8.02324e-05
7190.0000 8.21572e-05
7191.0000 8.41851e-05
7192.0000 8.63013e-05
7193.0000 8.85536e-05
7194.0000 9.08237e-05
7195.0000 9.30656e-05
7196.0000 9.52374e-05
7197.0000 9.73573e-05
7198.0000 9.93712e-05
7199.0000 0.000101261
7200.0000 0.000103032
7201.0000 0.000104745
7202.0000 0.000106399
7203.0000 0.000107974
7204.0000 0.000109478
7205.0000 0.000110953
7206.0000 0.00011242
7207.0000 0.000113831
7208.0000 0.000115187
7209.0000 0.000116492
7210.0000 0.000117755
7211.0000 0.000118971
7212.0000 0.000120144
7213.0000 0.000121275
7214.0000 0.000122248
7215.0000 0.000123183
7216.0000 0.000124082
7217.0000 0.000124946
7218.0000 0.000125583
7219.0000 0.000126136
7220.0000 0.000126656
7221.0000 0.000127144
7222.0000 0.000127469
7223.0000 0.000127675
7224.0000 0.000127856
7225.0000 0.000128014
7226.0000 0.000128112
7227.0000 0.000128136
7228.0000 0.000128141
7229.0000 0.000128128
7230.0000 0.000128103
7231.0000 0.000128072
7232.0000 0.000128028
7233.0000 0.000127974
7234.0000 0.00012791
7235.0000 0.000127936
7236.0000 0.000127955
7237.0000 0.000127968
7238.0000 0.000127975
7239.0000 0.000128096
7240.0000 0.000128241
7241.0000 0.000128381
7242.0000 0.000128517
7243.0000 0.000128717
7244.0000 0.000128959
7245.0000 0.000129196
7246.0000 0.000129429
7247.0000 0.000129679
7248.0000 0.000129956
7249.0000 0.000130226
7250.0000 0.000130491
7251.0000 0.000130747
7252.0000 0.000130991
7253.0000 0.000131231
7254.0000 0.000131466
7255.0000 0.000131698
7256.0000 0.000131873
7257.0000 0.000132047
7258.0000 0.000132219
7259.0000 0.00013239
7260.0000 0.000132527
7261.0000 0.000132654
7262.0000 0.000132779
7263.0000 0.000132902
7264.0000 0.00013302
7265.0000 0.000133132
7266.0000 0.000133243
7267.0000 0.000133351
7268.0000 0.000133454
7269.0000 0.000133549
7270.0000 0.000133641
7271.0000 0.000133728
7272.0000 0.000133811
7273.0000 0.000133891
7274.0000 0.000133966
7275.0000 0.000134036
7276.0000 0.000134101
7277.0000 0.000134194
7278.0000 0.000134281
7279.0000 0.000134363
7280.0000 0.000134439
7281.0000 0.000134539
7282.0000 0.000134641
7283.0000 0.000134735
7284.0000 0.000134824
7285.0000 0.000134906
7286.0000 0.000134981
7287.0000 0.000135052
7288.0000 0.000135118
7289.0000 0.000135161
7290.0000 0.000135173
7291.0000 0.00013518
7292.0000 0.000135181
7293.0000 0.000135172
7294.0000 0.000135138
7295.0000 0.000135099
7296.0000 0.000135054
7297.0000 0.000135005
7298.0000 0.000134983
7299.0000 0.000134961
7300.0000 0.000134939
7301.0000 0.000134917
7302.0000 0.000134925
7303.0000 0.000134941
7304.0000 0.000134956
7305.0000 0.000134969
7306.0000 0.000134989
7307.0000 0.00013501
7308.0000 0.000135026
7309.0000 0.000135037
7310.0000 0.000135044
7311.0000 0.00013505
7312.0000 0.000135055
7313.0000 0.000135061
7314.0000 0.000135072
7315.0000 0.000135091
7316.0000 0.000135113
7317.0000 0.000135139
7318.0000 0.000135166
7319.0000 0.000135238
7320.0000 0.000135307
7321.0000 0.000135374
7322.0000 0.000135436
7323.0000 0.00013554
7324.0000 0.000135652
7325.0000 0.00013576
7326.0000 0.000135867
7327.0000 0.000135961
7328.0000 0.000136046
7329.0000 0.000136133
7330.0000 0.00013622
7331.0000 0.000136278
7332.0000 0.000136293
7333.0000 0.00013631
7334.0000 0.000136329
7335.0000 0.000136333
7336.0000 0.00013626
7337.0000 0.000136192
7338.0000 0.000136128
7339.0000 0.000136067
7340.0000 0.000136009
7341.0000 0.000135951
7342.0000 0.000135894
7343.0000 0.000135835
7344.0000 0.000135774
7345.0000 0.00013571
7346.0000 0.000135643
7347.0000 0.000135574
7348.0000 0.000135505
7349.0000 0.000135437
7350.0000 0.000135371
7351.0000 0.000135307
7352.0000 0.000135245
7353.0000 0.000135186
7354.0000 0.00013513
7355.0000 0.000135075
7356.0000 0.000135021
7357.0000 0.00013497
7358.0000 0.000134921
7359.0000 0.000134875
7360.0000 0.000134834
7361.0000 0.000134797
7362.0000 0.000134765
7363.0000 0.000134739
7364.0000 0.000134717
7365.0000 0.000134698
7366.0000 0.000134681
7367.0000 0.000134666
7368.0000 0.00013465
7369.0000 0.000134633
7370.0000 0.000134615
7371.0000 0.000134596
7372.0000 0.000134575
7373.0000 0.000134554
7374.0000 0.000134533
7375.0000 0.000134514
7376.0000 0.000134497
7377.0000 0.000134484
7378.0000 0.000134474
7379.0000 0.000134469
7380.0000 0.000134468
7381.0000 0.00013447
7382.0000 0.000134474
7383.0000 0.000134479
7384.0000 0.000134485
7385.0000 0.000134489
7386.0000 0.000134491
7387.0000 0.000134491
7388.0000 0.000134489
7389.0000 0.000134486
7390.0000 0.000134482
7391.0000 0.00013448
7392.0000 0.000134478
7393.0000 0.00013448
7394.0000 0.000134484
7395.0000 0.000134491
7396.0000 0.0001345
7397.0000 0.000134511
7398.0000 0.000134523
7399.0000 0.000134533
7400.0000 0.000134541
7401.0000 0.000134544
7402.0000 0.00013454
7403.0000 0.00013453
7404.0000 0.000134511
7405.0000 0.000134486
7406.0000 0.000134455
7407.0000 0.000134421
7408.0000 0.000134386
7409.0000 0.000134354
7410.0000 0.000134326
7411.0000 0.000134302
7412.0000 0.000134284
7413.0000 0.000134268
7414.0000 0.000134254
7415.0000 0.000134238
7416.0000 0.000134219
7417.0000 0.000134195
7418.0000 0.000134165
7419.0000 0.000134129
7420.0000 0.000134088
7421.0000 0.000134045
7422.0000 0.000134001
7423.0000 0.00013396
7424.0000 0.000133922
7425.0000 0.00013389
7426.0000 0.000133862
7427.0000 0.000133838
7428.0000 0.000133817
7429.0000 0.000133797
7430.0000 0.000133774
7431.0000 0.000133747
7432.0000 0.000133715
7433.0000 0.000133675
7434.0000 0.00013363
7435.0000 0.000133577
7436.0000 0.00013352
7437.0000 0.000133459
7438.0000 0.000133396
7439.0000 0.000133333
7440.0000 0.000133271
7441.0000 0.000133212
7442.0000 0.000133156
7443.0000 0.000133103
7444.0000 0.000133053
7445.0000 0.000133004
7446.0000 0.000132956
7447.0000 0.000132905
7448.0000 0.000132851
7449.0000 0.000132791
7450.0000 0.000132725
7451.0000 0.000132652
7452.0000 0.000132574
7453.0000 0.00013249
7454.0000 0.000132404
7455.0000 0.000132318
7456.0000 0.000132234
7457.0000 0.000132155
7458.0000 0.000132081
7459.0000 0.000132013
7460.0000 0.00013195
7461.0000 0.000131889
7462.0000 0.000131828
7463.0000 0.000131765
7464.0000 0.000131695
7465.0000 0.000131619
7466.0000 0.000131535
7467.0000 0.000131444
7468.0000 0.000131347
7469.0000 0.000131248
7470.0000 0.000131148
7471.0000 0.000131048
7472.0000 0.000130951
7473.0000 0.000130857
7474.0000 0.000130766
7475.0000 0.000130677
7476.0000 0.000130589
7477.0000 0.000130503
7478.0000 0.000130417
7479.0000 0.000130333
7480.0000 0.00013025
7481.0000 0.000130169
7482.0000 0.000130089
7483.0000 0.00013001
7484.0000 0.000129932
7485.0000 0.000129855
7486.0000 0.000129778
7487.0000 0.0001297
7488.0000 0.000129622
7489.0000 0.000129544
7490.0000 0.000129466
7491.0000 0.000129389
7492.0000 0.000129314
7493.0000 0.000129241
7494.0000 0.000129171
7495.0000 0.000129105
7496.0000 0.000129041
7497.0000 0.000128982
7498.0000 0.000128924
7499.0000 0.000128869
7500.0000 0.000128814
7501.0000 0.000128756
7502.0000 0.000128697
7503.0000 0.000128633
7504.0000 0.000128566
7505.0000 0.000128495
7506.0000 0.000128419
7507.0000 0.000128341
7508.0000 0.000128261
7509.0000 0.000128181
7510.0000 0.000128102
7511.0000 0.000128025
7512.0000 0.00012795
7513.0000 0.000127877
7514.0000 0.000127805
7515.0000 0.000127735
7516.0000 0.000127665
7517.0000 0.000127596
7518.0000 0.000127527
7519.0000 0.000127461
7520.0000 0.000127396
7521.0000 0.000127333
7522.0000 0.000127271
7523.0000 0.000127212
7524.0000 0.000127153
7525.0000 0.000127095
7526.0000 0.000127037
7527.0000 0.00012698
7528.0000 0.000126925
7529.0000 0.000126872
7530.0000 0.000126823
7531.0000 0.000126778
7532.0000 0.000126739
7533.0000 0.000126706
7534.0000 0.000126677
7535.0000 0.000126652
7536.0000 0.00012663
7537.0000 0.000126608
7538.0000 0.000126586
7539.0000 0.000126562
7540.0000 0.000126535
7541.0000 0.000126506
7542.0000 0.000126475
7543.0000 0.000126443
7544.0000 0.000126412
7545.0000 0.000126382
7546.0000 0.000126355
7547.0000 0.00012633
7548.0000 0.000126309
7549.0000 0.000126289
7550.0000 0.00012627
7551.0000 0.000126258
7552.0000 0.000126244
7553.0000 0.000126227
7554.0000 0.000126208
7555.0000 0.000126187
7556.0000 0.000126162
7557.0000 0.000126136
7558.0000 0.000126109
7559.0000 0.000126082
7560.0000 0.000126057
7561.0000 0.000126035
7562.0000 0.000126018
7563.0000 0.000126005
7564.0000 0.000125998
7565.0000 0.000125997
7566.0000 0.000126001
7567.0000 0.00012601
7568.0000 0.000126024
7569.0000 0.00012604
7570.0000 0.000126059
7571.0000 0.000126132
7572.0000 0.000126205
7573.0000 0.000126278
7574.0000 0.000126352
7575.0000 0.000126219
7576.0000 0.000126032
7577.0000 0.000125842
7578.0000 0.000125647
7579.0000 0.000125136
7580.0000 0.000124412
7581.0000 0.000123682
7582.0000 0.000122946
7583.0000 0.000121773
7584.0000 0.000119945
7585.0000 0.000118117
7586.0000 0.000116288
7587.0000 0.000114148
7588.0000 0.000110761
7589.0000 0.000107376
7590.0000 0.000103995
7591.0000 0.000100616
7592.0000 9.60348e-05
7593.0000 9.14577e-05
7594.0000 8.68844e-05
7595.0000 8.23148e-05
7596.0000 7.77074e-05
7597.0000 7.30919e-05
7598.0000 6.84774e-05
7599.0000 6.38625e-05
7600.0000 6.02164e-05
7601.0000 5.72113e-05
7602.0000 5.42033e-05
7603.0000 5.11924e-05
7604.0000 4.92946e-05
7605.0000 4.90689e-05
7606.0000 4.88409e-05
7607.0000 4.86117e-05
7608.0000 4.88212e-05
7609.0000 5.07836e-05
7610.0000 5.27467e-05
7611.0000 5.47112e-05
7612.0000 5.66769e-05
7613.0000 5.92531e-05
7614.0000 6.18287e-05
7615.0000 6.44025e-05
7616.0000 6.6973e-05
7617.0000 6.88256e-05
7618.0000 7.04952e-05
7619.0000 7.21604e-05
7620.0000 7.38218e-05
7621.0000 7.45553e-05
7622.0000 7.46714e-05
7623.0000 7.47872e-05
7624.0000 7.49035e-05
7625.0000 7.46897e-05
7626.0000 7.39809e-05
7627.0000 7.32732e-05
7628.0000 7.25664e-05
7629.0000 7.19192e-05
7630.0000 7.15076e-05
7631.0000 7.10958e-05
7632.0000 7.06832e-05
7633.0000 7.027e-05
7634.0000 7.07229e-05
7635.0000 7.11745e-05
7636.0000 7.1625e-05
7637.0000 7.20749e-05
7638.0000 7.30867e-05
7639.0000 7.42393e-05
7640.0000 7.53925e-05
7641.0000 7.65469e-05
7642.0000 7.78635e-05
7643.0000 7.92883e-05
7644.0000 8.07139e-05
7645.0000 8.21395e-05
7646.0000 8.35899e-05
7647.0000 8.5077e-05
7648.0000 8.65615e-05
7649.0000 8.80428e-05
7650.0000 8.95176e-05
7651.0000 9.09768e-05
7652.0000 9.24328e-05
7653.0000 9.38861e-05
7654.0000 9.53372e-05
7655.0000 9.66529e-05
7656.0000 9.79672e-05
7657.0000 9.92796e-05
7658.0000 0.000100589
7659.0000 0.000101733
7660.0000 0.00010283
7661.0000 0.00010392
7662.0000 0.000105002
7663.0000 0.000105966
7664.0000 0.000106847
7665.0000 0.000107721
7666.0000 0.000108588
7667.0000 0.000109387
7668.0000 0.00011009
7669.0000 0.000110794
7670.0000 0.000111503
7671.0000 0.000112189
7672.0000 0.000112769
7673.0000 0.000113354
7674.0000 0.000113942
7675.0000 0.000114531
7676.0000 0.000114991
7677.0000 0.000115449
7678.0000 0.000115904
7679.0000 0.000116355
7680.0000 0.000116676
7681.0000 0.000116961
7682.0000 0.000117244
7683.0000 0.000117525
7684.0000 0.000117725
7685.0000 0.000117871
7686.0000 0.000118018
7687.0000 0.000118165
7688.0000 0.000118292
7689.0000 0.000118388
7690.0000 0.000118483
7691.0000 0.000118575
7692.0000 0.00011866
7693.0000 0.000118722
7694.0000 0.000118778
7695.0000 0.000118828
7696.0000 0.000118872
7697.0000 0.000118889
7698.0000 0.000118902
7699.0000 0.000118912
7700.0000 0.000118922
7701.0000 0.000118918
7702.0000 0.000118913
7703.0000 0.000118912
7704.0000 0.000118915
7705.0000 0.000118879
7706.0000 0.000118816
7707.0000 0.000118754
7708.0000 0.000118689
7709.0000 0.0001186
7710.0000 0.000118476
7711.0000 0.000118347
7712.0000 0.000118215
7713.0000 0.000118081
7714.0000 0.000117947
7715.0000 0.000117815
7716.0000 0.000117687
7717.0000 0.000117564
7718.0000 0.000117447
7719.0000 0.000117336
7720.0000 0.000117228
7721.0000 0.000117122
7722.0000 0.000117016
7723.0000 0.000116908
7724.0000 0.000116796
7725.0000 0.000116679
7726.0000 0.000116556
7727.0000 0.000116429
7728.0000 0.000116297
7729.0000 0.000116162
7730.0000 0.000116027
7731.0000 0.000115891
7732.0000 0.000115757
7733.0000 0.000115625
7734.0000 0.000115494
7735.0000 0.000115367
7736.0000 0.000115242
7737.0000 0.00011512
7738.0000 0.000115003
7739.0000 0.000114888
7740.0000 0.000114777
7741.0000 0.000114669
7742.0000 0.000114563
7743.0000 0.000114457
7744.0000 0.00011435
7745.0000 0.00011424
7746.0000 0.000114126
7747.0000 0.000114009
7748.0000 0.000113887
7749.0000 0.000113762
7750.0000 0.000113635
7751.0000 0.000113506
7752.0000 0.000113377
7753.0000 0.000113249
7754.0000 0.000113122
7755.0000 0.000112997
7756.0000 0.000112873
7757.0000 0.00011275
7758.0000 0.000112629
7759.0000 0.000112507
7760.0000 0.000112386
7761.0000 0.000112263
7762.0000 0.00011214
7763.0000 0.000112015
7764.0000 0.000111888
7765.0000 0.00011176
7766.0000 0.00011163
7767.0000 0.0001115
7768.0000 0.000111369
7769.0000 0.000111239
7770.0000 0.000111112
7771.0000 0.000110988
7772.0000 0.000110869
7773.0000 0.000110757
7774.0000 0.000110651
7775.0000 0.00011055
7776.0000 0.000110454
7777.0000 0.00011036
7778.0000 0.000110266
7779.0000 0.000110169
7780.0000 0.000110066
7781.0000 0.000109958
7782.0000 0.000109843
7783.0000 0.000109723
7784.0000 0.000109599
7785.0000 0.000109474
7786.0000 0.000109348
7787.0000 0.000109225
7788.0000 0.000109105
7789.0000 0.000108988
7790.0000 0.000108875
7791.0000 0.000108764
7792.0000 0.000108654
7793.0000 0.000108545
7794.0000 0.000108436
7795.0000 0.000108326
7796.0000 0.000108216
7797.0000 0.000108106
7798.0000 0.000107996
7799.0000 0.000107888
7800.0000 0.000107782
7801.0000 0.000107677
7802.0000 0.000107575
7803.0000 0.000107473
7804.0000 0.000107371
7805.0000 0.000107267
7806.0000 0.000107161
7807.0000 0.000107052
7808.0000 0.000106939
7809.0000 0.000106823
7810.0000 0.000106704
7811.0000 0.000106584
7812.0000 0.000106463
7813.0000 0.000106344
7814.0000 0.000106228
7815.0000 0.000106117
7816.0000 0.00010601
7817.0000 0.000105909
7818.0000 0.000105813
7819.0000 0.000105721
7820.0000 0.000105634
7821.0000 0.000105549
7822.0000 0.000105467
7823.0000 0.000105384
7824.0000 0.000105302
7825.0000 0.000105218
7826.0000 0.000105134
7827.0000 0.000105047
7828.0000 0.000104959
7829.0000 0.00010487
7830.0000 0.00010478
7831.0000 0.00010469
7832.0000 0.0001046
7833.0000 0.000104511
7834.0000 0.000104424
7835.0000 0.000104338
7836.0000 0.000104256
7837.0000 0.000104175
7838.0000 0.000104098
7839.0000 0.000104021
7840.0000 0.000103946
7841.0000 0.000103871
7842.0000 0.000103795
7843.0000 0.000103718
7844.0000 0.000103639
7845.0000 0.000103557
7846.0000 0.000103474
7847.0000 0.00010339
7848.0000 0.000103306
7849.0000 0.000103223
7850.0000 0.000103142
7851.0000 0.000103062
7852.0000 0.000102984
7853.0000 0.000102909
7854.0000 0.000102836
7855.0000 0.000102766
7856.0000 0.000102698
7857.0000 0.000102635
7858.0000 0.000102576
7859.0000 0.000102522
7860.0000 0.000102474
7861.0000 0.00010243
7862.0000 0.000102389
7863.0000 0.000102348
7864.0000 0.000102306
7865.0000 0.00010226
7866.0000 0.000102208
7867.0000 0.000102148
7868.0000 0.000102082
7869.0000 0.000102009
7870.0000 0.000101931
7871.0000 0.000101851
7872.0000 0.00010177
7873.0000 0.000101691
7874.0000 0.000101615
7875.0000 0.000101542
7876.0000 0.000101472
7877.0000 0.000101404
7878.0000 0.000101337
7879.0000 0.00010127
7880.0000 0.000101203
7881.0000 0.000101134
7882.0000 0.000101066
7883.0000 0.000100999
7884.0000 0.000100934
7885.0000 0.000100873
7886.0000 0.000100816
7887.0000 0.000100764
7888.0000 0.000100717
7889.0000 0.000100673
7890.0000 0.000100632
7891.0000 0.000100593
7892.0000 0.000100553
7893.0000 0.000100513
7894.0000 0.000100472
7895.0000 0.00010043
7896.0000 0.00010039
7897.0000 0.000100352
7898.0000 0.000100317
7899.0000 0.000100287
7900.0000 0.000100262
7901.0000 0.00010024
7902.0000 0.000100222
7903.0000 0.000100205
7904.0000 0.000100186
7905.0000 0.000100165
7906.0000 0.000100139
7907.0000 0.000100107
7908.0000 0.00010007
7909.0000 0.000100028
7910.0000 9.99826e-05
7911.0000 9.99342e-05
7912.0000 9.98845e-05
7913.0000 9.98344e-05
7914.0000 9.97848e-05
7915.0000 9.97358e-05
7916.0000 9.96876e-05
7917.0000 9.96401e-05
7918.0000 9.95928e-05
7919.0000 9.95458e-05
7920.0000 9.9499e-05
7921.0000 9.94528e-05
7922.0000 9.94076e-05
7923.0000 9.9364e-05
7924.0000 9.93228e-05
7925.0000 9.92847e-05
7926.0000 9.92501e-05
7927.0000 9.92193e-05
7928.0000 9.9192e-05
7929.0000 9.91678e-05
7930.0000 9.9146e-05
7931.0000 9.91256e-05
7932.0000 9.91056e-05
7933.0000 9.90852e-05
7934.0000 9.90638e-05
7935.0000 9.90411e-05
7936.0000 9.90171e-05
7937.0000 9.89919e-05
7938.0000 9.8966e-05
7939.0000 9.89396e-05
7940.0000 9.89128e-05
7941.0000 9.88853e-05
7942.0000 9.88567e-05
7943.0000 9.88264e-05
7944.0000 9.87938e-05
7945.0000 9.87585e-05
7946.0000 9.87206e-05
7947.0000 9.86804e-05
7948.0000 9.86389e-05
7949.0000 9.85973e-05
7950.0000 9.85568e-05
7951.0000 9.85188e-05
7952.0000 9.84848e-05
7953.0000 9.84559e-05
7954.0000 9.84333e-05
7955.0000 9.84179e-05
7956.0000 9.84105e-05
7957.0000 9.84113e-05
7958.0000 9.84205e-05
7959.0000 9.84373e-05
7960.0000 9.84606e-05
7961.0000 9.8488e-05
7962.0000 9.85169e-05
7963.0000 9.85438e-05
7964.0000 9.85655e-05
7965.0000 9.8579e-05
7966.0000 9.85818e-05
7967.0000 9.8573e-05
7968.0000 9.85523e-05
7969.0000 9.8521e-05
7970.0000 9.84811e-05
7971.0000 9.84354e-05
7972.0000 9.83868e-05
7973.0000 9.8338e-05
7974.0000 9.82913e-05
7975.0000 9.82483e-05
7976.0000 9.82097e-05
7977.0000 9.81757e-05
7978.0000 9.81456e-05
7979.0000 9.81189e-05
7980.0000 9.80948e-05
7981.0000 9.80726e-05
7982.0000 9.80522e-05
7983.0000 9.80333e-05
7984.0000 9.80158e-05
7985.0000 9.79995e-05
7986.0000 9.7984e-05
7987.0000 9.79684e-05
7988.0000 9.79519e-05
7989.0000 9.79332e-05
7990.0000 9.79116e-05
7991.0000 9.78865e-05
7992.0000 9.78579e-05
7993.0000 9.78264e-05
7994.0000 9.7793e-05
7995.0000 9.7759e-05
7996.0000 9.77256e-05
7997.0000 9.76941e-05
7998.0000 9.76654e-05
7999.0000 9.76401e-05
8000.0000 9.76184e-05
8001.0000 9.76073e-05
8002.0000 9.75991e-05
8003.0000 9.75931e-05
8004.0000 9.75882e-05
8005.0000 9.75834e-05
8006.0000 9.75773e-05
8007.0000 9.7569e-05
8008.0000 9.75575e-05
8009.0000 9.75419e-05
8010.0000 9.75221e-05
8011.0000 9.74981e-05
8012.0000 9.74705e-05
8013.0000 9.74402e-05
8014.0000 9.74083e-05
8015.0000 9.73763e-05
8016.0000 9.73452e-05
8017.0000 9.73161e-05
8018.0000 9.72898e-05
8019.0000 9.72666e-05
8020.0000 9.72463e-05
8021.0000 9.72286e-05
8022.0000 9.72126e-05
8023.0000 9.71972e-05
8024.0000 9.71811e-05
8025.0000 9.71629e-05
8026.0000 9.71412e-05
8027.0000 9.71148e-05
8028.0000 9.70831e-05
8029.0000 9.70459e-05
8030.0000 9.70035e-05
8031.0000 9.69569e-05
8032.0000 9.69076e-05
8033.0000 9.68572e-05
8034.0000 9.68074e-05
8035.0000 9.67594e-05
8036.0000 9.6714e-05
8037.0000 9.66714e-05
8038.0000 9.66312e-05
8039.0000 9.65927e-05
8040.0000 9.6555e-05
8041.0000 9.65172e-05
8042.0000 9.64789e-05
8043.0000 9.64397e-05
8044.0000 9.63999e-05
8045.0000 9.63598e-05
8046.0000 9.63198e-05
8047.0000 9.62804e-05
8048.0000 9.62417e-05
8049.0000 9.62039e-05
8050.0000 9.61669e-05
8051.0000 9.613e-05
8052.0000 9.60932e-05
8053.0000 9.60558e-05
8054.0000 9.60173e-05
8055.0000 9.59773e-05
8056.0000 9.5935e-05
8057.0000 9.58899e-05
8058.0000 9.58416e-05
8059.0000 9.57896e-05
8060.0000 9.57336e-05
8061.0000 9.56734e-05
8062.0000 9.56091e-05
8063.0000 9.55413e-05
8064.0000 9.54706e-05
8065.0000 9.53981e-05
8066.0000 9.53248e-05
8067.0000 9.52521e-05
8068.0000 9.51811e-05
8069.0000 9.51125e-05
8070.0000 9.50469e-05
8071.0000 9.49841e-05
8072.0000 9.49239e-05
8073.0000 9.48656e-05
8074.0000 9.48083e-05
8075.0000 9.47514e-05
8076.0000 9.46945e-05
8077.0000 9.46374e-05
8078.0000 9.45799e-05
8079.0000 9.45223e-05
8080.0000 9.44644e-05
8081.0000 9.4406e-05
8082.0000 9.43465e-05
8083.0000 9.4285e-05
8084.0000 9.42206e-05
8085.0000 9.41524e-05
8086.0000 9.40798e-05
8087.0000 9.40023e-05
8088.0000 9.39204e-05
8089.0000 9.38344e-05
8090.0000 9.37456e-05
8091.0000 9.3655e-05
8092.0000 9.35641e-05
8093.0000 9.34741e-05
8094.0000 9.33863e-05
8095.0000 9.33016e-05
8096.0000 9.32207e-05
8097.0000 9.31437e-05
8098.0000 9.30706e-05
8099.0000 9.30005e-05
8100.0000 9.29326e-05
8101.0000 9.28653e-05
8102.0000 9.27973e-05
8103.0000 9.27275e-05
8104.0000 9.25852e-05
8105.0000 9.23938e-05
8106.0000 9.22003e-05
8107.0000 9.20056e-05
8108.0000 9.18438e-05
8109.0000 9.17321e-05
8110.0000 9.16226e-05
8111.0000 9.15153e-05
8112.0000 9.14115e-05
8113.0000 9.13161e-05
8114.0000 9.1219e-05
8115.0000 9.11185e-05
8116.0000 9.10134e-05
8117.0000 9.08938e-05
8118.0000 9.07693e-05
8119.0000 9.06407e-05
8120.0000 9.05096e-05
8121.0000 9.03289e-05
8122.0000 9.01368e-05
8123.0000 8.99467e-05
8124.0000 8.97591e-05
8125.0000 8.95327e-05
8126.0000 8.92811e-05
8127.0000 8.9031e-05
8128.0000 8.87815e-05
8129.0000 8.85257e-05
8130.0000 8.82601e-05
8131.0000 8.79927e-05
8132.0000 8.77234e-05
8133.0000 8.74585e-05
8134.0000 8.72163e-05
8135.0000 8.69743e-05
8136.0000 8.67334e-05
8137.0000 8.64948e-05
8138.0000 8.62868e-05
8139.0000 8.60824e-05
8140.0000 8.58813e-05
8141.0000 8.5683e-05
8142.0000 8.54872e-05
8143.0000 8.5292e-05
8144.0000 8.50961e-05
8145.0000 8.48985e-05
8146.0000 8.46894e-05
8147.0000 8.4472e-05
8148.0000 8.42527e-05
8149.0000 8.40324e-05
8150.0000 8.38102e-05
8151.0000 8.35861e-05
8152.0000 8.33623e-05
8153.0000 8.3139e-05
8154.0000 8.29185e-05
8155.0000 8.27071e-05
8156.0000 8.24969e-05
8157.0000 8.22882e-05
8158.0000 8.20814e-05
8159.0000 8.19005e-05
8160.0000 8.17215e-05
8161.0000 8.15437e-05
8162.0000 8.13657e-05
8163.0000 8.12244e-05
8164.0000 8.10896e-05
8165.0000 8.09509e-05
8166.0000 8.08078e-05
8167.0000 7.98341e-05
8168.0000 7.83092e-05
8169.0000 7.8263e-05
8170.0000 7.82173e-05
8171.0000 7.81736e-05
8172.0000 7.8133e-05
8173.0000 7.84689e-05
8174.0000 7.88077e-05
8175.0000 7.9149e-05
8176.0000 7.9492e-05
8177.0000 7.95812e-05
8178.0000 7.96713e-05
8179.0000 7.97617e-05
8180.0000 7.98521e-05
8181.0000 7.93421e-05
8182.0000 7.88335e-05
8183.0000 7.83263e-05
8184.0000 7.78207e-05
8185.0000 7.80534e-05
8186.0000 7.82864e-05
8187.0000 7.85193e-05
8188.0000 7.87519e-05
8189.0000 7.89463e-05
8190.0000 7.91396e-05
8191.0000 7.93313e-05
8192.0000 7.95213e-05
8193.0000 7.93182e-05
8194.0000 7.91145e-05
8195.0000 7.8911e-05
8196.0000 7.87085e-05
8197.0000 7.86921e-05
8198.0000 7.8678e-05
8199.0000 7.86665e-05
8200.0000 7.86575e-05
8201.0000 7.85949e-05
8202.0000 7.85332e-05
8203.0000 7.84711e-05
8204.0000 7.84078e-05
8205.0000 7.88265e-05
8206.0000 7.92423e-05
8207.0000 7.96555e-05
8208.0000 8.00671e-05
8209.0000 8.05376e-05
8210.0000 8.10082e-05
8211.0000 8.14792e-05
8212.0000 8.19509e-05
8213.0000 8.18418e-05
8214.0000 8.17341e-05
8215.0000 8.16282e-05
8216.0000 8.15248e-05
8217.0000 8.13378e-05
8218.0000 8.11567e-05
8219.0000 8.0983e-05
8220.0000 8.08176e-05
8221.0000 8.06333e-05
8222.0000 8.04561e-05
8223.0000 8.02834e-05
8224.0000 8.01121e-05
8225.0000 7.95222e-05
8226.0000 7.89274e-05
8227.0000 7.83253e-05
8228.0000 7.77148e-05
8229.0000 7.6218e-05
8230.0000 7.47145e-05
8231.0000 7.3206e-05
8232.0000 7.16945e-05
8233.0000 7.09881e-05
8234.0000 7.02814e-05
8235.0000 6.95765e-05
8236.0000 6.88752e-05
8237.0000 7.00965e-05
8238.0000 7.13212e-05
8239.0000 7.25507e-05
8240.0000 7.3786e-05
8241.0000 7.48204e-05
8242.0000 7.58609e-05
8243.0000 7.69064e-05
8244.0000 7.79557e-05
8245.0000 7.806e-05
8246.0000 7.81652e-05
8247.0000 7.827e-05
8248.0000 7.83732e-05
8249.0000 7.85692e-05
8250.0000 7.87628e-05
8251.0000 7.89564e-05
8252.0000 7.91476e-05
8253.0000 7.93439e-05
8254.0000 7.95379e-05
8255.0000 7.97296e-05
8256.0000 7.99186e-05
8257.0000 7.95515e-05
8258.0000 7.91818e-05
8259.0000 7.88094e-05
8260.0000 7.84345e-05
8261.0000 7.81159e-05
8262.0000 7.77963e-05
8263.0000 7.74767e-05
8264.0000 7.71587e-05
8265.0000 7.7352e-05
8266.0000 7.7549e-05
8267.0000 7.77508e-05
8268.0000 7.79581e-05
8269.0000 7.82157e-05
8270.0000 7.8478e-05
8271.0000 7.8744e-05
8272.0000 7.90122e-05
8273.0000 7.87858e-05
8274.0000 7.85588e-05
8275.0000 7.833e-05
8276.0000 7.80989e-05
8277.0000 7.747e-05
8278.0000 7.68397e-05
8279.0000 7.62088e-05
8280.0000 7.5578e-05
8281.0000 7.54162e-05
8282.0000 7.52549e-05
8283.0000 7.5094e-05
8284.0000 7.49332e-05
8285.0000 7.51e-05
8286.0000 7.52655e-05
8287.0000 7.54294e-05
8288.0000 7.55919e-05
8289.0000 7.56582e-05
8290.0000 7.57249e-05
8291.0000 7.57936e-05
8292.0000 7.58658e-05
8293.0000 7.57968e-05
8294.0000 7.57332e-05
8295.0000 7.56747e-05
8296.0000 7.56206e-05
8297.0000 7.57921e-05
8298.0000 7.59643e-05
8299.0000 7.61354e-05
8300.0000 7.63035e-05
8301.0000 7.65046e-05
8302.0000 7.67011e-05
8303.0000 7.68931e-05
8304.0000 7.70814e-05
8305.0000 7.70085e-05
8306.0000 7.6934e-05
8307.0000 7.68586e-05
8308.0000 7.67827e-05
8309.0000 7.67677e-05
8310.0000 7.67519e-05
8311.0000 7.67347e-05
8312.0000 7.67159e-05
8313.0000 7.69456e-05
8314.0000 7.71734e-05
8315.0000 7.73993e-05
8316.0000 7.76241e-05
8317.0000 7.75227e-05
8318.0000 7.7422e-05
8319.0000 7.73227e-05
8320.0000 7.72254e-05
8321.0000 7.68387e-05
8322.0000 7.64545e-05
8323.0000 7.60725e-05
8324.0000 7.56917e-05
8325.0000 7.5599e-05
8326.0000 7.55049e-05
8327.0000 7.5408e-05
8328.0000 7.53076e-05
8329.0000 7.56645e-05
8330.0000 7.60173e-05
8331.0000 7.63669e-05
8332.0000 7.6715e-05
8333.0000 7.67851e-05
8334.0000 7.68573e-05
8335.0000 7.69325e-05
8336.0000 7.70109e-05
8337.0000 7.69453e-05
8338.0000 7.68807e-05
8339.0000 7.68157e-05
8340.0000 7.67487e-05
8341.0000 7.66794e-05
8342.0000 7.66073e-05
8343.0000 7.65333e-05
8344.0000 7.64587e-05
8345.0000 7.65469e-05
8346.0000 7.66375e-05
8347.0000 7.67314e-05
8348.0000 7.68291e-05
8349.0000 7.69648e-05
8350.0000 7.71039e-05
8351.0000 7.72453e-05
8352.0000 7.73885e-05
8353.0000 7.73453e-05
8354.0000 7.73022e-05
8355.0000 7.72582e-05
8356.0000 7.7212e-05
8357.0000 7.71098e-05
8358.0000 7.7003e-05
8359.0000 7.68909e-05
8360.0000 7.67728e-05
8361.0000 7.67097e-05
8362.0000 7.66418e-05
8363.0000 7.65707e-05
8364.0000 7.64982e-05
8365.0000 7.6498e-05
8366.0000 7.65003e-05
8367.0000 7.65062e-05
8368.0000 7.65165e-05
8369.0000 7.65262e-05
8370.0000 7.65394e-05
8371.0000 7.65547e-05
8372.0000 7.65707e-05
8373.0000 7.65575e-05
8374.0000 7.65414e-05
8375.0000 7.6521e-05
8376.0000 7.64955e-05
8377.0000 7.641e-05
8378.0000 7.63196e-05
8379.0000 7.62256e-05
8380.0000 7.61295e-05
8381.0000 7.608e-05
8382.0000 7.60329e-05
8383.0000 7.59902e-05
8384.0000 7.59531e-05
8385.0000 7.59493e-05
8386.0000 7.59506e-05
8387.0000 7.59554e-05
8388.0000 7.59612e-05
8389.0000 7.59053e-05
8390.0000 7.5845e-05
8391.0000 7.57783e-05
8392.0000 7.57043e-05
8393.0000 7.56688e-05
8394.0000 7.56266e-05
8395.0000 7.55793e-05
8396.0000 7.55288e-05
8397.0000 7.54609e-05
8398.0000 7.53941e-05
8399.0000 7.53306e-05
8400.0000 7.52718e-05
8401.0000 7.52072e-05
8402.0000 7.51494e-05
8403.0000 7.50989e-05
8404.0000 7.50551e-05
8405.0000 7.50156e-05
8406.0000 7.49804e-05
8407.0000 7.49475e-05
8408.0000 7.49144e-05
8409.0000 7.48466e-05
8410.0000 7.47743e-05
8411.0000 7.46958e-05
8412.0000 7.46106e-05
8413.0000 7.45425e-05
8414.0000 7.44693e-05
8415.0000 7.43929e-05
8416.0000 7.43155e-05
8417.0000 7.42659e-05
8418.0000 7.42189e-05
8419.0000 7.41751e-05
8420.0000 7.41344e-05
8421.0000 7.4085e-05
8422.0000 7.4036e-05
8423.0000 7.39856e-05
8424.0000 7.39328e-05
8425.0000 7.39073e-05
8426.0000 7.38796e-05
8427.0000 7.38515e-05
8428.0000 7.38256e-05
8429.0000 7.37792e-05
8430.0000 7.37398e-05
8431.0000 7.37086e-05
8432.0000 7.36853e-05
8433.0000 7.36348e-05
8434.0000 7.35878e-05
8435.0000 7.35408e-05
8436.0000 7.34906e-05
8437.0000 7.34404e-05
8438.0000 7.33821e-05
8439.0000 7.33148e-05
8440.0000 7.32387e-05
8441.0000 7.31668e-05
8442.0000 7.30897e-05
8443.0000 7.301e-05
8444.0000 7.29302e-05
8445.0000 7.28721e-05
8446.0000 7.28187e-05
8447.0000 7.27716e-05
8448.0000 7.2732e-05
8449.0000 7.26997e-05
8450.0000 7.26756e-05
8451.0000 7.26591e-05
8452.0000 7.26494e-05
8453.0000 7.26419e-05
8454.0000 7.26382e-05
8455.0000 7.26363e-05
8456.0000 7.26343e-05
8457.0000 7.26229e-05
8458.0000 7.26085e-05
8459.0000 7.25903e-05
8460.0000 7.25684e-05
8461.0000 7.25307e-05
8462.0000 7.24915e-05
8463.0000 7.24524e-05
8464.0000 7.24149e-05
8465.0000 7.23832e-05
8466.0000 7.23542e-05
8467.0000 7.23274e-05
8468.0000 7.23017e-05
8469.0000 7.22961e-05
8470.0000 7.22886e-05
8471.0000 7.22783e-05
8472.0000 7.22649e-05
8473.0000 7.22409e-05
8474.0000 7.22155e-05
8475.0000 7.219e-05
8476.0000 7.2166e-05
8477.0000 7.21335e-05
8478.0000 7.21047e-05
8479.0000 7.20801e-05
8480.0000 7.20594e-05
8481.0000 7.20316e-05
8482.0000 7.20063e-05
8483.0000 7.19829e-05
8484.0000 7.19605e-05
8485.0000 7.19491e-05
8486.0000 7.19375e-05
8487.0000 7.19251e-05
8488.0000 7.19114e-05
8489.0000 7.18995e-05
8490.0000 7.18846e-05
8491.0000 7.18655e-05
8492.0000 7.18409e-05
8493.0000 7.18058e-05
8494.0000 7.17633e-05
8495.0000 7.17129e-05
8496.0000 7.16554e-05
8497.0000 7.15971e-05
8498.0000 7.15348e-05
8499.0000 7.1471e-05
8500.0000 7.14084e-05
8501.0000 7.13553e-05
8502.0000 7.13079e-05
8503.0000 7.12678e-05
8504.0000 7.12361e-05
8505.0000 7.12089e-05
8506.0000 7.11904e-05
8507.0000 7.11799e-05
8508.0000 7.11765e-05
8509.0000 7.11731e-05
8510.0000 7.11731e-05
8511.0000 7.11741e-05
8512.0000 7.11734e-05
8513.0000 7.11582e-05
8514.0000 7.11357e-05
8515.0000 7.11035e-05
8516.0000 7.106e-05
8517.0000 7.10141e-05
8518.0000 7.09562e-05
8519.0000 7.08873e-05
8520.0000 7.08093e-05
8521.0000 7.07438e-05
8522.0000 7.06738e-05
8523.0000 7.06016e-05
8524.0000 7.05289e-05
8525.0000 7.04503e-05
8526.0000 7.03727e-05
8527.0000 7.02956e-05
8528.0000 7.02181e-05
8529.0000 7.01392e-05
8530.0000 7.00574e-05
8531.0000 6.9972e-05
8532.0000 6.98825e-05
8533.0000 6.97855e-05
8534.0000 6.96855e-05
8535.0000 6.95835e-05
8536.0000 6.94811e-05
8537.0000 6.93722e-05
8538.0000 6.92652e-05
8539.0000 6.91608e-05
8540.0000 6.90592e-05
8541.0000 6.89556e-05
8542.0000 6.88543e-05
8543.0000 6.87545e-05
8544.0000 6.86555e-05
8545.0000 6.85629e-05
8546.0000 6.84691e-05
8547.0000 6.83729e-05
8548.0000 6.82736e-05
8549.0000 6.81801e-05
8550.0000 6.8082e-05
8551.0000 6.7979e-05
8552.0000 6.78709e-05
8553.0000 6.7751e-05
8554.0000 6.76272e-05
8555.0000 6.75006e-05
8556.0000 6.73724e-05
8557.0000 6.72362e-05
8558.0000 6.71005e-05
8559.0000 6.69655e-05
8560.0000 6.68302e-05
8561.0000 6.67028e-05
8562.0000 6.65709e-05
8563.0000 6.64316e-05
8564.0000 6.62827e-05
8565.0000 6.61247e-05
8566.0000 6.59555e-05
8567.0000 6.5776e-05
8568.0000 6.55885e-05
8569.0000 6.53909e-05
8570.0000 6.51906e-05
8571.0000 6.49895e-05
8572.0000 6.47885e-05
8573.0000 6.45813e-05
8574.0000 6.43737e-05
8575.0000 6.41649e-05
8576.0000 6.39544e-05
8577.0000 6.37431e-05
8578.0000 6.35316e-05
8579.0000 6.3322e-05
8580.0000 6.31172e-05
8581.0000 6.29319e-05
8582.0000 6.27563e-05
8583.0000 6.25919e-05
8584.0000 6.24389e-05
8585.0000 6.22931e-05
8586.0000 6.21547e-05
8587.0000 6.20202e-05
8588.0000 6.18853e-05
8589.0000 6.17404e-05
8590.0000 6.15878e-05
8591.0000 6.14249e-05
8592.0000 6.12505e-05
8593.0000 6.10641e-05
8594.0000 6.08673e-05
8595.0000 6.06619e-05
8596.0000 6.04503e-05
8597.0000 6.02383e-05
8598.0000 6.00248e-05
8599.0000 5.9812e-05
8600.0000 5.96021e-05
8601.0000 5.93965e-05
8602.0000 5.91973e-05
8603.0000 5.90058e-05
8604.0000 5.88229e-05
8605.0000 5.86474e-05
8606.0000 5.84802e-05
8607.0000 5.832e-05
8608.0000 5.81652e-05
8609.0000 5.80129e-05
8610.0000 5.78616e-05
8611.0000 5.77094e-05
8612.0000 5.75547e-05
8613.0000 5.7396e-05
8614.0000 5.72332e-05
8615.0000 5.70663e-05
8616.0000 5.68955e-05
8617.0000 5.67228e-05
8618.0000 5.65476e-05
8619.0000 5.63707e-05
8620.0000 5.61933e-05
8621.0000 5.6017e-05
8622.0000 5.58431e-05
8623.0000 5.56737e-05
8624.0000 5.55105e-05
8625.0000 5.53546e-05
8626.0000 5.52082e-05
8627.0000 5.50723e-05
8628.0000 5.49467e-05
8629.0000 5.48305e-05
8630.0000 5.47221e-05
8631.0000 5.4619e-05
8632.0000 5.45184e-05
8633.0000 5.44181e-05
8634.0000 5.43156e-05
8635.0000 5.42095e-05
8636.0000 5.41001e-05
8637.0000 5.39887e-05
8638.0000 5.38775e-05
8639.0000 5.3769e-05
8640.0000 5.36661e-05
8641.0000 5.35706e-05
8642.0000 5.34845e-05
8643.0000 5.3409e-05
8644.0000 5.33444e-05
8645.0000 5.32908e-05
8646.0000 5.32484e-05
8647.0000 5.32171e-05
8648.0000 5.31967e-05
8649.0000 5.31865e-05
8650.0000 5.31854e-05
8651.0000 5.31916e-05
8652.0000 5.32029e-05
8653.0000 5.32168e-05
8654.0000 5.32315e-05
8655.0000 5.3246e-05
8656.0000 5.32603e-05
8657.0000 5.32755e-05
8658.0000 5.32937e-05
8659.0000 5.33169e-05
8660.0000 5.33468e-05
8661.0000 5.33844e-05
8662.0000 5.34288e-05
8663.0000 5.34785e-05
8664.0000 5.35315e-05
8665.0000 5.35857e-05
8666.0000 5.364e-05
8667.0000 5.36943e-05
8668.0000 5.37499e-05
8669.0000 5.38092e-05
8670.0000 5.38754e-05
8671.0000 5.39521e-05
8672.0000 5.4042e-05
8673.0000 5.41475e-05
8674.0000 5.42697e-05
8675.0000 5.44087e-05
8676.0000 5.4564e-05
8677.0000 5.47342e-05
8678.0000 5.49176e-05
8679.0000 5.51123e-05
8680.0000 5.53167e-05
8681.0000 5.55292e-05
8682.0000 5.57482e-05
8683.0000 5.59726e-05
8684.0000 5.62011e-05
8685.0000 5.64327e-05
8686.0000 5.66659e-05
8687.0000 5.68996e-05
8688.0000 5.71324e-05
8689.0000 5.73628e-05
8690.0000 5.75896e-05
8691.0000 5.78116e-05
8692.0000 5.80282e-05
8693.0000 5.82389e-05
8694.0000 5.84442e-05
8695.0000 5.86446e-05
8696.0000 5.88418e-05
8697.0000 5.90375e-05
8698.0000 5.92336e-05
8699.0000 5.9432e-05
8700.0000 5.9634e-05
8701.0000 5.98396e-05
8702.0000 6.00475e-05
8703.0000 6.02545e-05
8704.0000 6.04555e-05
8705.0000 6.06436e-05
8706.0000 6.0811e-05
8707.0000 6.09499e-05
8708.0000 6.10533e-05
8709.0000 6.11167e-05
8710.0000 6.11385e-05
8711.0000 6.11201e-05
8712.0000 6.10657e-05
8713.0000 6.09811e-05
8714.0000 6.08722e-05
8715.0000 6.07434e-05
8716.0000 6.05966e-05
8717.0000 6.04307e-05
8718.0000 6.02423e-05
8719.0000 6.00262e-05
8720.0000 5.97767e-05
8721.0000 5.94892e-05
8722.0000 5.91608e-05
8723.0000 5.87902e-05
8724.0000 5.83778e-05
8725.0000 5.79243e-05
8726.0000 5.74306e-05
8727.0000 5.68966e-05
8728.0000 5.63217e-05
8729.0000 5.57044e-05
8730.0000 5.50435e-05
8731.0000 5.43383e-05
8732.0000 5.35894e-05
8733.0000 5.27987e-05
8734.0000 5.19691e-05
8735.0000 5.11045e-05
8736.0000 5.02087e-05
8737.0000 4.92851e-05
8738.0000 4.83367e-05
8739.0000 4.73654e-05
8740.0000 4.63726e-05
8741.0000 4.53595e-05
8742.0000 4.43274e-05
8743.0000 4.32783e-05
8744.0000 4.22146e-05
8745.0000 4.11401e-05
8746.0000 4.00591e-05
8747.0000 3.89763e-05
8748.0000 3.78967e-05
8749.0000 3.68248e-05
8750.0000 3.57643e-05
8751.0000 3.47211e-05
8752.0000 3.36932e-05
8753.0000 3.26812e-05
8754.0000 3.16844e-05
8755.0000 3.07018e-05
8756.0000 2.97323e-05
8757.0000 2.87751e-05
8758.0000 2.78298e-05
8759.0000 2.68971e-05
8760.0000 2.59782e-05
8761.0000 2.50751e-05
8762.0000 2.41902e-05
8763.0000 2.33259e-05
8764.0000 2.24845e-05
8765.0000 2.16676e-05
8766.0000 2.08762e-05
8767.0000 2.01105e-05
8768.0000 1.93702e-05
8769.0000 1.86545e-05
8770.0000 1.79623e-05
8771.0000 1.72925e-05
8772.0000 1.66441e-05
8773.0000 1.60162e-05
8774.0000 1.54084e-05
8775.0000 1.48199e-05
8776.0000 1.42502e-05
8777.0000 1.36988e-05
8778.0000 1.31651e-05
8779.0000 1.26489e-05
8780.0000 1.215e-05
8781.0000 1.16682e-05
8782.0000 1.12045e-05
8783.0000 1.07595e-05
8784.0000 1.03339e-05
8785.0000 9.92848e-06
8786.0000 9.54295e-06
8787.0000 9.17686e-06
8788.0000 8.82917e-06
8789.0000 8.49887e-06
8790.0000 8.18354e-06
8791.0000 7.8812e-06
8792.0000 7.58998e-06
8793.0000 7.30816e-06
8794.0000 7.03466e-06
8795.0000 6.76871e-06
8796.0000 6.51e-06
8797.0000 6.25842e-06
8798.0000 6.01451e-06
8799.0000 5.7788e-06
8800.0000 5.55189e-06
8801.0000 5.33417e-06
8802.0000 5.12633e-06
8803.0000 4.92868e-06
8804.0000 4.74135e-06
8805.0000 4.56412e-06
8806.0000 4.39683e-06
8807.0000 4.23901e-06
8808.0000 4.09003e-06
8809.0000 3.94944e-06
8810.0000 3.81617e-06
8811.0000 3.6894e-06
8812.0000 3.5684e-06
8813.0000 3.45255e-06
8814.0000 3.34122e-06
8815.0000 3.234e-06
8816.0000 3.13056e-06
8817.0000 3.0306e-06
8818.0000 2.93399e-06
8819.0000 2.84052e-06
8820.0000 2.7499e-06
8821.0000 2.66164e-06
8822.0000 2.57544e-06
8823.0000 2.49083e-06
8824.0000 2.40743e-06
8825.0000 2.32502e-06
8826.0000 2.2435e-06
8827.0000 2.16306e-06
8828.0000 2.08417e-06
8829.0000 2.00771e-06
8830.0000 1.93423e-06
8831.0000 1.86451e-06
8832.0000 1.79925e-06
8833.0000 1.73876e-06
8834.0000 1.68338e-06
8835.0000 1.6329e-06
8836.0000 1.58682e-06
8837.0000 1.54422e-06
8838.0000 1.5042e-06
8839.0000 1.46568e-06
8840.0000 1.42767e-06
8841.0000 1.38941e-06
8842.0000 1.35025e-06
8843.0000 1.30994e-06
8844.0000 1.2685e-06
8845.0000 1.22636e-06
8846.0000 1.18393e-06
8847.0000 1.14189e-06
8848.0000 1.10095e-06
8849.0000 1.06176e-06
8850.0000 1.025e-06
8851.0000 9.91165e-07
8852.0000 9.60532e-07
8853.0000 9.33111e-07
8854.0000 9.08806e-07
8855.0000 8.87233e-07
8856.0000 8.67835e-07
8857.0000 8.49778e-07
8858.0000 8.32556e-07
8859.0000 8.15562e-07
8860.0000 7.98343e-07
8861.0000 7.80575e-07
8862.0000 7.62264e-07
8863.0000 7.43501e-07
8864.0000 7.24467e-07
8865.0000 7.05737e-07
8866.0000 6.87063e-07
8867.0000 6.68533e-07
8868.0000 6.50183e-07
8869.0000 6.32006e-07
8870.0000 6.14105e-07
8871.0000 5.96624e-07
8872.0000 5.79785e-07
8873.0000 5.63838e-07
8874.0000 5.49032e-07
8875.0000 5.35505e-07
8876.0000 5.23243e-07
8877.0000 5.1201e-07
8878.0000 5.01534e-07
8879.0000 4.91418e-07
8880.0000 4.81285e-07
8881.0000 4.70641e-07
8882.0000 4.59587e-07
8883.0000 4.48156e-07
8884.0000 4.36506e-07
8885.0000 4.25039e-07
8886.0000 4.13781e-07
8887.0000 4.02882e-07
8888.0000 3.92398e-07
8889.0000 3.82475e-07
8890.0000 3.72815e-07
8891.0000 3.63286e-07
8892.0000 3.5377e-07
8893.0000 3.44077e-07
8894.0000 3.34322e-07
8895.0000 3.24546e-07
8896.0000 3.14829e-07
8897.0000 3.05154e-07
8898.0000 2.95712e-07
8899.0000 2.86547e-07
8900.0000 2.7766e-07
8901.0000 2.69021e-07
8902.0000 2.60561e-07
8903.0000 2.52205e-07
8904.0000 2.4389e-07
8905.0000 2.35658e-07
8906.0000 2.27422e-07
8907.0000 2.19216e-07
8908.0000 2.111e-07
8909.0000 2.03152e-07
8910.0000 1.95435e-07
8911.0000 1.8801e-07
8912.0000 1.80918e-07
8913.0000 1.74172e-07
8914.0000 1.67834e-07
8915.0000 1.61957e-07
8916.0000 1.56621e-07
8917.0000 1.51882e-07
8918.0000 1.47897e-07
8919.0000 1.44761e-07
8920.0000 1.42528e-07
8921.0000 1.41153e-07
8922.0000 1.40572e-07
8923.0000 1.40602e-07
8924.0000 1.4099e-07
8925.0000 1.41537e-07
8926.0000 1.41863e-07
8927.0000 1.41737e-07
8928.0000 1.41024e-07
8929.0000 1.39567e-07
8930.0000 1.3765e-07
8931.0000 1.35505e-07
8932.0000 1.33421e-07
8933.0000 1.31525e-07
8934.0000 1.30134e-07
8935.0000 1.29273e-07
8936.0000 1.28793e-07
8937.0000 1.28702e-07
8938.0000 1.28308e-07
8939.0000 1.27227e-07
8940.0000 1.25173e-07
8941.0000 1.22068e-07
8942.0000 1.17975e-07
8943.0000 1.13188e-07
8944.0000 1.0814e-07
8945.0000 1.03118e-07
8946.0000 9.87654e-08
8947.0000 9.53805e-08
8948.0000 9.3084e-08
8949.0000 9.17432e-08
8950.0000 9.12066e-08
8951.0000 9.11535e-08
8952.0000 9.1234e-08
8953.0000 9.10233e-08
8954.0000 9.0401e-08
8955.0000 8.92514e-08
8956.0000 8.75734e-08
8957.0000 8.54212e-08
8958.0000 8.29845e-08
8959.0000 8.04251e-08
8960.0000 7.78771e-08
8961.0000 7.56343e-08
8962.0000 7.34838e-08
8963.0000 7.13857e-08
8964.0000 6.92694e-08
8965.0000 6.67265e-08
8966.0000 6.40839e-08
8967.0000 6.13607e-08
8968.0000 5.86345e-08
8969.0000 5.61588e-08
8970.0000 5.39446e-08
8971.0000 5.21387e-08
8972.0000 5.08555e-08
8973.0000 5.03942e-08
8974.0000 5.05047e-08
8975.0000 5.11131e-08
8976.0000 5.20814e-08
8977.0000 5.31518e-08
8978.0000 5.41844e-08
8979.0000 5.49718e-08
8980.0000 5.53328e-08
8981.0000 5.53905e-08
8982.0000 5.47974e-08
8983.0000 5.35228e-08
8984.0000 5.15915e-08
8985.0000 4.87951e-08
8986.0000 4.5556e-08
8987.0000 4.20039e-08
8988.0000 3.82719e-08
8989.0000 3.4073e-08
8990.0000 3.00196e-08
8991.0000 2.61999e-08
8992.0000 2.26773e-08
8993.0000 1.94985e-08
8994.0000 1.66737e-08
8995.0000 1.42026e-08
8996.0000 1.207e-08
8997.0000 1.05847e-08
8998.0000 9.2873e-09
8999.0000 8.1629e-09
9000.0000 0
