# -nan
4720.0000 0
4721.0000 6.24311e-09
4722.0000 1.19199e-08
4723.0000 1.69637e-08
4724.0000 2.12823e-08
4725.0000 2.47547e-08
4726.0000 2.73139e-08
4727.0000 2.92085e-08
4728.0000 3.07483e-08
4729.0000 3.22286e-08
4730.0000 3.39423e-08
4731.0000 3.61247e-08
4732.0000 3.87623e-08
4733.0000 4.1793e-08
4734.0000 4.51707e-08
4735.0000 4.88633e-08
4736.0000 5.28553e-08
4737.0000 5.71593e-08
4738.0000 6.18043e-08
4739.0000 6.68334e-08
4740.0000 7.23048e-08
4741.0000 7.82807e-08
4742.0000 8.47882e-08
4743.0000 9.18619e-08
4744.0000 9.95592e-08
4745.0000 1.07962e-07
4746.0000 1.17154e-07
4747.0000 1.27129e-07
4748.0000 1.37887e-07
4749.0000 1.49459e-07
4750.0000 1.61908e-07
4751.0000 1.7531e-07
4752.0000 1.89718e-07
4753.0000 2.05202e-07
4754.0000 2.21877e-07
4755.0000 2.39905e-07
4756.0000 2.59448e-07
4757.0000 2.80506e-07
4758.0000 3.03086e-07
4759.0000 3.27255e-07
4760.0000 3.53145e-07
4761.0000 3.80902e-07
4762.0000 4.10531e-07
4763.0000 4.42056e-07
4764.0000 4.75579e-07
4765.0000 5.11282e-07
4766.0000 5.49375e-07
4767.0000 5.89919e-07
4768.0000 6.33015e-07
4769.0000 6.78865e-07
4770.0000 7.27783e-07
4771.0000 7.80079e-07
4772.0000 8.35686e-07
4773.0000 8.94545e-07
4774.0000 9.56726e-07
4775.0000 1.02244e-06
4776.0000 1.09192e-06
4777.0000 1.16517e-06
4778.0000 1.24223e-06
4779.0000 1.32329e-06
4780.0000 1.40873e-06
4781.0000 1.49898e-06
4782.0000 1.59433e-06
4783.0000 1.69519e-06
4784.0000 1.80218e-06
4785.0000 1.91617e-06
4786.0000 2.03787e-06
4787.0000 2.1664e-06
4788.0000 2.30073e-06
4789.0000 2.44005e-06
4790.0000 2.58376e-06
4791.0000 2.73165e-06
4792.0000 2.8846e-06
4793.0000 3.04391e-06
4794.0000 3.21113e-06
4795.0000 3.38816e-06
4796.0000 3.57645e-06
4797.0000 3.7747e-06
4798.0000 3.98119e-06
4799.0000 4.19456e-06
4800.0000 4.4137e-06
4801.0000 4.638e-06
4802.0000 4.86816e-06
4803.0000 5.10538e-06
4804.0000 5.35112e-06
4805.0000 5.6072e-06
4806.0000 5.87525e-06
4807.0000 6.15493e-06
4808.0000 6.4458e-06
4809.0000 6.74782e-06
4810.0000 7.06145e-06
4811.0000 7.38704e-06
4812.0000 7.72326e-06
4813.0000 8.06866e-06
4814.0000 8.42216e-06
4815.0000 8.783e-06
4816.0000 9.15101e-06
4817.0000 9.52734e-06
4818.0000 9.91375e-06
4819.0000 1.03124e-05
4820.0000 1.0726e-05
4821.0000 1.11564e-05
4822.0000 1.16016e-05
4823.0000 1.20587e-05
4824.0000 1.25253e-05
4825.0000 1.29994e-05
4826.0000 1.34798e-05
4827.0000 1.39673e-05
4828.0000 1.44636e-05
4829.0000 1.49706e-05
4830.0000 1.54906e-05
4831.0000 1.60258e-05
4832.0000 1.65753e-05
4833.0000 1.71384e-05
4834.0000 1.77145e-05
4835.0000 1.83039e-05
4836.0000 1.89065e-05
4837.0000 1.95202e-05
4838.0000 2.01429e-05
4839.0000 2.07725e-05
4840.0000 2.14075e-05
4841.0000 2.2047e-05
4842.0000 2.26927e-05
4843.0000 2.33471e-05
4844.0000 2.40131e-05
4845.0000 2.4694e-05
4846.0000 2.53925e-05
4847.0000 2.61071e-05
4848.0000 2.68357e-05
4849.0000 2.75767e-05
4850.0000 2.8329e-05
4851.0000 2.90927e-05
4852.0000 2.98654e-05
4853.0000 3.06455e-05
4854.0000 3.14321e-05
4855.0000 3.22241e-05
4856.0000 3.30211e-05
4857.0000 3.38239e-05
4858.0000 3.46336e-05
4859.0000 3.54519e-05
4860.0000 3.62804e-05
4861.0000 3.71206e-05
4862.0000 3.79712e-05
4863.0000 3.88303e-05
4864.0000 3.96965e-05
4865.0000 4.05686e-05
4866.0000 4.14457e-05
4867.0000 4.23271e-05
4868.0000 4.32124e-05
4869.0000 4.41013e-05
4870.0000 4.49937e-05
4871.0000 4.58898e-05
4872.0000 4.67915e-05
4873.0000 4.77011e-05
4874.0000 4.86214e-05
4875.0000 4.95554e-05
4876.0000 5.05051e-05
4877.0000 5.14655e-05
4878.0000 5.24302e-05
4879.0000 5.33932e-05
4880.0000 5.43482e-05
4881.0000 5.52909e-05
4882.0000 5.62254e-05
4883.0000 5.71579e-05
4884.0000 5.80943e-05
4885.0000 5.90407e-05
4886.0000 6.0002e-05
4887.0000 6.09758e-05
4888.0000 6.19588e-05
4889.0000 6.2948e-05
4890.0000 6.39403e-05
4891.0000 6.49335e-05
4892.0000 6.59257e-05
4893.0000 6.69156e-05
4894.0000 6.79014e-05
4895.0000 6.88814e-05
4896.0000 6.98545e-05
4897.0000 7.08226e-05
4898.0000 7.17883e-05
4899.0000 7.27541e-05
4900.0000 7.37224e-05
4901.0000 7.46928e-05
4902.0000 7.56677e-05
4903.0000 7.66466e-05
4904.0000 7.76293e-05
4905.0000 7.86157e-05
4906.0000 7.96051e-05
4907.0000 8.05946e-05
4908.0000 8.15804e-05
4909.0000 8.25586e-05
4910.0000 8.35253e-05
4911.0000 8.44777e-05
4912.0000 8.5421e-05
4913.0000 8.63619e-05
4914.0000 8.73069e-05
4915.0000 8.8263e-05
4916.0000 8.92345e-05
4917.0000 9.02157e-05
4918.0000 9.11983e-05
4919.0000 9.21742e-05
4920.0000 9.31349e-05
4921.0000 9.40741e-05
4922.0000 9.49949e-05
4923.0000 9.59022e-05
4924.0000 9.68007e-05
4925.0000 9.76943e-05
4926.0000 9.85864e-05
4927.0000 9.94781e-05
4928.0000 0.000100369
4929.0000 0.000101261
4930.0000 0.000102153
4931.0000 0.000103046
4932.0000 0.000103937
4933.0000 0.000104826
4934.0000 0.000105708
4935.0000 0.000106582
4936.0000 0.000107447
4937.0000 0.000108304
4938.0000 0.000109157
4939.0000 0.00011001
4940.0000 0.000110865
4941.0000 0.000111724
4942.0000 0.000112585
4943.0000 0.000113444
4944.0000 0.000114297
4945.0000 0.000115141
4946.0000 0.00011597
4947.0000 0.000116788
4948.0000 0.000117594
4949.0000 0.00011839
4950.0000 0.000119177
4951.0000 0.000119951
4952.0000 0.000120719
4953.0000 0.000121482
4954.0000 0.000122243
4955.0000 0.000123002
4956.0000 0.000123762
4957.0000 0.000124521
4958.0000 0.000125278
4959.0000 0.00012603
4960.0000 0.000126775
4961.0000 0.000127512
4962.0000 0.000128242
4963.0000 0.000128966
4964.0000 0.000129685
4965.0000 0.000130401
4966.0000 0.000131114
4967.0000 0.000131822
4968.0000 0.000132525
4969.0000 0.00013322
4970.0000 0.000133905
4971.0000 0.000134578
4972.0000 0.000135242
4973.0000 0.000135898
4974.0000 0.000136548
4975.0000 0.000137193
4976.0000 0.000137834
4977.0000 0.000138473
4978.0000 0.00013911
4979.0000 0.000139746
4980.0000 0.000140382
4981.0000 0.000141017
4982.0000 0.00014165
4983.0000 0.00014228
4984.0000 0.000142904
4985.0000 0.000143519
4986.0000 0.000144125
4987.0000 0.000144721
4988.0000 0.000145306
4989.0000 0.00014588
4990.0000 0.000146443
4991.0000 0.000146993
4992.0000 0.000147535
4993.0000 0.000148073
4994.0000 0.00014861
4995.0000 0.000149152
4996.0000 0.0001497
4997.0000 0.000150252
4998.0000 0.000150803
4999.0000 0.000151347
5000.0000 0.00015188
5001.0000 0.000152394
5002.0000 0.000152895
5003.0000 0.000153387
5004.0000 0.000153871
5005.0000 0.000154351
5006.0000 0.000154828
5007.0000 0.000155304
5008.0000 0.000155778
5009.0000 0.000156251
5010.0000 0.000156724
5011.0000 0.000157196
5012.0000 0.000157663
5013.0000 0.000158122
5014.0000 0.00015857
5015.0000 0.000159
5016.0000 0.000159411
5017.0000 0.000159809
5018.0000 0.000160204
5019.0000 0.000160603
5020.0000 0.000161018
5021.0000 0.000161452
5022.0000 0.000161899
5023.0000 0.000162346
5024.0000 0.000162781
5025.0000 0.000163193
5026.0000 0.000163573
5027.0000 0.000163928
5028.0000 0.000164269
5029.0000 0.000164606
5030.0000 0.000164949
5031.0000 0.000165306
5032.0000 0.000165674
5033.0000 0.000166044
5034.0000 0.000166412
5035.0000 0.000166771
5036.0000 0.000167117
5037.0000 0.000167453
5038.0000 0.000167784
5039.0000 0.000168115
5040.0000 0.000168452
5041.0000 0.000168797
5042.0000 0.000169147
5043.0000 0.000169497
5044.0000 0.000169842
5045.0000 0.000170175
5046.0000 0.000170493
5047.0000 0.000170799
5048.0000 0.000171097
5049.0000 0.000171392
5050.0000 0.000171688
5051.0000 0.000171998
5052.0000 0.000172311
5053.0000 0.000172622
5054.0000 0.00017293
5055.0000 0.000173232
5056.0000 0.000173525
5057.0000 0.00017381
5058.0000 0.000174089
5059.0000 0.000174364
5060.0000 0.000174636
5061.0000 0.000174905
5062.0000 0.000175173
5063.0000 0.00017544
5064.0000 0.000175705
5065.0000 0.000175969
5066.0000 0.000176233
5067.0000 0.000176494
5068.0000 0.000176749
5069.0000 0.000176996
5070.0000 0.000177233
5071.0000 0.000177457
5072.0000 0.000177672
5073.0000 0.000177883
5074.0000 0.000178094
5075.0000 0.000178311
5076.0000 0.000178537
5077.0000 0.00017877
5078.0000 0.000179007
5079.0000 0.000179245
5080.0000 0.00017948
5081.0000 0.000179712
5082.0000 0.000179938
5083.0000 0.000180158
5084.0000 0.000180372
5085.0000 0.000180579
5086.0000 0.000180778
5087.0000 0.000180972
5088.0000 0.000181162
5089.0000 0.00018135
5090.0000 0.00018154
5091.0000 0.000181731
5092.0000 0.000181923
5093.0000 0.000182113
5094.0000 0.000182299
5095.0000 0.000182476
5096.0000 0.000182644
5097.0000 0.000182805
5098.0000 0.000182965
5099.0000 0.000183128
5100.0000 0.000183297
5101.0000 0.000183471
5102.0000 0.000183652
5103.0000 0.000183834
5104.0000 0.000184013
5105.0000 0.000184183
5106.0000 0.00018434
5107.0000 0.000184487
5108.0000 0.000184629
5109.0000 0.000184767
5110.0000 0.000184907
5111.0000 0.000185051
5112.0000 0.000185198
5113.0000 0.000185348
5114.0000 0.0001855
5115.0000 0.000185653
5116.0000 0.000185808
5117.0000 0.00018596
5118.0000 0.000186107
5119.0000 0.000186247
5120.0000 0.000186376
5121.0000 0.000186491
5122.0000 0.000186595
5123.0000 0.000186691
5124.0000 0.000186782
5125.0000 0.00018687
5126.0000 0.000186958
5127.0000 0.000187046
5128.0000 0.000187135
5129.0000 0.000187225
5130.0000 0.000187317
5131.0000 0.000187412
5132.0000 0.000187511
5133.0000 0.000187613
5134.0000 0.00018772
5135.0000 0.000187833
5136.0000 0.000187952
5137.0000 0.000188074
5138.0000 0.000188195
5139.0000 0.00018831
5140.0000 0.000188415
5141.0000 0.000188506
5142.0000 0.000188586
5143.0000 0.000188659
5144.0000 0.000188726
5145.0000 0.000188793
5146.0000 0.00018886
5147.0000 0.00018893
5148.0000 0.000189004
5149.0000 0.000189083
5150.0000 0.00018917
5151.0000 0.00018926
5152.0000 0.000189354
5153.0000 0.000189448
5154.0000 0.000189537
5155.0000 0.000189616
5156.0000 0.000189683
5157.0000 0.000189738
5158.0000 0.000189788
5159.0000 0.000189834
5160.0000 0.000189881
5161.0000 0.000189932
5162.0000 0.000189984
5163.0000 0.000190036
5164.0000 0.000190083
5165.0000 0.000190123
5166.0000 0.000190155
5167.0000 0.000190182
5168.0000 0.000190211
5169.0000 0.000190247
5170.0000 0.000190297
5171.0000 0.000190364
5172.0000 0.000190441
5173.0000 0.00019052
5174.0000 0.000190593
5175.0000 0.000190651
5176.0000 0.000190686
5177.0000 0.000190705
5178.0000 0.000190714
5179.0000 0.000190721
5180.0000 0.000190733
5181.0000 0.000190755
5182.0000 0.000190786
5183.0000 0.000190823
5184.0000 0.000190864
5185.0000 0.000190906
5186.0000 0.000190947
5187.0000 0.000190984
5188.0000 0.000191017
5189.0000 0.000191041
5190.0000 0.000191055
5191.0000 0.000191057
5192.0000 0.00019105
5193.0000 0.000191039
5194.0000 0.000191029
5195.0000 0.000191025
5196.0000 0.000191029
5197.0000 0.00019104
5198.0000 0.000191055
5199.0000 0.000191071
5200.0000 0.000191084
5201.0000 0.00019109
5202.0000 0.000191094
5203.0000 0.000191097
5204.0000 0.000191101
5205.0000 0.000191109
5206.0000 0.000191122
5207.0000 0.00019114
5208.0000 0.00019116
5209.0000 0.000191181
5210.0000 0.000191201
5211.0000 0.000191219
5212.0000 0.000191233
5213.0000 0.000191241
5214.0000 0.000191239
5215.0000 0.000191226
5216.0000 0.0001912
5217.0000 0.000191166
5218.0000 0.000191129
5219.0000 0.000191095
5220.0000 0.000191072
5221.0000 0.000191062
5222.0000 0.000191063
5223.0000 0.000191069
5224.0000 0.000191074
5225.0000 0.000191074
5226.0000 0.000191064
5227.0000 0.000191047
5228.0000 0.000191023
5229.0000 0.000190995
5230.0000 0.000190964
5231.0000 0.000190933
5232.0000 0.000190902
5233.0000 0.000190871
5234.0000 0.00019084
5235.0000 0.00019081
5236.0000 0.000190781
5237.0000 0.000190754
5238.0000 0.00019073
5239.0000 0.000190712
5240.0000 0.0001907
5241.0000 0.000190696
5242.0000 0.000190695
5243.0000 0.000190692
5244.0000 0.000190682
5245.0000 0.000190658
5246.0000 0.000190617
5247.0000 0.000190563
5248.0000 0.000190503
5249.0000 0.000190444
5250.0000 0.000190392
5251.0000 0.000190348
5252.0000 0.000190313
5253.0000 0.000190279
5254.0000 0.000190244
5255.0000 0.0001902
5256.0000 0.000190145
5257.0000 0.000190083
5258.0000 0.000190017
5259.0000 0.000189954
5260.0000 0.000189897
5261.0000 0.000189851
5262.0000 0.000189812
5263.0000 0.000189774
5264.0000 0.000189733
5265.0000 0.000189683
5266.0000 0.000189621
5267.0000 0.000189549
5268.0000 0.000189471
5269.0000 0.000189392
5270.0000 0.000189314
5271.0000 0.000189243
5272.0000 0.000189177
5273.0000 0.000189117
5274.0000 0.000189062
5275.0000 0.000189012
5276.0000 0.000188969
5277.0000 0.000188929
5278.0000 0.000188892
5279.0000 0.000188857
5280.0000 0.000188821
5281.0000 0.000188785
5282.0000 0.000188746
5283.0000 0.000188701
5284.0000 0.000188649
5285.0000 0.000188586
5286.0000 0.000188512
5287.0000 0.000188431
5288.0000 0.000188347
5289.0000 0.000188268
5290.0000 0.000188197
5291.0000 0.000188139
5292.0000 0.00018809
5293.0000 0.000188044
5294.0000 0.000187996
5295.0000 0.00018794
5296.0000 0.000187872
5297.0000 0.000187796
5298.0000 0.000187718
5299.0000 0.000187642
5300.0000 0.000187573
5301.0000 0.000187514
5302.0000 0.000187462
5303.0000 0.00018741
5304.0000 0.000187353
5305.0000 0.000187284
5306.0000 0.000187198
5307.0000 0.0001871
5308.0000 0.000186993
5309.0000 0.000186883
5310.0000 0.000186775
5311.0000 0.000186672
5312.0000 0.000186574
5313.0000 0.000186481
5314.0000 0.000186393
5315.0000 0.00018631
5316.0000 0.000186231
5317.0000 0.000186156
5318.0000 0.000186082
5319.0000 0.000186009
5320.0000 0.000185934
5321.0000 0.000185858
5322.0000 0.000185777
5323.0000 0.000185691
5324.0000 0.000185597
5325.0000 0.000185493
5326.0000 0.000185377
5327.0000 0.000185255
5328.0000 0.000185131
5329.0000 0.00018501
5330.0000 0.000184899
5331.0000 0.0001848
5332.0000 0.000184713
5333.0000 0.000184632
5334.0000 0.000184556
5335.0000 0.00018448
5336.0000 0.000184403
5337.0000 0.000184323
5338.0000 0.00018424
5339.0000 0.000184153
5340.0000 0.000184062
5341.0000 0.000183967
5342.0000 0.000183867
5343.0000 0.000183765
5344.0000 0.000183661
5345.0000 0.000183558
5346.0000 0.000183455
5347.0000 0.000183352
5348.0000 0.000183248
5349.0000 0.000183141
5350.0000 0.000183032
5351.0000 0.000182929
5352.0000 0.000182824
5353.0000 0.000182719
5354.0000 0.000182617
5355.0000 0.000182518
5356.0000 0.000182425
5357.0000 0.000182335
5358.0000 0.000182244
5359.0000 0.00018215
5360.0000 0.000182048
5361.0000 0.000181935
5362.0000 0.000181814
5363.0000 0.000181687
5364.0000 0.000181557
5365.0000 0.000181426
5366.0000 0.000181297
5367.0000 0.000181171
5368.0000 0.000181049
5369.0000 0.000180934
5370.0000 0.000180826
5371.0000 0.000180728
5372.0000 0.000180638
5373.0000 0.000180554
5374.0000 0.000180476
5375.0000 0.000180401
5376.0000 0.000180328
5377.0000 0.000180253
5378.0000 0.000180173
5379.0000 0.000180082
5380.0000 0.000179975
5381.0000 0.00017985
5382.0000 0.00017971
5383.0000 0.000179562
5384.0000 0.000179413
5385.0000 0.000179268
5386.0000 0.000179133
5387.0000 0.000179009
5388.0000 0.000178897
5389.0000 0.000178798
5390.0000 0.000178714
5391.0000 0.000178645
5392.0000 0.000178584
5393.0000 0.000178522
5394.0000 0.000178449
5395.0000 0.000178354
5396.0000 0.000178231
5397.0000 0.000178086
5398.0000 0.000177924
5399.0000 0.000177755
5400.0000 0.000177584
5401.0000 0.000177411
5402.0000 0.000177246
5403.0000 0.000177089
5404.0000 0.000176942
5405.0000 0.000176809
5406.0000 0.00017669
5407.0000 0.000176581
5408.0000 0.000176475
5409.0000 0.000176367
5410.0000 0.00017625
5411.0000 0.00017612
5412.0000 0.000175979
5413.0000 0.000175833
5414.0000 0.000175685
5415.0000 0.000175541
5416.0000 0.000175402
5417.0000 0.000175267
5418.0000 0.000175133
5419.0000 0.000174997
5420.0000 0.000174854
5421.0000 0.000174703
5422.0000 0.000174546
5423.0000 0.000174385
5424.0000 0.000174222
5425.0000 0.00017406
5426.0000 0.000173902
5427.0000 0.000173749
5428.0000 0.000173602
5429.0000 0.000173462
5430.0000 0.000173332
5431.0000 0.000173212
5432.0000 0.000173097
5433.0000 0.00017298
5434.0000 0.000172854
5435.0000 0.000172712
5436.0000 0.000172549
5437.0000 0.000172371
5438.0000 0.000172187
5439.0000 0.000172006
5440.0000 0.000171835
5441.0000 0.000171681
5442.0000 0.000171541
5443.0000 0.000171406
5444.0000 0.000171271
5445.0000 0.000171131
5446.0000 0.000170979
5447.0000 0.000170817
5448.0000 0.000170648
5449.0000 0.000170475
5450.0000 0.000170298
5451.0000 0.000170115
5452.0000 0.000169934
5453.0000 0.000169756
5454.0000 0.000169582
5455.0000 0.000169417
5456.0000 0.000169261
5457.0000 0.000169111
5458.0000 0.000168964
5459.0000 0.000168816
5460.0000 0.000168665
5461.0000 0.000168508
5462.0000 0.000168346
5463.0000 0.000168181
5464.0000 0.000168015
5465.0000 0.00016785
5466.0000 0.000167688
5467.0000 0.000167527
5468.0000 0.000167366
5469.0000 0.000167203
5470.0000 0.000167037
5471.0000 0.000166866
5472.0000 0.000166691
5473.0000 0.000166511
5474.0000 0.000166327
5475.0000 0.000166139
5476.0000 0.000165946
5477.0000 0.000165751
5478.0000 0.000165557
5479.0000 0.000165365
5480.0000 0.000165179
5481.0000 0.000164999
5482.0000 0.000164823
5483.0000 0.000164648
5484.0000 0.000164469
5485.0000 0.000164283
5486.0000 0.000164087
5487.0000 0.000163884
5488.0000 0.000163679
5489.0000 0.000163477
5490.0000 0.000163283
5491.0000 0.0001631
5492.0000 0.000162925
5493.0000 0.000162755
5494.0000 0.000162585
5495.0000 0.000162412
5496.0000 0.000162231
5497.0000 0.000162046
5498.0000 0.000161857
5499.0000 0.000161667
5500.0000 0.000161478
5501.0000 0.000161292
5502.0000 0.000161107
5503.0000 0.000160923
5504.0000 0.000160738
5505.0000 0.000160552
5506.0000 0.000160363
5507.0000 0.000160172
5508.0000 0.000159979
5509.0000 0.000159783
5510.0000 0.000159585
5511.0000 0.000159385
5512.0000 0.000159182
5513.0000 0.000158977
5514.0000 0.000158768
5515.0000 0.000158557
5516.0000 0.000158343
5517.0000 0.000158129
5518.0000 0.000157919
5519.0000 0.000157718
5520.0000 0.00015753
5521.0000 0.000157357
5522.0000 0.000157195
5523.0000 0.000157035
5524.0000 0.00015687
5525.0000 0.000156694
5526.0000 0.000156499
5527.0000 0.00015629
5528.0000 0.000156072
5529.0000 0.00015585
5530.0000 0.000155627
5531.0000 0.000155409
5532.0000 0.000155196
5533.0000 0.000154987
5534.0000 0.000154783
5535.0000 0.000154584
5536.0000 0.000154389
5537.0000 0.000154197
5538.0000 0.000154004
5539.0000 0.000153808
5540.0000 0.000153605
5541.0000 0.000153394
5542.0000 0.000153177
5543.0000 0.000152957
5544.0000 0.000152738
5545.0000 0.000152523
5546.0000 0.000152313
5547.0000 0.000152109
5548.0000 0.000151907
5549.0000 0.000151707
5550.0000 0.000151505
5551.0000 0.000151301
5552.0000 0.000151094
5553.0000 0.000150886
5554.0000 0.000150675
5555.0000 0.000150463
5556.0000 0.000150249
5557.0000 0.000150033
5558.0000 0.000149813
5559.0000 0.000149589
5560.0000 0.00014936
5561.0000 0.000149125
5562.0000 0.000148886
5563.0000 0.000148646
5564.0000 0.000148409
5565.0000 0.000148176
5566.0000 0.00014795
5567.0000 0.000147731
5568.0000 0.000147517
5569.0000 0.000147306
5570.0000 0.000147098
5571.0000 0.000146891
5572.0000 0.000146683
5573.0000 0.000146474
5574.0000 0.000146261
5575.0000 0.000146043
5576.0000 0.000145818
5577.0000 0.000145588
5578.0000 0.000145355
5579.0000 0.00014512
5580.0000 0.000144885
5581.0000 0.000144653
5582.0000 0.000144421
5583.0000 0.000144191
5584.0000 0.000143961
5585.0000 0.000143731
5586.0000 0.0001435
5587.0000 0.000143269
5588.0000 0.000143039
5589.0000 0.000142808
5590.0000 0.000142578
5591.0000 0.000142348
5592.0000 0.000142118
5593.0000 0.000141888
5594.0000 0.000141658
5595.0000 0.000141427
5596.0000 0.000141196
5597.0000 0.000140964
5598.0000 0.000140734
5599.0000 0.000140505
5600.0000 0.000140279
5601.0000 0.000140054
5602.0000 0.000139831
5603.0000 0.000139605
5604.0000 0.000139376
5605.0000 0.000139139
5606.0000 0.000138893
5607.0000 0.00013864
5608.0000 0.000138383
5609.0000 0.000138128
5610.0000 0.000137878
5611.0000 0.000137635
5612.0000 0.000137397
5613.0000 0.000137164
5614.0000 0.000136933
5615.0000 0.000136702
5616.0000 0.000136469
5617.0000 0.000136234
5618.0000 0.000135999
5619.0000 0.000135763
5620.0000 0.000135528
5621.0000 0.000135293
5622.0000 0.000135057
5623.0000 0.00013482
5624.0000 0.00013458
5625.0000 0.000134336
5626.0000 0.000134088
5627.0000 0.000133837
5628.0000 0.000133585
5629.0000 0.000133334
5630.0000 0.000133086
5631.0000 0.000132843
5632.0000 0.000132604
5633.0000 0.000132365
5634.0000 0.000132124
5635.0000 0.00013188
5636.0000 0.00013163
5637.0000 0.000131376
5638.0000 0.00013112
5639.0000 0.000130866
5640.0000 0.000130615
5641.0000 0.000130369
5642.0000 0.000130125
5643.0000 0.00012988
5644.0000 0.00012963
5645.0000 0.000129373
5646.0000 0.000129106
5647.0000 0.00012883
5648.0000 0.000128551
5649.0000 0.00012827
5650.0000 0.000127992
5651.0000 0.000127713
5652.0000 0.000127439
5653.0000 0.000127168
5654.0000 0.000126898
5655.0000 0.000126627
5656.0000 0.000126356
5657.0000 0.000126086
5658.0000 0.000125819
5659.0000 0.000125559
5660.0000 0.000125307
5661.0000 0.000125066
5662.0000 0.000124832
5663.0000 0.000124602
5664.0000 0.00012437
5665.0000 0.000124133
5666.0000 0.000123886
5667.0000 0.000123632
5668.0000 0.000123371
5669.0000 0.000123107
5670.0000 0.00012284
5671.0000 0.000122571
5672.0000 0.000122301
5673.0000 0.000122031
5674.0000 0.000121761
5675.0000 0.00012149
5676.0000 0.000121219
5677.0000 0.00012095
5678.0000 0.000120683
5679.0000 0.000120421
5680.0000 0.000120164
5681.0000 0.000119914
5682.0000 0.000119669
5683.0000 0.00011943
5684.0000 0.000119195
5685.0000 0.000118963
5686.0000 0.000118733
5687.0000 0.0001185
5688.0000 0.000118258
5689.0000 0.000118002
5690.0000 0.000117725
5691.0000 0.000117422
5692.0000 0.000117101
5693.0000 0.000116772
5694.0000 0.000116445
5695.0000 0.000116128
5696.0000 0.00011583
5697.0000 0.000115548
5698.0000 0.000115278
5699.0000 0.000115016
5700.0000 0.000114757
5701.0000 0.000114508
5702.0000 0.000114257
5703.0000 0.000114005
5704.0000 0.000113749
5705.0000 0.000113488
5706.0000 0.000113221
5707.0000 0.000112952
5708.0000 0.000112682
5709.0000 0.000112418
5710.0000 0.000112162
5711.0000 0.000111918
5712.0000 0.00011168
5713.0000 0.000111442
5714.0000 0.000111197
5715.0000 0.000110939
5716.0000 0.000110664
5717.0000 0.000110375
5718.0000 0.00011008
5719.0000 0.000109786
5720.0000 0.0001095
5721.0000 0.000109225
5722.0000 0.000108962
5723.0000 0.000108706
5724.0000 0.000108454
5725.0000 0.000108203
5726.0000 0.000107951
5727.0000 0.000107697
5728.0000 0.000107442
5729.0000 0.000107186
5730.0000 0.000106929
5731.0000 0.00010667
5732.0000 0.000106409
5733.0000 0.000106144
5734.0000 0.000105874
5735.0000 0.000105598
5736.0000 0.000105314
5737.0000 0.000105026
5738.0000 0.000104737
5739.0000 0.000104451
5740.0000 0.000104171
5741.0000 0.000103901
5742.0000 0.000103639
5743.0000 0.000103381
5744.0000 0.000103124
5745.0000 0.000102867
5746.0000 0.000102606
5747.0000 0.000102343
5748.0000 0.000102077
5749.0000 0.000101811
5750.0000 0.000101545
5751.0000 0.000101286
5752.0000 0.000101027
5753.0000 0.000100769
5754.0000 0.000100512
5755.0000 0.000100255
5756.0000 9.99984e-05
5757.0000 9.97416e-05
5758.0000 9.94844e-05
5759.0000 9.92264e-05
5760.0000 9.89671e-05
5761.0000 9.87062e-05
5762.0000 9.84444e-05
5763.0000 9.81825e-05
5764.0000 9.79214e-05
5765.0000 9.76617e-05
5766.0000 9.74043e-05
5767.0000 9.71482e-05
5768.0000 9.68925e-05
5769.0000 9.66363e-05
5770.0000 9.63786e-05
5771.0000 9.61184e-05
5772.0000 9.58561e-05
5773.0000 9.55918e-05
5774.0000 9.53259e-05
5775.0000 9.50584e-05
5776.0000 9.47896e-05
5777.0000 9.45204e-05
5778.0000 9.42519e-05
5779.0000 9.39851e-05
5780.0000 9.3721e-05
5781.0000 9.34605e-05
5782.0000 9.32023e-05
5783.0000 9.29448e-05
5784.0000 9.26864e-05
5785.0000 9.24255e-05
5786.0000 9.2161e-05
5787.0000 9.18939e-05
5788.0000 9.16259e-05
5789.0000 9.13584e-05
5790.0000 9.10931e-05
5791.0000 9.08311e-05
5792.0000 9.05719e-05
5793.0000 9.03146e-05
5794.0000 9.00584e-05
5795.0000 8.98025e-05
5796.0000 8.95464e-05
5797.0000 8.92897e-05
5798.0000 8.90323e-05
5799.0000 8.8774e-05
5800.0000 8.85144e-05
5801.0000 8.82533e-05
5802.0000 8.79915e-05
5803.0000 8.77296e-05
5804.0000 8.74683e-05
5805.0000 8.72083e-05
5806.0000 8.69501e-05
5807.0000 8.66933e-05
5808.0000 8.64371e-05
5809.0000 8.6181e-05
5810.0000 8.59242e-05
5811.0000 8.56664e-05
5812.0000 8.54073e-05
5813.0000 8.51471e-05
5814.0000 8.48857e-05
5815.0000 8.46232e-05
5816.0000 8.43594e-05
5817.0000 8.4095e-05
5818.0000 8.38307e-05
5819.0000 8.35672e-05
5820.0000 8.33051e-05
5821.0000 8.30449e-05
5822.0000 8.2786e-05
5823.0000 8.25277e-05
5824.0000 8.22689e-05
5825.0000 8.20091e-05
5826.0000 8.17475e-05
5827.0000 8.14846e-05
5828.0000 8.12213e-05
5829.0000 8.09582e-05
5830.0000 8.06961e-05
5831.0000 8.04358e-05
5832.0000 8.01778e-05
5833.0000 7.99227e-05
5834.0000 7.96714e-05
5835.0000 7.94247e-05
5836.0000 7.9183e-05
5837.0000 7.8944e-05
5838.0000 7.87048e-05
5839.0000 7.84625e-05
5840.0000 7.8214e-05
5841.0000 7.79572e-05
5842.0000 7.76938e-05
5843.0000 7.74264e-05
5844.0000 7.71575e-05
5845.0000 7.68893e-05
5846.0000 7.66237e-05
5847.0000 7.6361e-05
5848.0000 7.61006e-05
5849.0000 7.58425e-05
5850.0000 7.55865e-05
5851.0000 7.53311e-05
5852.0000 7.50779e-05
5853.0000 7.48275e-05
5854.0000 7.45802e-05
5855.0000 7.43366e-05
5856.0000 7.4097e-05
5857.0000 7.38599e-05
5858.0000 7.36238e-05
5859.0000 7.33869e-05
5860.0000 7.31474e-05
5861.0000 7.2904e-05
5862.0000 7.26562e-05
5863.0000 7.24038e-05
5864.0000 7.21465e-05
5865.0000 7.18836e-05
5866.0000 7.16149e-05
5867.0000 7.13424e-05
5868.0000 7.10685e-05
5869.0000 7.07955e-05
5870.0000 7.05259e-05
5871.0000 7.02615e-05
5872.0000 7.00022e-05
5873.0000 6.97471e-05
5874.0000 6.9496e-05
5875.0000 6.92484e-05
5876.0000 6.9004e-05
5877.0000 6.87614e-05
5878.0000 6.85194e-05
5879.0000 6.82766e-05
5880.0000 6.80315e-05
5881.0000 6.77832e-05
5882.0000 6.75325e-05
5883.0000 6.72807e-05
5884.0000 6.7029e-05
5885.0000 6.67788e-05
5886.0000 6.6531e-05
5887.0000 6.62859e-05
5888.0000 6.60434e-05
5889.0000 6.58038e-05
5890.0000 6.55673e-05
5891.0000 6.53339e-05
5892.0000 6.51021e-05
5893.0000 6.487e-05
5894.0000 6.46355e-05
5895.0000 6.43969e-05
5896.0000 6.41526e-05
5897.0000 6.3904e-05
5898.0000 6.36532e-05
5899.0000 6.3402e-05
5900.0000 6.31524e-05
5901.0000 6.29032e-05
5902.0000 6.26564e-05
5903.0000 6.24106e-05
5904.0000 6.21648e-05
5905.0000 6.19179e-05
5906.0000 6.16693e-05
5907.0000 6.14201e-05
5908.0000 6.1172e-05
5909.0000 6.0927e-05
5910.0000 6.06867e-05
5911.0000 6.04524e-05
5912.0000 6.02225e-05
5913.0000 5.99945e-05
5914.0000 5.97661e-05
5915.0000 5.9535e-05
5916.0000 5.92995e-05
5917.0000 5.90611e-05
5918.0000 5.88218e-05
5919.0000 5.85834e-05
5920.0000 5.83482e-05
5921.0000 5.81173e-05
5922.0000 5.78895e-05
5923.0000 5.76624e-05
5924.0000 5.74342e-05
5925.0000 5.72025e-05
5926.0000 5.69659e-05
5927.0000 5.67257e-05
5928.0000 5.64838e-05
5929.0000 5.62422e-05
5930.0000 5.60027e-05
5931.0000 5.57667e-05
5932.0000 5.55338e-05
5933.0000 5.53029e-05
5934.0000 5.50732e-05
5935.0000 5.48441e-05
5936.0000 5.46147e-05
5937.0000 5.43847e-05
5938.0000 5.41539e-05
5939.0000 5.3922e-05
5940.0000 5.36884e-05
5941.0000 5.34532e-05
5942.0000 5.32172e-05
5943.0000 5.29817e-05
5944.0000 5.27478e-05
5945.0000 5.25169e-05
5946.0000 5.22898e-05
5947.0000 5.20659e-05
5948.0000 5.18444e-05
5949.0000 5.16244e-05
5950.0000 5.14051e-05
5951.0000 5.11828e-05
5952.0000 5.09608e-05
5953.0000 5.07394e-05
5954.0000 5.05188e-05
5955.0000 5.02995e-05
5956.0000 5.00814e-05
5957.0000 4.98636e-05
5958.0000 4.96446e-05
5959.0000 4.9423e-05
5960.0000 4.91974e-05
5961.0000 4.89668e-05
5962.0000 4.87332e-05
5963.0000 4.84995e-05
5964.0000 4.82683e-05
5965.0000 4.80423e-05
5966.0000 4.78237e-05
5967.0000 4.76109e-05
5968.0000 4.74015e-05
5969.0000 4.71936e-05
5970.0000 4.69849e-05
5971.0000 4.67739e-05
5972.0000 4.65607e-05
5973.0000 4.63457e-05
5974.0000 4.61294e-05
5975.0000 4.59121e-05
5976.0000 4.56942e-05
5977.0000 4.54761e-05
5978.0000 4.52581e-05
5979.0000 4.50406e-05
5980.0000 4.48241e-05
5981.0000 4.46088e-05
5982.0000 4.43946e-05
5983.0000 4.41816e-05
5984.0000 4.39694e-05
5985.0000 4.37582e-05
5986.0000 4.35478e-05
5987.0000 4.33382e-05
5988.0000 4.31294e-05
5989.0000 4.29214e-05
5990.0000 4.27144e-05
5991.0000 4.25083e-05
5992.0000 4.23031e-05
5993.0000 4.20988e-05
5994.0000 4.18953e-05
5995.0000 4.16926e-05
5996.0000 4.14907e-05
5997.0000 4.12897e-05
5998.0000 4.10896e-05
5999.0000 4.08905e-05
6000.0000 4.06926e-05
6001.0000 4.04983e-05
6002.0000 4.03049e-05
6003.0000 4.01119e-05
6004.0000 3.99191e-05
6005.0000 3.97261e-05
6006.0000 3.95325e-05
6007.0000 3.93389e-05
6008.0000 3.91456e-05
6009.0000 3.89532e-05
6010.0000 3.87621e-05
6011.0000 3.85727e-05
6012.0000 3.83844e-05
6013.0000 3.81966e-05
6014.0000 3.80084e-05
6015.0000 3.78192e-05
6016.0000 3.76283e-05
6017.0000 3.74364e-05
6018.0000 3.72439e-05
6019.0000 3.70517e-05
6020.0000 3.68603e-05
6021.0000 3.66703e-05
6022.0000 3.64817e-05
6023.0000 3.62942e-05
6024.0000 3.61078e-05
6025.0000 3.59225e-05
6026.0000 3.57381e-05
6027.0000 3.55545e-05
6028.0000 3.53713e-05
6029.0000 3.51884e-05
6030.0000 3.50056e-05
6031.0000 3.48227e-05
6032.0000 3.46397e-05
6033.0000 3.44567e-05
6034.0000 3.42739e-05
6035.0000 3.40912e-05
6036.0000 3.3909e-05
6037.0000 3.37277e-05
6038.0000 3.35482e-05
6039.0000 3.33712e-05
6040.0000 3.31977e-05
6041.0000 3.30281e-05
6042.0000 3.28613e-05
6043.0000 3.26957e-05
6044.0000 3.25297e-05
6045.0000 3.23616e-05
6046.0000 3.21904e-05
6047.0000 3.20167e-05
6048.0000 3.18416e-05
6049.0000 3.16661e-05
6050.0000 3.14911e-05
6051.0000 3.13191e-05
6052.0000 3.11488e-05
6053.0000 3.09802e-05
6054.0000 3.08135e-05
6055.0000 3.0649e-05
6056.0000 3.04869e-05
6057.0000 3.03264e-05
6058.0000 3.01666e-05
6059.0000 3.00066e-05
6060.0000 2.98454e-05
6061.0000 2.96825e-05
6062.0000 2.95182e-05
6063.0000 2.93535e-05
6064.0000 2.91889e-05
6065.0000 2.90252e-05
6066.0000 2.8863e-05
6067.0000 2.87022e-05
6068.0000 2.85424e-05
6069.0000 2.83835e-05
6070.0000 2.82252e-05
6071.0000 2.80674e-05
6072.0000 2.79103e-05
6073.0000 2.77541e-05
6074.0000 2.75989e-05
6075.0000 2.74451e-05
6076.0000 2.72928e-05
6077.0000 2.71413e-05
6078.0000 2.699e-05
6079.0000 2.68382e-05
6080.0000 2.6685e-05
6081.0000 2.65299e-05
6082.0000 2.63738e-05
6083.0000 2.62175e-05
6084.0000 2.6062e-05
6085.0000 2.59084e-05
6086.0000 2.57573e-05
6087.0000 2.56085e-05
6088.0000 2.54613e-05
6089.0000 2.53153e-05
6090.0000 2.51698e-05
6091.0000 2.50246e-05
6092.0000 2.48798e-05
6093.0000 2.47358e-05
6094.0000 2.45927e-05
6095.0000 2.4451e-05
6096.0000 2.43109e-05
6097.0000 2.41717e-05
6098.0000 2.40327e-05
6099.0000 2.38931e-05
6100.0000 2.3752e-05
6101.0000 2.36091e-05
6102.0000 2.3465e-05
6103.0000 2.33209e-05
6104.0000 2.31779e-05
6105.0000 2.3037e-05
6106.0000 2.28991e-05
6107.0000 2.27635e-05
6108.0000 2.26291e-05
6109.0000 2.24948e-05
6110.0000 2.23597e-05
6111.0000 2.22232e-05
6112.0000 2.2086e-05
6113.0000 2.19495e-05
6114.0000 2.1815e-05
6115.0000 2.1684e-05
6116.0000 2.15572e-05
6117.0000 2.14335e-05
6118.0000 2.13111e-05
6119.0000 2.11885e-05
6120.0000 2.10638e-05
6121.0000 2.09359e-05
6122.0000 2.08054e-05
6123.0000 2.06734e-05
6124.0000 2.0541e-05
6125.0000 2.04089e-05
6126.0000 2.02783e-05
6127.0000 2.01492e-05
6128.0000 2.00218e-05
6129.0000 1.98965e-05
6130.0000 1.97735e-05
6131.0000 1.9653e-05
6132.0000 1.95341e-05
6133.0000 1.94156e-05
6134.0000 1.92964e-05
6135.0000 1.91755e-05
6136.0000 1.9052e-05
6137.0000 1.89273e-05
6138.0000 1.88027e-05
6139.0000 1.868e-05
6140.0000 1.85608e-05
6141.0000 1.84461e-05
6142.0000 1.83348e-05
6143.0000 1.82247e-05
6144.0000 1.81142e-05
6145.0000 1.80012e-05
6146.0000 1.78846e-05
6147.0000 1.77653e-05
6148.0000 1.7645e-05
6149.0000 1.75251e-05
6150.0000 1.74071e-05
6151.0000 1.72924e-05
6152.0000 1.71805e-05
6153.0000 1.70705e-05
6154.0000 1.69619e-05
6155.0000 1.68541e-05
6156.0000 1.67465e-05
6157.0000 1.66389e-05
6158.0000 1.65309e-05
6159.0000 1.64224e-05
6160.0000 1.6313e-05
6161.0000 1.62027e-05
6162.0000 1.60918e-05
6163.0000 1.59811e-05
6164.0000 1.5871e-05
6165.0000 1.57624e-05
6166.0000 1.56556e-05
6167.0000 1.55505e-05
6168.0000 1.54466e-05
6169.0000 1.53437e-05
6170.0000 1.52415e-05
6171.0000 1.51397e-05
6172.0000 1.50384e-05
6173.0000 1.49375e-05
6174.0000 1.48373e-05
6175.0000 1.47378e-05
6176.0000 1.4639e-05
6177.0000 1.45406e-05
6178.0000 1.44425e-05
6179.0000 1.43444e-05
6180.0000 1.42458e-05
6181.0000 1.41467e-05
6182.0000 1.40473e-05
6183.0000 1.3948e-05
6184.0000 1.38492e-05
6185.0000 1.37514e-05
6186.0000 1.36547e-05
6187.0000 1.35593e-05
6188.0000 1.34647e-05
6189.0000 1.33708e-05
6190.0000 1.32775e-05
6191.0000 1.31847e-05
6192.0000 1.30923e-05
6193.0000 1.30003e-05
6194.0000 1.29086e-05
6195.0000 1.28171e-05
6196.0000 1.27261e-05
6197.0000 1.26353e-05
6198.0000 1.25451e-05
6199.0000 1.24555e-05
6200.0000 1.23666e-05
6201.0000 1.22786e-05
6202.0000 1.21913e-05
6203.0000 1.21046e-05
6204.0000 1.20184e-05
6205.0000 1.19328e-05
6206.0000 1.18475e-05
6207.0000 1.17628e-05
6208.0000 1.16789e-05
6209.0000 1.15958e-05
6210.0000 1.1514e-05
6211.0000 1.14335e-05
6212.0000 1.1354e-05
6213.0000 1.12748e-05
6214.0000 1.11955e-05
6215.0000 1.11156e-05
6216.0000 1.10348e-05
6217.0000 1.09533e-05
6218.0000 1.08719e-05
6219.0000 1.07909e-05
6220.0000 1.07111e-05
6221.0000 1.06327e-05
6222.0000 1.05556e-05
6223.0000 1.04792e-05
6224.0000 1.04031e-05
6225.0000 1.03268e-05
6226.0000 1.02501e-05
6227.0000 1.01733e-05
6228.0000 1.00969e-05
6229.0000 1.00212e-05
6230.0000 9.94691e-06
6231.0000 9.87426e-06
6232.0000 9.80278e-06
6233.0000 9.73183e-06
6234.0000 9.66077e-06
6235.0000 9.58897e-06
6236.0000 9.51597e-06
6237.0000 9.44224e-06
6238.0000 9.36841e-06
6239.0000 9.29512e-06
6240.0000 9.22304e-06
6241.0000 9.15265e-06
6242.0000 9.08357e-06
6243.0000 9.01527e-06
6244.0000 8.94725e-06
6245.0000 8.87899e-06
6246.0000 8.81014e-06
6247.0000 8.74089e-06
6248.0000 8.67157e-06
6249.0000 8.60248e-06
6250.0000 8.53396e-06
6251.0000 8.4662e-06
6252.0000 8.39928e-06
6253.0000 8.33316e-06
6254.0000 8.26783e-06
6255.0000 8.20333e-06
6256.0000 8.13965e-06
6257.0000 8.07669e-06
6258.0000 8.01432e-06
6259.0000 7.95243e-06
6260.0000 7.89095e-06
6261.0000 7.82978e-06
6262.0000 7.76884e-06
6263.0000 7.70801e-06
6264.0000 7.64719e-06
6265.0000 7.58628e-06
6266.0000 7.52524e-06
6267.0000 7.46425e-06
6268.0000 7.40355e-06
6269.0000 7.3434e-06
6270.0000 7.28408e-06
6271.0000 7.22579e-06
6272.0000 7.16832e-06
6273.0000 7.11141e-06
6274.0000 7.05481e-06
6275.0000 6.99826e-06
6276.0000 6.94161e-06
6277.0000 6.88494e-06
6278.0000 6.82844e-06
6279.0000 6.77226e-06
6280.0000 6.7166e-06
6281.0000 6.66159e-06
6282.0000 6.60714e-06
6283.0000 6.55314e-06
6284.0000 6.49947e-06
6285.0000 6.44602e-06
6286.0000 6.39275e-06
6287.0000 6.33979e-06
6288.0000 6.28734e-06
6289.0000 6.23558e-06
6290.0000 6.18476e-06
6291.0000 6.135e-06
6292.0000 6.08592e-06
6293.0000 6.03705e-06
6294.0000 5.9879e-06
6295.0000 5.93798e-06
6296.0000 5.88697e-06
6297.0000 5.83534e-06
6298.0000 5.78372e-06
6299.0000 5.73276e-06
6300.0000 5.68313e-06
6301.0000 5.6353e-06
6302.0000 5.58899e-06
6303.0000 5.54374e-06
6304.0000 5.49913e-06
6305.0000 5.45476e-06
6306.0000 5.41033e-06
6307.0000 5.3658e-06
6308.0000 5.32123e-06
6309.0000 5.27666e-06
6310.0000 5.23212e-06
6311.0000 5.18763e-06
6312.0000 5.14312e-06
6313.0000 5.09847e-06
6314.0000 5.05357e-06
6315.0000 5.00829e-06
6316.0000 4.96259e-06
6317.0000 4.9168e-06
6318.0000 4.87135e-06
6319.0000 4.82669e-06
6320.0000 4.78327e-06
6321.0000 4.74145e-06
6322.0000 4.70092e-06
6323.0000 4.66124e-06
6324.0000 4.62202e-06
6325.0000 4.58288e-06
6326.0000 4.54353e-06
6327.0000 4.50405e-06
6328.0000 4.4646e-06
6329.0000 4.42533e-06
6330.0000 4.38642e-06
6331.0000 4.34798e-06
6332.0000 4.30996e-06
6333.0000 4.27223e-06
6334.0000 4.2347e-06
6335.0000 4.19729e-06
6336.0000 4.15991e-06
6337.0000 4.12263e-06
6338.0000 4.0855e-06
6339.0000 4.04861e-06
6340.0000 4.01204e-06
6341.0000 3.97586e-06
6342.0000 3.94002e-06
6343.0000 3.90448e-06
6344.0000 3.86918e-06
6345.0000 3.83409e-06
6346.0000 3.79921e-06
6347.0000 3.76459e-06
6348.0000 3.73034e-06
6349.0000 3.69658e-06
6350.0000 3.66342e-06
6351.0000 3.63097e-06
6352.0000 3.599e-06
6353.0000 3.56727e-06
6354.0000 3.53551e-06
6355.0000 3.50349e-06
6356.0000 3.47102e-06
6357.0000 3.43827e-06
6358.0000 3.40545e-06
6359.0000 3.37279e-06
6360.0000 3.34053e-06
6361.0000 3.30886e-06
6362.0000 3.27779e-06
6363.0000 3.24731e-06
6364.0000 3.21743e-06
6365.0000 3.18819e-06
6366.0000 3.15958e-06
6367.0000 3.13146e-06
6368.0000 3.10363e-06
6369.0000 3.07591e-06
6370.0000 3.04811e-06
6371.0000 3.02012e-06
6372.0000 2.99201e-06
6373.0000 2.96393e-06
6374.0000 2.936e-06
6375.0000 2.90837e-06
6376.0000 2.88113e-06
6377.0000 2.85411e-06
6378.0000 2.82712e-06
6379.0000 2.79994e-06
6380.0000 2.77237e-06
6381.0000 2.74428e-06
6382.0000 2.71603e-06
6383.0000 2.68808e-06
6384.0000 2.6609e-06
6385.0000 2.635e-06
6386.0000 2.61071e-06
6387.0000 2.58763e-06
6388.0000 2.56518e-06
6389.0000 2.5428e-06
6390.0000 2.51996e-06
6391.0000 2.49624e-06
6392.0000 2.47188e-06
6393.0000 2.44722e-06
6394.0000 2.42263e-06
6395.0000 2.39844e-06
6396.0000 2.37493e-06
6397.0000 2.35203e-06
6398.0000 2.3296e-06
6399.0000 2.30751e-06
6400.0000 2.28566e-06
6401.0000 2.26393e-06
6402.0000 2.24225e-06
6403.0000 2.22051e-06
6404.0000 2.19863e-06
6405.0000 2.1765e-06
6406.0000 2.15407e-06
6407.0000 2.13155e-06
6408.0000 2.10918e-06
6409.0000 2.08721e-06
6410.0000 2.06592e-06
6411.0000 2.04552e-06
6412.0000 2.02585e-06
6413.0000 2.00668e-06
6414.0000 1.98782e-06
6415.0000 1.96908e-06
6416.0000 1.95029e-06
6417.0000 1.93142e-06
6418.0000 1.91246e-06
6419.0000 1.89338e-06
6420.0000 1.87415e-06
6421.0000 1.85477e-06
6422.0000 1.83524e-06
6423.0000 1.81561e-06
6424.0000 1.79589e-06
6425.0000 1.77611e-06
6426.0000 1.75634e-06
6427.0000 1.73692e-06
6428.0000 1.71826e-06
6429.0000 1.70079e-06
6430.0000 1.68501e-06
6431.0000 1.67121e-06
6432.0000 1.65879e-06
6433.0000 1.64692e-06
6434.0000 1.63484e-06
6435.0000 1.62174e-06
6436.0000 1.60704e-06
6437.0000 1.59107e-06
6438.0000 1.57437e-06
6439.0000 1.55743e-06
6440.0000 1.54075e-06
6441.0000 1.5247e-06
6442.0000 1.50921e-06
6443.0000 1.49409e-06
6444.0000 1.47917e-06
6445.0000 1.4643e-06
6446.0000 1.44936e-06
6447.0000 1.43436e-06
6448.0000 1.41938e-06
6449.0000 1.40448e-06
6450.0000 1.38971e-06
6451.0000 1.37515e-06
6452.0000 1.36078e-06
6453.0000 1.34662e-06
6454.0000 1.33268e-06
6455.0000 1.31896e-06
6456.0000 1.30548e-06
6457.0000 1.29215e-06
6458.0000 1.27886e-06
6459.0000 1.26553e-06
6460.0000 1.25205e-06
6461.0000 1.23835e-06
6462.0000 1.22453e-06
6463.0000 1.21075e-06
6464.0000 1.19712e-06
6465.0000 1.18381e-06
6466.0000 1.17092e-06
6467.0000 1.1584e-06
6468.0000 1.14615e-06
6469.0000 1.13411e-06
6470.0000 1.12221e-06
6471.0000 1.1104e-06
6472.0000 1.09865e-06
6473.0000 1.08696e-06
6474.0000 1.07533e-06
6475.0000 1.06375e-06
6476.0000 1.05224e-06
6477.0000 1.04078e-06
6478.0000 1.02938e-06
6479.0000 1.01804e-06
6480.0000 1.00677e-06
6481.0000 9.95576e-07
6482.0000 9.84475e-07
6483.0000 9.73483e-07
6484.0000 9.6262e-07
6485.0000 9.51912e-07
6486.0000 9.41385e-07
6487.0000 9.31032e-07
6488.0000 9.20847e-07
6489.0000 9.10831e-07
6490.0000 9.00991e-07
6491.0000 8.91326e-07
6492.0000 8.81794e-07
6493.0000 8.72343e-07
6494.0000 8.62925e-07
6495.0000 8.53494e-07
6496.0000 8.44016e-07
6497.0000 8.34509e-07
6498.0000 8.25003e-07
6499.0000 8.15531e-07
6500.0000 8.06123e-07
6501.0000 7.96802e-07
6502.0000 7.87622e-07
6503.0000 7.78631e-07
6504.0000 7.69883e-07
6505.0000 7.61443e-07
6506.0000 7.53349e-07
6507.0000 7.45491e-07
6508.0000 7.37731e-07
6509.0000 7.29936e-07
6510.0000 7.21969e-07
6511.0000 7.13734e-07
6512.0000 7.05306e-07
6513.0000 6.96799e-07
6514.0000 6.88323e-07
6515.0000 6.79989e-07
6516.0000 6.71883e-07
6517.0000 6.6399e-07
6518.0000 6.56269e-07
6519.0000 6.48692e-07
6520.0000 6.41232e-07
6521.0000 6.33871e-07
6522.0000 6.26611e-07
6523.0000 6.19457e-07
6524.0000 6.12422e-07
6525.0000 6.05522e-07
6526.0000 5.98762e-07
6527.0000 5.92085e-07
6528.0000 5.85424e-07
6529.0000 5.78709e-07
6530.0000 5.7187e-07
6531.0000 5.64869e-07
6532.0000 5.57808e-07
6533.0000 5.50826e-07
6534.0000 5.44062e-07
6535.0000 5.37665e-07
6536.0000 5.31735e-07
6537.0000 5.2614e-07
6538.0000 5.20698e-07
6539.0000 5.15232e-07
6540.0000 5.09567e-07
6541.0000 5.03574e-07
6542.0000 4.97347e-07
6543.0000 4.91023e-07
6544.0000 4.84739e-07
6545.0000 4.78632e-07
6546.0000 4.72802e-07
6547.0000 4.67196e-07
6548.0000 4.61725e-07
6549.0000 4.56307e-07
6550.0000 4.50864e-07
6551.0000 4.45331e-07
6552.0000 4.39752e-07
6553.0000 4.34183e-07
6554.0000 4.28684e-07
6555.0000 4.23314e-07
6556.0000 4.18122e-07
6557.0000 4.13094e-07
6558.0000 4.08203e-07
6559.0000 4.03428e-07
6560.0000 3.98754e-07
6561.0000 3.94165e-07
6562.0000 3.89638e-07
6563.0000 3.8515e-07
6564.0000 3.80679e-07
6565.0000 3.76202e-07
6566.0000 3.71706e-07
6567.0000 3.67205e-07
6568.0000 3.62719e-07
6569.0000 3.5827e-07
6570.0000 3.53882e-07
6571.0000 3.49569e-07
6572.0000 3.45311e-07
6573.0000 3.41081e-07
6574.0000 3.3685e-07
6575.0000 3.32594e-07
6576.0000 3.28295e-07
6577.0000 3.2399e-07
6578.0000 3.19728e-07
6579.0000 3.15558e-07
6580.0000 3.11532e-07
6581.0000 3.07691e-07
6582.0000 3.03994e-07
6583.0000 3.00389e-07
6584.0000 2.96827e-07
6585.0000 2.93258e-07
6586.0000 2.89649e-07
6587.0000 2.86012e-07
6588.0000 2.82375e-07
6589.0000 2.78762e-07
6590.0000 2.75201e-07
6591.0000 2.71713e-07
6592.0000 2.6829e-07
6593.0000 2.64922e-07
6594.0000 2.61601e-07
6595.0000 2.58318e-07
6596.0000 2.5507e-07
6597.0000 2.51864e-07
6598.0000 2.48709e-07
6599.0000 2.45617e-07
6600.0000 2.42603e-07
6601.0000 2.39676e-07
6602.0000 2.36807e-07
6603.0000 2.33962e-07
6604.0000 2.31109e-07
6605.0000 2.28213e-07
6606.0000 2.25252e-07
6607.0000 2.22252e-07
6608.0000 2.19251e-07
6609.0000 2.16285e-07
6610.0000 2.13392e-07
6611.0000 2.10602e-07
6612.0000 2.07898e-07
6613.0000 2.05252e-07
6614.0000 2.02642e-07
6615.0000 2.00045e-07
6616.0000 1.97444e-07
6617.0000 1.94848e-07
6618.0000 1.92268e-07
6619.0000 1.89719e-07
6620.0000 1.87215e-07
6621.0000 1.84768e-07
6622.0000 1.8237e-07
6623.0000 1.80011e-07
6624.0000 1.77681e-07
6625.0000 1.75373e-07
6626.0000 1.73082e-07
6627.0000 1.70811e-07
6628.0000 1.68568e-07
6629.0000 1.66362e-07
6630.0000 1.64201e-07
6631.0000 1.62093e-07
6632.0000 1.60032e-07
6633.0000 1.5801e-07
6634.0000 1.56019e-07
6635.0000 1.54056e-07
6636.0000 1.52114e-07
6637.0000 1.50188e-07
6638.0000 1.48274e-07
6639.0000 1.46367e-07
6640.0000 1.44462e-07
6641.0000 1.42558e-07
6642.0000 1.40663e-07
6643.0000 1.38789e-07
6644.0000 1.36947e-07
6645.0000 1.35151e-07
6646.0000 1.33408e-07
6647.0000 1.31703e-07
6648.0000 1.30013e-07
6649.0000 1.28316e-07
6650.0000 1.2659e-07
6651.0000 1.24822e-07
6652.0000 1.23028e-07
6653.0000 1.21235e-07
6654.0000 1.19466e-07
6655.0000 1.17748e-07
6656.0000 1.16102e-07
6657.0000 1.14518e-07
6658.0000 1.12983e-07
6659.0000 1.11485e-07
6660.0000 1.10013e-07
6661.0000 1.08558e-07
6662.0000 1.07112e-07
6663.0000 1.05667e-07
6664.0000 1.04217e-07
6665.0000 1.02753e-07
6666.0000 1.01273e-07
6667.0000 9.97928e-08
6668.0000 9.8335e-08
6669.0000 9.69224e-08
6670.0000 9.55799e-08
6671.0000 9.4326e-08
6672.0000 9.31486e-08
6673.0000 9.20295e-08
6674.0000 9.09531e-08
6675.0000 8.99056e-08
6676.0000 8.88721e-08
6677.0000 8.78305e-08
6678.0000 8.67563e-08
6679.0000 8.56237e-08
6680.0000 8.44046e-08
6681.0000 8.30823e-08
6682.0000 8.16953e-08
6683.0000 8.02942e-08
6684.0000 7.89291e-08
6685.0000 7.76511e-08
6686.0000 7.64986e-08
6687.0000 7.54495e-08
6688.0000 7.44691e-08
6689.0000 7.35258e-08
6690.0000 7.25895e-08
6691.0000 7.16367e-08
6692.0000 7.06696e-08
6693.0000 6.9696e-08
6694.0000 6.87237e-08
6695.0000 6.77604e-08
6696.0000 6.68122e-08
6697.0000 6.58786e-08
6698.0000 6.49574e-08
6699.0000 6.40473e-08
6700.0000 6.31473e-08
6701.0000 6.22553e-08
6702.0000 6.13686e-08
6703.0000 6.04831e-08
6704.0000 5.9595e-08
6705.0000 5.87002e-08
6706.0000 5.77967e-08
6707.0000 5.68911e-08
6708.0000 5.59924e-08
6709.0000 5.51097e-08
6710.0000 5.42527e-08
6711.0000 5.34309e-08
6712.0000 5.26504e-08
6713.0000 5.19179e-08
6714.0000 5.12418e-08
6715.0000 5.06327e-08
6716.0000 5.0094e-08
6717.0000 4.95913e-08
6718.0000 4.90817e-08
6719.0000 4.85219e-08
6720.0000 4.78668e-08
6721.0000 4.70863e-08
6722.0000 4.62203e-08
6723.0000 4.53242e-08
6724.0000 4.4452e-08
6725.0000 4.36585e-08
6726.0000 4.29848e-08
6727.0000 4.24104e-08
6728.0000 4.19016e-08
6729.0000 4.14277e-08
6730.0000 4.09593e-08
6731.0000 4.04724e-08
6732.0000 3.99624e-08
6733.0000 3.94289e-08
6734.0000 3.88704e-08
6735.0000 3.82845e-08
6736.0000 3.76711e-08
6737.0000 3.70428e-08
6738.0000 3.6415e-08
6739.0000 3.58032e-08
6740.0000 3.52234e-08
6741.0000 3.46877e-08
6742.0000 3.41904e-08
6743.0000 3.3722e-08
6744.0000 3.32745e-08
6745.0000 3.28404e-08
6746.0000 3.24129e-08
6747.0000 3.19845e-08
6748.0000 3.15478e-08
6749.0000 3.10948e-08
6750.0000 3.0617e-08
6751.0000 3.01094e-08
6752.0000 2.95844e-08
6753.0000 2.90583e-08
6754.0000 2.85473e-08
6755.0000 2.80681e-08
6756.0000 2.76334e-08
6757.0000 2.7236e-08
6758.0000 2.68649e-08
6759.0000 2.651e-08
6760.0000 2.61621e-08
6761.0000 2.58131e-08
6762.0000 2.54593e-08
6763.0000 2.50977e-08
6764.0000 2.47252e-08
6765.0000 2.43379e-08
6766.0000 2.39341e-08
6767.0000 2.35213e-08
6768.0000 2.3109e-08
6769.0000 2.27067e-08
6770.0000 2.23244e-08
6771.0000 2.19702e-08
6772.0000 2.16429e-08
6773.0000 2.13396e-08
6774.0000 2.10584e-08
6775.0000 2.07984e-08
6776.0000 2.05578e-08
6777.0000 2.03281e-08
6778.0000 2.00996e-08
6779.0000 1.98628e-08
6780.0000 1.96075e-08
6781.0000 1.93271e-08
6782.0000 1.90299e-08
6783.0000 1.87273e-08
6784.0000 1.84306e-08
6785.0000 1.81513e-08
6786.0000 1.78969e-08
6787.0000 1.76571e-08
6788.0000 1.74173e-08
6789.0000 1.71631e-08
6790.0000 1.68794e-08
6791.0000 1.65554e-08
6792.0000 1.61994e-08
6793.0000 1.58239e-08
6794.0000 1.54404e-08
6795.0000 1.50602e-08
6796.0000 1.46973e-08
6797.0000 1.43771e-08
6798.0000 1.41295e-08
6799.0000 1.39872e-08
6800.0000 1.39871e-08
6801.0000 1.41352e-08
6802.0000 1.42978e-08
6803.0000 1.43055e-08
6804.0000 1.3983e-08
6805.0000 1.31419e-08
6806.0000 1.16298e-08
6807.0000 9.49287e-09
6808.0000 6.80869e-09
6809.0000 3.63258e-09
6810.0000 0
