3000.0 9.76e-05
3005.0 3.78e-05
3010.0 0.000173924
3015.0 0.00013185
3020.0 0.000169287
3025.0 0.000104864
3030.0 5.32e-05
3035.0 0.000146088
3040.0 0.00012705
3045.0 -3.49e-06
3050.0 0.000297986
3055.0 -2.22e-05
3060.0 0.000292872
3065.0 7.77e-05
3070.0 0.000161334
3075.0 5.33e-05
3080.0 0.000124764
3085.0 8.31e-05
3090.0 0.000291364
3095.0 0.000204209
3100.0 9.6e-05
3105.0 0.000363965
3110.0 0.000115556
3115.0 0.000122145
3120.0 0.000112133
3125.0 -1.3e-05
3130.0 0.000208766
3135.0 2.82e-05
3140.0 0.000191649
3145.0 6.37e-05
3150.0 0.000173582
3155.0 5.7e-05
3160.0 0.000165433
3165.0 0.000279386
3170.0 0.000192973
3175.0 0.000204862
3180.0 -3.95e-05
3185.0 -1.95e-05
3190.0 -3.85e-05
3195.0 0.000121226
3200.0 0.000135824
3205.0 0.000182582
3210.0 0.000317645
3215.0 -9.55e-05
3220.0 -5.04e-05
3225.0 0.00017816
3230.0 9.16e-05
3235.0 4.49e-05
3240.0 0.000140573
3245.0 0.000139337
3250.0 3.19e-05
3255.0 0.000117564
3260.0 0.000322882
3265.0 0.000141523
3270.0 9.55e-05
3275.0 9.64e-05
3280.0 4.73e-05
3285.0 3.43e-05
3290.0 0.000118687
3295.0 0.000178352
3300.0 0.000160813
3305.0 0.000126635
3310.0 4.41e-05
3315.0 0.000116888
3320.0 4.86e-05
3325.0 0.000249902
3330.0 0.000241647
3335.0 7.81e-05
3340.0 8.54e-05
3345.0 -8.45e-06
3350.0 8.33e-05
3355.0 0.000145288
3360.0 6.33e-05
3365.0 0.000223236
3370.0 0.000411839
3375.0 7.61e-05
3380.0 0.000170918
3385.0 2.52e-05
3390.0 0.000126056
3395.0 0.000157054
3400.0 0.000322099
3405.0 0.000140305
3410.0 9.66e-05
3415.0 9.69e-05
3420.0 3.76e-05
3425.0 7.05e-05
3430.0 9.72e-05
3435.0 0.000270295
3440.0 0.000174344
3445.0 -7.95e-05
3450.0 0.000137037
3455.0 0.000183243
3460.0 9.89e-06
3465.0 8.9e-05
3470.0 6.36e-05
3475.0 4.41e-05
3480.0 0.00021498
3485.0 8.82e-05
3490.0 -1.97e-05
3495.0 -0.001092835
3500.0 0.000320455
3505.0 0.000165486
3510.0 7.29e-05
3515.0 0.000233286
3520.0 6.97e-05
3525.0 0.000317491
3530.0 0.00034187
3535.0 0.00020433
3540.0 0.000126288
3545.0 -6.44e-05
3550.0 9.32e-05
3555.0 0.000106991
3560.0 8.58e-05
3565.0 -4.75e-05
3570.0 0.000152441
3575.0 2.34e-05
3580.0 3.96e-05
3585.0 -0.000119157
3590.0 4.07e-05
3595.0 0.00031288
3600.0 3.79e-05
3605.0 0.000181092
3610.0 5.23e-05
3615.0 0.000210537
3620.0 7.62e-05
3625.0 0.00029153
3630.0 9.72e-05
3635.0 -4.93e-05
3640.0 0.000151081
3645.0 0.000117091
3650.0 9.07e-05
3655.0 0.000163329
3660.0 0.000228321
3665.0 -7.18e-05
3670.0 0.000255797
3675.0 0.000104888
3680.0 0.000112689
3685.0 0.00010692
3690.0 0.000130632
3695.0 0.000276816
3700.0 -9.6e-05
3705.0 3.94e-05
3710.0 9.94e-05
3715.0 6.06e-05
3720.0 0.000133671
3725.0 -7.95e-06
3730.0 3.04e-05
3735.0 7.5e-05
3740.0 3.49e-05
3745.0 -3.2e-05
3750.0 0.000214252
3755.0 0.000151407
3760.0 0.000166077
3765.0 3.3e-05
3770.0 0.000207309
3775.0 9.5e-05
3780.0 8.15e-05
3785.0 0.000101034
3790.0 0.000134099
3795.0 1.12e-05
3800.0 6.72e-05
3805.0 0.000228874
3810.0 3.66e-05
3815.0 7.6e-05
3820.0 0.000195684
3825.0 0.00087515
3830.0 0.003952427
3835.0 0.014896864
3840.0 0.043351442
3845.0 0.101161107
3850.0 0.199136645
3855.0 0.345671296
3860.0 0.546064377
3865.0 0.79847163
3870.0 1.09561348
3875.0 1.443698883
3880.0 1.847032309
3885.0 2.311830759
3890.0 2.887288094
3895.0 3.635416985
3900.0 4.600601673
3905.0 5.884786129
3910.0 7.642540932
3915.0 9.887589455
3920.0 12.75039864
3925.0 16.25563431
3930.0 20.32418251
3935.0 24.7118454
3940.0 29.29073524
3945.0 33.86737061
3950.0 38.16646957
3955.0 42.42571259
3960.0 46.67406845
3965.0 50.80321503
3970.0 55.21841049
3975.0 60.04584503
3980.0 64.86800385
3985.0 69.71491241
3990.0 74.27129364
3995.0 78.1388092
4000.0 81.31426239
4005.0 83.72142029
4010.0 85.40695953
4015.0 86.54898071
4020.0 87.37162018
4025.0 87.83779144
4030.0 88.23118591
4035.0 88.5561676
4040.0 88.88308716
4045.0 89.15750122
4050.0 89.54882813
4055.0 89.93843842
4060.0 90.38847351
4065.0 90.83172607
4070.0 91.29473114
4075.0 91.84069824
4080.0 92.18228149
4085.0 92.53656769
4090.0 92.73181915
4095.0 92.75795746
4100.0 92.65603638
4105.0 92.42004395
4110.0 92.17514038
4115.0 91.99747467
4120.0 91.94260406
4125.0 92.25209808
4130.0 92.53117371
4135.0 93.09867096
4140.0 93.67733002
4145.0 94.27097321
4150.0 94.51748657
4155.0 94.67237854
4160.0 94.58330536
4165.0 94.47658539
4170.0 94.35299683
4175.0 94.3494339
4180.0 94.46020508
4185.0 94.73135376
4190.0 94.95834351
4195.0 95.16958618
4200.0 95.21562195
4205.0 95.05788422
4210.0 94.78781128
4215.0 94.40794373
4220.0 94.08482361
4225.0 93.91666412
4230.0 94.02946472
4235.0 94.38584137
4240.0 94.74600983
4245.0 95.07709503
4250.0 95.74597931
4255.0 95.86411285
4260.0 95.95337677
4265.0 95.97276306
4270.0 95.99562836
4275.0 96.05844116
4280.0 96.22994232
4285.0 96.4539566
4290.0 96.94989014
4295.0 97.0687561
4300.0 97.44779205
4305.0 97.63748169
4310.0 97.64781952
4315.0 97.59126282
4320.0 97.62641907
4325.0 97.38176727
4330.0 97.24773407
4335.0 97.08616638
4340.0 97.04937744
4345.0 96.73283386
4350.0 96.31548309
4355.0 95.79882813
4360.0 95.15262604
4365.0 94.51138306
4370.0 93.80700684
4375.0 93.25457001
4380.0 92.78948212
4385.0 92.59394073
4390.0 92.63005829
4395.0 92.6089325
4400.0 92.80579376
4405.0 93.03769684
4410.0 93.29393768
4415.0 93.39039612
4420.0 93.61428833
4425.0 93.81600189
4430.0 94.04424286
4435.0 94.35324097
4440.0 94.75734711
4445.0 95.1574707
4450.0 95.71337891
4455.0 96.21921539
4460.0 96.71018982
4465.0 97.08901978
4470.0 97.36697388
4475.0 97.6004715
4480.0 97.80388641
4485.0 97.87506866
4490.0 97.96530914
4495.0 98.05735779
4500.0 98.1153717
4505.0 98.17338562
4510.0 98.16963196
4515.0 98.18640137
4520.0 98.10697174
4525.0 97.96168518
4530.0 97.75614929
4535.0 97.5593338
4540.0 97.24021912
4545.0 97.09568787
4550.0 96.95049286
4555.0 96.91041565
4560.0 97.09039307
4565.0 97.19121552
4570.0 97.41659546
4575.0 97.69390869
4580.0 97.95539093
4585.0 98.22058105
4590.0 98.44163513
4595.0 98.54057312
4600.0 98.59789276
4605.0 98.58849335
4610.0 98.51898193
4615.0 98.38031769
4620.0 98.2015686
4625.0 97.93664551
4630.0 97.67733765
4635.0 97.37863159
4640.0 97.12838745
4645.0 96.94468689
4650.0 96.76384735
4655.0 96.58283234
4660.0 96.49294281
4665.0 96.47462463
4670.0 96.54969788
4675.0 96.66184998
4680.0 96.82777405
4685.0 97.00915527
4690.0 97.19247437
4695.0 97.34786224
4700.0 97.47914124
4705.0 97.64499664
4710.0 97.70895386
4715.0 97.71669006
4720.0 97.65875244
4725.0 97.58855438
4730.0 97.53669739
4735.0 97.38419342
4740.0 97.34570313
4745.0 97.29943085
4750.0 97.19831085
4755.0 97.18550873
4760.0 97.16953278
4765.0 97.26014709
4770.0 97.37197113
4775.0 97.51498413
4780.0 97.63561249
4785.0 97.794487
4790.0 98.02666473
4795.0 98.15288544
4800.0 98.2806778
4805.0 98.39875031
4810.0 98.42939758
4815.0 98.46102905
4820.0 98.42667389
4825.0 98.38357544
4830.0 98.29592133
4835.0 98.17132568
4840.0 98.14862061
4845.0 98.0647049
4850.0 98.06135559
4855.0 98.12394714
4860.0 98.16254425
4865.0 98.30861664
4870.0 98.37715912
4875.0 98.44719696
4880.0 98.5171814
4885.0 98.51921844
4890.0 98.52146912
4895.0 98.47303772
4900.0 98.4806366
4905.0 98.42683411
4910.0 98.31491852
4915.0 98.31964111
4920.0 98.31463623
4925.0 98.36141205
4930.0 98.43451691
4935.0 98.55541992
4940.0 98.56777954
4945.0 98.65718842
4950.0 98.82280731
4955.0 98.90097046
4960.0 98.67062378
4965.0 98.68410492
4970.0 98.54387665
4975.0 98.46464539
4980.0 98.36615753
4985.0 98.139534
4990.0 98.0735321
4995.0 98.02507019
5000.0 98.1341095
5005.0 98.16789246
5010.0 98.47216034
5015.0 98.27477264
5020.0 98.3516922
5025.0 98.30089569
5030.0 98.38249207
5035.0 98.28062439
5040.0 98.14784241
5045.0 97.88999939
5050.0 97.64754486
5055.0 97.371521
5060.0 97.0952301
5065.0 96.76998901
5070.0 96.70062256
5075.0 96.55660248
5080.0 96.53910065
5085.0 96.62162781
5090.0 96.78538513
5095.0 97.27374268
5100.0 97.39473724
5105.0 97.84406281
5110.0 98.03144073
5115.0 98.37255859
5120.0 98.47358704
5125.0 98.59315491
5130.0 98.59909058
5135.0 98.49119568
5140.0 98.28037262
5145.0 98.03366852
5150.0 97.71915436
5155.0 97.35266113
5160.0 97.06362915
5165.0 96.76610565
5170.0 96.53539276
5175.0 96.34829712
5180.0 96.2328949
5185.0 96.14569855
5190.0 96.19297028
5195.0 96.19863892
5200.0 96.28457642
5205.0 96.40885162
5210.0 96.56575775
5215.0 96.79653931
5220.0 96.43862915
5225.0 96.82712555
5230.0 96.89861298
5235.0 96.95942688
5240.0 96.9982605
5245.0 97.00559235
5250.0 97.03617096
5255.0 96.9775238
5260.0 96.95392609
5265.0 96.98736572
5270.0 96.92735291
5275.0 96.82880402
5280.0 96.74762726
5285.0 96.66864777
5290.0 96.5819397
5295.0 96.54593658
5300.0 96.51155853
5305.0 96.47677612
5310.0 96.48365784
5315.0 96.5122757
5320.0 96.57615662
5325.0 96.62202454
5330.0 96.724823
5335.0 96.8175354
5340.0 96.90668488
5345.0 96.94789124
5350.0 97.04296875
5355.0 97.08828735
5360.0 97.09188843
5365.0 97.02490997
5370.0 96.99904633
5375.0 96.84242249
5380.0 96.69654083
5385.0 96.52939606
5390.0 96.28603363
5395.0 96.30370331
5400.0 96.14427948
5405.0 95.90632629
5410.0 95.73710632
5415.0 95.62760925
5420.0 95.5562439
5425.0 95.53063202
5430.0 95.56494904
5435.0 95.63243103
5440.0 95.74458313
5445.0 95.9850769
5450.0 96.20815277
5455.0 96.57632446
5460.0 96.98488617
5465.0 97.40587616
5470.0 97.7989502
5475.0 98.13320923
5480.0 98.29034424
5485.0 97.99237823
5490.0 97.16477203
5495.0 95.58052063
5500.0 92.85181427
5505.0 88.97106934
5510.0 83.64854431
5515.0 77.25539398
5520.0 69.70274353
5525.0 61.42793274
5530.0 53.27492523
5535.0 45.0230217
5540.0 37.38844681
5545.0 30.72340775
5550.0 24.97880173
5555.0 20.09636497
5560.0 16.11998749
5565.0 12.93510246
5570.0 10.34106922
5575.0 8.29155159
5580.0 6.680160046
5585.0 5.39428091
5590.0 4.365206718
5595.0 3.566971302
5600.0 2.918334484
5605.0 2.386748552
5610.0 1.96924603
5615.0 1.632776141
5620.0 1.354442835
5625.0 1.129408121
5630.0 0.945495188
5635.0 0.793020248
5640.0 0.666956246
5645.0 0.564140618
5650.0 0.477410495
5655.0 0.405608207
5660.0 0.346075326
5665.0 0.294957399
5670.0 0.25159502
5675.0 0.216134012
5680.0 0.186086893
5685.0 0.16022554
5690.0 0.138676658
5695.0 0.119449966
5700.0 0.103849396
5705.0 0.090416998
5710.0 0.07875108
5715.0 0.068712994
5720.0 0.059957378
5725.0 0.052685086
5730.0 0.046094153
5735.0 0.040510543
5740.0 0.035696238
5745.0 0.03142802
5750.0 0.027702639
5755.0 0.024772869
5760.0 0.02187481
5765.0 0.019484699
5770.0 0.01728786
5775.0 0.015514807
5780.0 0.01370406
5785.0 0.012392884
5790.0 0.011095073
5795.0 0.009973972
5800.0 0.009145581
5805.0 0.008114356
5810.0 0.007275579
5815.0 0.006589422
5820.0 0.00598941
5825.0 0.005372174
5830.0 0.004835669
5835.0 0.004225665
5840.0 0.004012147
5845.0 0.003810402
5850.0 0.003380526
5855.0 0.003055912
5860.0 0.002848377
5865.0 0.002536231
5870.0 0.002549727
5875.0 0.002265766
5880.0 0.002084953
5885.0 0.001742254
5890.0 0.001800071
5895.0 0.001602512
5900.0 0.00149118
5905.0 0.001208498
5910.0 0.001135624
5915.0 0.001325119
5920.0 0.0009798
5925.0 0.001079754
5930.0 0.000866018
5935.0 0.000800998
5940.0 0.000766469
5945.0 0.000660244
5950.0 0.000760326
5955.0 0.00056852
5960.0 0.000663806
5965.0 0.000544247
5970.0 0.00043136
5975.0 0.000643799
5980.0 0.0004793
5985.0 0.0004823
5990.0 0.000437044
5995.0 0.000517987
6000.0 0.00022042
6005.0 0.000419229
6010.0 0.000230769
6015.0 0.000340067
6020.0 0.00035872
6025.0 0.00030447
6030.0 0.000302625
6035.0 0.000229288
6040.0 0.000426222
6045.0 0.000349778
6050.0 0.000293919
6055.0 0.000258435
6060.0 0.000315489
6065.0 0.000264748
6070.0 0.000257978
6075.0 0.000150744
6080.0 0.000298408
6085.0 0.000210337
6090.0 0.000261331
6095.0 0.000243644
6100.0 0.000279415
6105.0 0.000283462
6110.0 0.000260779
6115.0 0.000316006
6120.0 0.000241856
6125.0 0.000261673
6130.0 0.000162844
6135.0 0.000180784
6140.0 0.000145273
6145.0 0.000148133
6150.0 0.00022747
6155.0 5.69e-05
6160.0 0.000249142
6165.0 0.00022111
6170.0 0.000152838
6175.0 0.000173115
6180.0 -3.92e-05
6185.0 0.000199011
6190.0 0.000132187
6195.0 0.000113915
6200.0 4.38e-05
6205.0 8.43e-05
6210.0 0.000259888
6215.0 0.00021254
6220.0 0.00032243
6225.0 0.000139611
6230.0 0.000156209
6235.0 0.000187532
6240.0 0.000292348
6245.0 0.000107022
6250.0 2.85e-05
6255.0 0.000226509
6260.0 3.99e-05
6265.0 -7.94e-06
6270.0 9.59e-05
6275.0 0.000128356
6280.0 0.000244541
6285.0 7.53e-06
6290.0 -1.42e-05
6295.0 8.31e-05
6300.0 0.000209934
6305.0 0.000203888
6310.0 0.000256258
6315.0 8.01e-05
6320.0 0.00017536
6325.0 -4.97e-05
6330.0 0.000155376
6335.0 1.75e-05
6340.0 0.000151551
6345.0 0.000149395
6350.0 8.94e-05
6355.0 0.000100447
6360.0 -5.64e-05
6365.0 0.000119262
6370.0 0.000119334
6375.0 8.29e-05
6380.0 3.04e-05
6385.0 0.000101316
6390.0 0.000140662
6395.0 0.000209887
6400.0 0.00019873
6405.0 -0.000140959
6410.0 0.000164986
6415.0 -2.28e-05
6420.0 0.000228654
6425.0 0.000124948
6430.0 -5.88e-06
6435.0 4.72e-05
6440.0 -0.000120434
6445.0 6.93e-06
6450.0 1.31e-06
6455.0 0.000133737
6460.0 4.77e-05
6465.0 5.6e-05
6470.0 0.000128022
6475.0 3.38e-05
6480.0 6.14e-05
6485.0 8.6e-05
6490.0 4.84e-05
6495.0 0.000131744
6500.0 0.000191763
6505.0 9.48e-05
6510.0 0.000167529
6515.0 0.000129186
6520.0 -2.8e-05
6525.0 -9.63e-05
6530.0 -8.81e-05
6535.0 0.000110581
6540.0 7.2e-05
6545.0 3.95e-05
6550.0 -1.32e-06
6555.0 2.59e-05
6560.0 6.32e-05
6565.0 -0.00010558
6570.0 0.000108489
6575.0 0.00013243
6580.0 0.000166533
6585.0 9.18e-05
6590.0 9.21e-05
6595.0 -4.85e-05
6600.0 -3.17e-05
6605.0 9.64e-05
6610.0 8.98e-05
6615.0 -2.66e-05
6620.0 -1.26e-05
6625.0 0.000280504
6630.0 7.99e-05
6635.0 -2.14e-05
6640.0 -1.16e-05
6645.0 8.97e-06
6650.0 0.000159438
6655.0 -1.36e-05
6660.0 6.05e-05
6665.0 0.000173158
6670.0 0.000218408
6675.0 0.000173001
6680.0 0.000126954
6685.0 3.07e-05
6690.0 5.82e-05
6695.0 6.28e-05
6700.0 0.000176771
6705.0 9.22e-06
6710.0 1.55e-05
6715.0 -2.25e-06
6720.0 -4.91e-05
6725.0 7.42e-05
6730.0 -6.14e-05
6735.0 5.18e-05
6740.0 -6.37e-05
6745.0 6.09e-05
6750.0 -2.08e-05
6755.0 0.00018633
6760.0 0.00028871
6765.0 9.75e-05
6770.0 0.000128723
6775.0 0.000127441
6780.0 7.45e-06
6785.0 1.63e-05
6790.0 8.6e-05
6795.0 0.000151578
6800.0 0.000304484
6805.0 3.87e-05
6810.0 -6.19e-05
6815.0 6.78e-05
6820.0 0.000105754
6825.0 0.0001257
6830.0 -4.27e-05
6835.0 0.000264135
6840.0 1.89e-05
6845.0 0.000288395
6850.0 -4.5e-05
6855.0 -4.11e-05
6860.0 9.12e-05
6865.0 0.000155968
6870.0 -8.31e-05
6875.0 2.89e-05
6880.0 1.52e-05
6885.0 1.72e-05
6890.0 2.29e-05
6895.0 1.42e-05
6900.0 0.000132701
6905.0 0.00021597
6910.0 9.8e-05
6915.0 -0.00014233
6920.0 -0.000126664
6925.0 0.000243965
6930.0 2.21e-05
6935.0 -2.81e-05
6940.0 8.16e-05
6945.0 3.37e-05
6950.0 3.41e-05
6955.0 2.07e-05
6960.0 0.000167575
6965.0 0.000119793
6970.0 6.87e-05
6975.0 0.000171581
6980.0 6.71e-05
6985.0 0.000224123
6990.0 1.08e-05
6995.0 0.000213115
7000.0 3.18e-05
7005.0 0.00023656
7010.0 6.53e-05
7015.0 0.000191572
7020.0 1.97e-05
7025.0 -0.000124307
7030.0 -1.09e-05
7035.0 5e-05
7040.0 2.65e-06
7045.0 2.7e-06
7050.0 -2.88e-05
7055.0 -6.43e-05
7060.0 9.01e-05
7065.0 -7.09e-05
7070.0 -1.76e-05
7075.0 0.000119718
7080.0 0.000150686
7085.0 8.49e-05
7090.0 5.72e-05
7095.0 9.5e-05
7100.0 4.06e-05
7105.0 0.000407168
7110.0 -5.67e-05
7115.0 0.00011369
7120.0 4.08e-05
7125.0 -9.17e-05
7130.0 3.3e-05
7135.0 0.000106516
7140.0 0.000143544
7145.0 -5.66e-05
7150.0 0.000306559
7155.0 6.88e-05
7160.0 -2.26e-05
7165.0 -3.77e-05
7170.0 0.000149728
7175.0 0.000287233
7180.0 -2.09e-05
7185.0 3.89e-05
7190.0 9.96e-05
7195.0 1.41e-05
7200.0 0.000354046
7205.0 0.000124457
7210.0 4.56e-05
7215.0 8.77e-05
7220.0 -5.62e-05
7225.0 0.000166208
7230.0 0.000245715
7235.0 4.47e-05
7240.0 0.00012098
7245.0 -7.76e-05
7250.0 7.05e-05
7255.0 0.000215208
7260.0 -7.58e-05
7265.0 0.000193715
7270.0 3.21e-05
7275.0 -7.1e-05
7280.0 0.000266549
7285.0 -2.35e-05
7290.0 -4.33e-05
7295.0 2.52e-06
7300.0 -2.09e-05
7305.0 -2.19e-05
7310.0 0.000109927
7315.0 0.000239729
7320.0 1.14e-06
7325.0 -1.46e-05
7330.0 4.51e-05
7335.0 0.000146568
7340.0 0.000310208
7345.0 -0.000108876
7350.0 0.000104838
7355.0 9.98e-05
7360.0 -5.4e-05
7365.0 1.61e-05
7370.0 0.00032128
7375.0 2.34e-05
7380.0 6.14e-05
7385.0 8.67e-05
7390.0 0.00010653
7395.0 8.99e-05
7400.0 0.000197583
7405.0 0.000186575
7410.0 -2.33e-05
7415.0 0.000105428
7420.0 0.000171616
7425.0 0.000176431
7430.0 0.00036144
7435.0 -8.66e-06
7440.0 5.03e-05
7445.0 0.000126598
7450.0 6.54e-05
7455.0 0.000148173
7460.0 8.72e-05
7465.0 0.000233228
7470.0 0.00014005
7475.0 0.000259859
7480.0 0.000357909
7485.0 0.000287615
7490.0 0.000132356
7495.0 0.000341784
7500.0 0.000339421
7505.0 0.00026993
7510.0 0.000576997
7515.0 0.000372564
7520.0 0.000398879
7525.0 0.000448892
7530.0 0.000704612
7535.0 0.000477361
7540.0 0.000445791
7545.0 0.00067623
7550.0 0.000666919
7555.0 0.000494579
7560.0 0.000845362
7565.0 0.001047992
7570.0 0.000986998
7575.0 0.001015546
7580.0 0.001340629
7585.0 0.001191667
7590.0 0.001288518
7595.0 0.00164022
7600.0 0.001821487
7605.0 0.001759554
7610.0 0.002057989
7615.0 0.002369834
7620.0 0.002440539
7625.0 0.002643712
7630.0 0.002841404
7635.0 0.002985921
7640.0 0.002920333
7645.0 0.002832284
7650.0 0.002738184
7655.0 0.002693832
7660.0 0.00276996
7665.0 0.002684306
7670.0 0.002820188
7675.0 0.002794034
7680.0 0.002759787
7685.0 0.002430684
7690.0 0.002346876
7695.0 0.002462682
7700.0 0.002410829
7705.0 0.00234837
7710.0 0.002252398
7715.0 0.002505715
7720.0 0.00213652
7725.0 0.002305498
7730.0 0.002370551
7735.0 0.002439631
7740.0 0.002465522
7745.0 0.002426911
7750.0 0.00240531
7755.0 0.00268858
7760.0 0.002463313
7765.0 0.00287578
7770.0 0.002951075
7775.0 0.002775535
7780.0 0.002947567
7785.0 0.002892865
7790.0 0.002981826
7795.0 0.002790036
7800.0 0.002769342
7805.0 0.002705358
7810.0 0.002658585
7815.0 0.002732717
7820.0 0.002326183
7825.0 0.002480659
7830.0 0.002090286
7835.0 0.002367004
7840.0 0.002066789
7845.0 0.001939911
7850.0 0.001876422
7855.0 0.001730602
7860.0 0.001753505
7865.0 0.001646357
7870.0 0.001875386
7875.0 0.001674925
7880.0 0.001386641
7885.0 0.001510562
7890.0 0.001470136
7895.0 0.001551008
7900.0 0.001566662
7905.0 0.001449137
7910.0 0.00146358
7915.0 0.001389943
7920.0 0.001785866
7925.0 0.001764759
7930.0 0.001694945
7935.0 0.001722197
7940.0 0.001899813
7945.0 0.001654062
7950.0 0.001864411
7955.0 0.00212265
7960.0 0.001931292
7965.0 0.002275824
7970.0 0.00227271
7975.0 0.00252202
7980.0 0.002602376
7985.0 0.002746151
7990.0 0.002859666
7995.0 0.003194428
8000.0 0.003497239
8005.0 0.003637734
8010.0 0.003923024
8015.0 0.00415069
8020.0 0.004301584
8025.0 0.004271558
8030.0 0.004460062
8035.0 0.004319637
8040.0 0.004107848
8045.0 0.004258392
8050.0 0.003543179
8055.0 0.003443443
8060.0 0.003106812
8065.0 0.002948249
8070.0 0.002652754
8075.0 0.002400868
8080.0 0.001971918
8085.0 0.00181973
8090.0 0.001493613
8095.0 0.001627179
8100.0 0.001544842
8105.0 0.001300646
8110.0 0.001251493
8115.0 0.001194187
8120.0 0.001082686
8125.0 0.001033474
8130.0 0.000857445
8135.0 0.000857554
8140.0 0.000885509
8145.0 0.000903043
8150.0 0.0011315
8155.0 0.001017353
8160.0 0.000869779
8165.0 0.001004176
8170.0 0.000999925
8175.0 0.001051396
8180.0 0.001018785
8185.0 0.00111694
8190.0 0.00121347
8195.0 0.000991815
8200.0 0.00130674
8205.0 0.001592505
8210.0 0.001624811
8215.0 0.001666713
8220.0 0.001889298
8225.0 0.002195653
8230.0 0.002502175
8235.0 0.003028687
8240.0 0.003701691
8245.0 0.004217042
8250.0 0.005111304
8255.0 0.006112964
8260.0 0.006614706
8265.0 0.006982942
8270.0 0.007137414
8275.0 0.006690722
8280.0 0.005995755
8285.0 0.005135343
8290.0 0.004232147
8295.0 0.003459381
8300.0 0.002983541
8305.0 0.002316522
8310.0 0.001960709
8315.0 0.001490079
8320.0 0.00164463
8325.0 0.001207724
8330.0 0.001179008
8335.0 0.001220653
8340.0 0.001058025
8345.0 0.000840979
8350.0 0.000785324
8355.0 0.000818629
8360.0 0.00092489
8365.0 0.000654444
8370.0 0.000665188
8375.0 0.000537842
8380.0 0.000779015
8385.0 0.000857241
8390.0 0.000671568
8395.0 0.001083102
8400.0 0.001134349
8405.0 0.001030012
8410.0 0.001791674
8415.0 0.001659016
8420.0 0.002434405
8425.0 0.003796403
8430.0 0.004393491
8435.0 0.004897954
8440.0 0.005477665
8445.0 0.004854389
8450.0 0.003662567
8455.0 0.002907531
8460.0 0.001713595
8465.0 0.000979708
8470.0 0.000811352
8475.0 0.000306825
8480.0 0.000360364
8485.0 0.000459864
8490.0 0.000308016
8495.0 0.00050285
8500.0 9.6e-05
8505.0 -6.03e-07
8510.0 0.000327379
8515.0 8.75e-05
8520.0 0.000164088
8525.0 0.000283025
8530.0 0.000102954
8535.0 0.000172786
8540.0 7.41e-05
8545.0 -4.09e-05
8550.0 0.000205235
8555.0 6e-05
8560.0 -1.62e-05
8565.0 0.000337413
8570.0 8.47e-05
8575.0 0.000383491
8580.0 0.000153458
8585.0 0.000343499
8590.0 2.88e-05
8595.0 8.8e-05
8600.0 0.000305828
8605.0 0.000284443
8610.0 0.000203172
8615.0 2.69e-05
8620.0 -5.57e-05
8625.0 0.000417676
8630.0 -7.88e-05
8635.0 0.00059855
8640.0 0.000277159
8645.0 0.00025476
8650.0 0.000119595
8655.0 -0.000129331
8660.0 0.000492989
8665.0 -0.00010412
8670.0 0.000326667
8675.0 -4.98e-05
8680.0 0.000286647
8685.0 0.000152356
8690.0 0.000129754
8695.0 0.000240469
8700.0 0.000200702
8705.0 0.000237074
8710.0 7.31e-05
8715.0 0.000190019
8720.0 -0.000434944
8725.0 0.000572028
8730.0 0.000253396
8735.0 -6.82e-05
8740.0 0.000133205
8745.0 1.73e-05
8750.0 0.000382961
8755.0 -6.09e-05
8760.0 0.00055761
8765.0 -0.000356384
8770.0 0.000209944
8775.0 0.000499364
8780.0 0.000476718
8785.0 0.000174833
8790.0 0.000116986
8795.0 0.000746295
8800.0 0.000313674
8805.0 0.00133988
8810.0 -0.000596436
8815.0 0.00054177
8820.0 3.65e-05
8825.0 7.04e-05
8830.0 0.000908393
8835.0 -0.000170113
8840.0 0.000847285
8845.0 0.00051457
8850.0 -0.000348449
8855.0 1.36e-05
8860.0 0.000937345
8865.0 0.00041231
8870.0 0.001094305
8875.0 -0.000163311
8880.0 -0.000335173
8885.0 0.000413092
8890.0 0.000235999
8895.0 -0.001187935
8900.0 0.000564087
8905.0 -0.000494354
8910.0 0.000668784
8915.0 0.00013939
8920.0 0.000232639
8925.0 0.000469436
8930.0 7.14e-05
8935.0 0.001367481
8940.0 -0.000221152
8945.0 -0.000278628
8950.0 -0.000190066
8955.0 0.00105818
8960.0 0.001058678
8965.0 -0.000155979
8970.0 0.000937795
8975.0 -0.000213812
8980.0 -0.000636498
8985.0 -0.001426084
8990.0 -0.001992018
8995.0 -0.002163207
9000.0 -0.001157535
9005.0 -0.001090164
9010.0 -0.001277767
9015.0 -0.001914436
9020.0 -0.001444365
9025.0 -0.001910929
9030.0 -0.001402709
9035.0 -0.00119493
9040.0 -0.001777435
9045.0 -0.000833455
9050.0 -0.001042591
9055.0 -0.001438181
9060.0 -0.002037186
9065.0 -0.001650837
9070.0 -0.001510975
9075.0 -0.001891782
9080.0 -0.001892668
9085.0 -0.00084868
9090.0 -0.001886523
9095.0 -0.001652831
9100.0 -0.001809875
9105.0 -0.00140951
9110.0 -0.001847626
9115.0 -0.001069343
9120.0 -0.00151018
9125.0 -0.001410945
9130.0 -0.001405529
9135.0 -0.000652724
9140.0 -0.001576348
9145.0 -0.00136481
9150.0 -0.001927079
9155.0 -0.001821354
9160.0 -0.002061687
9165.0 -0.001474383
9170.0 -0.001148066
9175.0 -0.001163801
9180.0 -0.001715763
9185.0 -0.001611578
9190.0 -0.00121009
9195.0 -0.001342561
9200.0 -0.001459216
9205.0 -0.001425544
9210.0 -0.001811853
9215.0 -0.001853302
9220.0 -0.001088425
9225.0 -0.001719588
9230.0 -0.00124397
9235.0 -0.001594173
9240.0 -0.001773317
9245.0 -0.001810769
9250.0 -0.00132946
9255.0 -0.001570605
9260.0 -0.001717599
9265.0 -0.001632937
9270.0 -0.001156929
9275.0 -0.001776322
9280.0 -0.001815315
9285.0 -0.001576229
9290.0 -0.001616988
9295.0 -0.001440594
9300.0 -0.002151544
9305.0 -0.001947266
9310.0 -0.001959581
9315.0 -0.002141264
9320.0 -0.001148815
9325.0 -0.001956054
9330.0 -0.001533021
9335.0 -0.001392606
9340.0 -0.001051892
9345.0 -0.001984604
9350.0 -0.001324181
9355.0 -0.002027832
9360.0 -0.00204118
9365.0 -0.001683183
9370.0 -0.00078429
9375.0 -0.001616065
9380.0 -0.00191151
9385.0 -0.001202309
9390.0 -0.001292183
9395.0 -0.001559022
9400.0 -0.001759148
9405.0 -0.001332636
9410.0 -0.002021643
9415.0 -0.001271615
9420.0 -0.001348369
9425.0 -0.001347771
9430.0 -0.001139775
9435.0 -0.001884771
9440.0 -0.001608681
9445.0 -0.00215774
9450.0 -0.002013793
9455.0 -0.001550937
9460.0 -0.001969108
9465.0 -0.000967121
9470.0 -0.000876605
9475.0 -0.001752665
9480.0 -0.001662327
9485.0 -0.001179013
9490.0 -0.000976248
9495.0 -0.001294064
9500.0 -0.001428304
9505.0 -0.00220358
9510.0 -0.001197598
9515.0 -0.001751298
9520.0 -0.001890018
9525.0 -0.001533638
9530.0 -0.001860109
9535.0 -0.002037846
9540.0 -0.001267793
9545.0 -0.001252375
9550.0 -0.001445752
9555.0 -0.001369687
9560.0 -0.001061475
9565.0 -0.001093062
9570.0 -0.000997351
9575.0 -0.00144108
9580.0 -0.001161818
9585.0 -0.000903841
9590.0 -0.001277272
9595.0 -0.001123907
9600.0 -0.00150386
9605.0 -0.001549182
9610.0 -0.001836627
9615.0 -0.002066994
9620.0 -0.000849915
9625.0 -0.00142915
9630.0 -0.001899053
9635.0 -0.00176245
9640.0 -0.001166324
9645.0 -0.001447338
9650.0 -0.001450832
9655.0 -0.001790383
9660.0 -0.001536343
9665.0 -0.001863132
9670.0 -0.000749389
9675.0 -0.001590607
9680.0 -0.001010889
9685.0 -0.001483025
9690.0 -0.001854438
9695.0 -0.001212241
9700.0 -0.00132879
9705.0 -0.000802425
9710.0 -0.001332205
9715.0 -0.001958879
9720.0 -0.001165154
9725.0 -0.00112896
9730.0 -0.00133597
9735.0 -0.001272175
9740.0 -0.00184139
9745.0 -0.002227513
9750.0 -0.001357342
9755.0 -0.001495202
9760.0 -0.000768909
9765.0 -0.001432255
9770.0 -0.001920888
9775.0 -0.001661719
9780.0 -0.001225684
9785.0 -0.001408326
9790.0 -0.001587012
9795.0 -0.002125287
9800.0 -0.001458043
9805.0 -0.001933765
9810.0 -0.001194768
9815.0 -0.001185523
9820.0 -0.001910146
9825.0 -0.001597259
9830.0 -0.001078695
9835.0 -0.001050987
9840.0 -0.001989039
9845.0 -0.001457902
9850.0 -0.001450505
9855.0 -0.001074308
9860.0 -0.001863973
9865.0 -0.001425847
9870.0 -0.001724855
9875.0 -0.001245472
9880.0 -0.001810127
9885.0 -0.001760495
9890.0 -0.001890525
9895.0 -0.001860608
9900.0 -0.001275507
9905.0 -0.002014337
9910.0 -0.001117031
9915.0 -0.001040818
9920.0 -0.002017664
9925.0 -0.001610276
9930.0 -0.001692452
9935.0 -0.001005794
9940.0 -0.001187468
9945.0 -0.001531786
9950.0 -0.001891888
9955.0 -0.001366175
9960.0 -0.001613913
9965.0 -0.001312082
9970.0 -0.001718157
9975.0 -0.001049071
9980.0 -0.001195923
9985.0 -0.001851137
9990.0 -0.00073073
9995.0 -0.001767327
10000.0 -0.001329499
10005.0 -0.001852938
10010.0 -0.001625889
10015.0 -0.001542153
10020.0 -0.002216935
10025.0 -0.001569647
10030.0 -0.001242097
10035.0 -0.001862636
10040.0 -0.001930597
10045.0 -0.001999761
10050.0 -0.002250853
10055.0 -0.001482148
10060.0 -0.001537369
10065.0 -0.001944738
10070.0 -0.00244838
10075.0 -0.001271588
10080.0 -0.000982307
10085.0 -0.001427388
10090.0 -0.001841094
10095.0 -0.001726617
10100.0 -0.001213429
10105.0 -0.001361479
10110.0 -0.000856611
10115.0 -0.002157987
10120.0 -0.001146868
10125.0 -0.001967965
10130.0 -0.002148357
10135.0 -0.001107583
10140.0 -0.000749815
10145.0 -0.001425933
10150.0 -0.001664646
10155.0 -0.001241352
10160.0 -0.001865046
10165.0 -0.001754537
10170.0 -0.001359526
10175.0 -0.001599137
10180.0 -0.002075111
10185.0 -0.001296261
10190.0 -0.001769066
10195.0 -0.001008879
10200.0 -0.000471596
10205.0 -0.002093751
10210.0 -0.001637504
10215.0 -0.001802962
10220.0 -0.002115826
10225.0 -0.00215113
10230.0 -0.001038103
10235.0 -0.001181149
10240.0 -0.001704128
10245.0 -0.001785187
10250.0 -0.001056527
10255.0 -0.001966147
10260.0 -0.001370016
10265.0 -0.001397178
10270.0 -0.002005647
10275.0 -0.001523437
10280.0 -0.00197955
10285.0 -0.00148626
10290.0 -0.001508875
10295.0 -0.001812346
10300.0 -0.001480144
10305.0 -0.00181615
10310.0 -0.001745961
10315.0 -0.001454483
10320.0 -0.00178273
10325.0 -0.00185346
10330.0 -0.000769971
10335.0 -0.001359447
10340.0 -0.00140314
10345.0 -0.001129182
10350.0 -0.001202304
10355.0 -0.001328033
10360.0 -0.001575858
10365.0 -0.001005627
10370.0 -0.000350961
10375.0 -0.00179713
10380.0 -0.001479122
10385.0 -0.001783871
10390.0 -0.001595122
10395.0 -0.001412589
10400.0 -0.002133904
10405.0 -0.00208232
10410.0 -0.00151682
10415.0 -0.001534402
10420.0 -0.001247225
10425.0 -0.001729156
10430.0 -0.001255133
10435.0 -0.001673662
10440.0 -0.002102084
10445.0 -0.001951737
10450.0 -0.001990596
10455.0 -0.001380239
10460.0 -0.001735133
10465.0 -0.001891789
10470.0 -0.001919049
10475.0 -0.001684948
10480.0 -0.00193939
10485.0 -0.001657532
10490.0 -0.001358903
10495.0 -0.000978577
10500.0 -0.00245398
10505.0 -0.001588075
10510.0 -0.001504288
10515.0 -0.001126721
10520.0 -0.000951967
10525.0 -0.001092725
10530.0 -0.001344631
10535.0 -0.000670321
10540.0 -0.001799372
10545.0 -0.001177259
10550.0 -0.000751007
10555.0 -0.00079368
10560.0 -0.001269887
10565.0 -0.00071482
10570.0 -0.001722283
10575.0 -0.001946002
10580.0 -0.001276434
10585.0 -0.000643329
10590.0 -0.001084148
10595.0 -0.001448513
10600.0 -0.001529329
10605.0 -0.001464874
10610.0 -0.001761098
10615.0 -0.001144749
10620.0 -0.001588299
10625.0 -0.001223312
10630.0 -0.001239395
10635.0 -0.001579041
10640.0 -0.001194042
10645.0 -0.001735256
10650.0 -0.001910469
10655.0 -0.001289986
10660.0 -0.000894002
10665.0 -0.000740557
10670.0 -0.001105204
10675.0 -0.001580614
10680.0 -0.00099642
10685.0 -0.00141171
10690.0 -0.001256539
10695.0 -0.001814295
10700.0 -0.001687459
10705.0 -0.000942992
10710.0 -0.001233108
10715.0 -0.000820119
10720.0 -0.000329846
10725.0 -0.000691107
10730.0 -0.001258074
10735.0 -7.79e-06
10740.0 -0.000735241
10745.0 -0.00069421
10750.0 -0.000798456
10755.0 -0.000765304
10760.0 -0.0009415
10765.0 -0.000210894
10770.0 -0.00109883
10775.0 -0.000770011
10780.0 -0.0005202
10785.0 -0.000799956
10790.0 -0.000788733
10795.0 -0.000689672
10800.0 -0.000612775
10805.0 -0.001272285
10810.0 -0.001199886
10815.0 -0.000157725
10820.0 -0.00044184
10825.0 -0.000769426
10830.0 -0.001217094
10835.0 -0.000161403
10840.0 -0.00043295
10845.0 0.000344029
10850.0 -0.000877958
10855.0 -0.000579678
10860.0 -0.000730557
10865.0 -0.000124283
10870.0 -0.000555572
10875.0 -0.001416917
10880.0 -0.000543912
10885.0 -0.00054406
10890.0 -0.000602692
10895.0 -0.001177644
10900.0 -0.001134664
10905.0 -0.001271397
10910.0 -0.000159873
10915.0 -0.000731943
10920.0 -0.001289524
10925.0 -0.000378167
10930.0 -0.000968427
10935.0 -0.000482728
10940.0 -0.000174402
10945.0 -0.000830398
10950.0 -4.52e-05
10955.0 -0.000336248
10960.0 -0.000570519
10965.0 -0.000604514
10970.0 8.3e-05
10975.0 -0.000515145
10980.0 -0.000597393
10985.0 0.000118931
10990.0 -0.000424316
10995.0 -0.000115166
11000.0 -0.000280044