  10800  -0.0041
  10806  -0.0029
  10812  -0.0017
  10818  -0.0006
  10824  -0.0003
  10830  -0.0005
  10836  -0.0000
  10842   0.0008
  10848   0.0015
  10854   0.0020
  10860   0.0021
  10866   0.0021
  10872   0.0023
  10878   0.0022
  10884   0.0022
  10890   0.0023
  10896   0.0025
  10902   0.0024
  10908   0.0025
  10914   0.0026
  10920   0.0027
  10926   0.0027
  10932   0.0027
  10938   0.0025
  10944   0.0025
  10950   0.0026
  10956   0.0026
  10962   0.0026
  10968   0.0028
  10974   0.0030
  10980   0.0030
  10986   0.0031
  10992   0.0031
  10998   0.0033
  11004   0.0039
  11010   0.0039
  11016   0.0035
  11022   0.0034
  11028   0.0035
  11034   0.0035
  11040   0.0036
  11046   0.0036
  11052   0.0037
  11058   0.0037
  11064   0.0038
  11070   0.0038
  11076   0.0039
  11082   0.0039
  11088   0.0040
  11094   0.0041
  11100   0.0041
  11106   0.0041
  11112   0.0042
  11118   0.0043
  11124   0.0044
  11130   0.0043
  11136   0.0044
  11142   0.0047
  11148   0.0045
  11154   0.0047
  11160   0.0050
  11166   0.0013
  11172   0.0035
  11178   0.0052
  11184   0.0050
  11190   0.0051
  11196   0.0051
  11202   0.0052
  11208   0.0053
  11214   0.0053
  11220   0.0053
  11226   0.0055
  11232   0.0055
  11238   0.0054
  11244   0.0057
  11250   0.0058
  11256   0.0059
  11262   0.0059
  11268   0.0060
  11274   0.0061
  11280   0.0062
  11286   0.0062
  11292   0.0064
  11298   0.0065
  11304   0.0066
  11310   0.0067
  11316   0.0068
  11322   0.0067
  11328   0.0069
  11334   0.0072
  11340   0.0072
  11346   0.0072
  11352   0.0074
  11358   0.0076
  11364   0.0076
  11370   0.0077
  11376   0.0079
  11382   0.0081
  11388   0.0081
  11394   0.0083
  11400   0.0085
  11406   0.0085
  11412   0.0087
  11418   0.0090
  11424   0.0093
  11430   0.0095
  11436   0.0097
  11442   0.0099
  11448   0.0101
  11454   0.0105
  11460   0.0108
  11466   0.0112
  11472   0.0116
  11478   0.0121
  11484   0.0124
  11490   0.0128
  11496   0.0135
  11502   0.0142
  11508   0.0148
  11514   0.0156
  11520   0.0165
  11526   0.0174
  11532   0.0183
  11538   0.0194
  11544   0.0207
  11550   0.0222
  11556   0.0241
  11562   0.0263
  11568   0.0283
  11574   0.0306
  11580   0.0330
  11586   0.0358
  11592   0.0389
  11598   0.0424
  11604   0.0462
  11610   0.0506
  11616   0.0559
  11622   0.0618
  11628   0.0686
  11634   0.0763
  11640   0.0851
  11646   0.0951
  11652   0.1067
  11658   0.1201
  11664   0.1351
  11670   0.1525
  11676   0.1728
  11682   0.1960
  11688   0.2222
  11694   0.2516
  11700   0.2844
  11706   0.3206
  11712   0.3603
  11718   0.4022
  11724   0.4466
  11730   0.4919
  11736   0.5380
  11742   0.5837
  11748   0.6268
  11754   0.6667
  11760   0.7030
  11766   0.7340
  11772   0.7594
  11778   0.7802
  11784   0.7957
  11790   0.8065
  11796   0.8127
  11802   0.8153
  11808   0.8160
  11814   0.8144
  11820   0.8110
  11826   0.8071
  11832   0.8030
  11838   0.7984
  11844   0.7944
  11850   0.7911
  11856   0.7885
  11862   0.7860
  11868   0.7843
  11874   0.7834
  11880   0.7830
  11886   0.7828
  11892   0.7842
  11898   0.7853
  11904   0.7869
  11910   0.7887
  11916   0.7912
  11922   0.7936
  11928   0.7962
  11934   0.7990
  11940   0.8022
  11946   0.8049
  11952   0.8081
  11958   0.8119
  11964   0.8150
  11970   0.8181
  11976   0.8216
  11982   0.8251
  11988   0.8281
  11994   0.8314
  12000   0.8347
  12006   0.8383
  12012   0.8413
  12018   0.8438
  12024   0.8460
  12030   0.8485
  12036   0.8515
  12042   0.8543
  12048   0.8574
  12054   0.8596
  12060   0.8608
  12066   0.8620
  12072   0.8633
  12078   0.8647
  12084   0.8655
  12090   0.8661
  12096   0.8665
  12102   0.8673
  12108   0.8676
  12114   0.8665
  12120   0.8654
  12126   0.8648
  12132   0.8645
  12138   0.8634
  12144   0.8616
  12150   0.8598
  12156   0.8586
  12162   0.8577
  12168   0.8566
  12174   0.8550
  12180   0.8539
  12186   0.8527
  12192   0.8515
  12198   0.8507
  12204   0.8495
  12210   0.8485
  12216   0.8478
  12222   0.8475
  12228   0.8475
  12234   0.8472
  12240   0.8470
  12246   0.8470
  12252   0.8474
  12258   0.8477
  12264   0.8483
  12270   0.8490
  12276   0.8500
  12282   0.8504
  12288   0.8509
  12294   0.8519
  12300   0.8528
  12306   0.8535
  12312   0.8544
  12318   0.8552
  12324   0.8554
  12330   0.8564
  12336   0.8575
  12342   0.8572
  12348   0.8570
  12354   0.8572
  12360   0.8577
  12366   0.8579
  12372   0.8580
  12378   0.8581
  12384   0.8578
  12390   0.8579
  12396   0.8590
  12402   0.8580
  12408   0.8563
  12414   0.8568
  12420   0.8574
  12426   0.8581
  12432   0.8603
  12438   0.8596
  12444   0.8563
  12450   0.8580
  12456   0.8590
  12462   0.8592
  12468   0.8600
  12474   0.8614
  12480   0.8644
  12486   0.8647
  12492   0.8633
  12498   0.8646
  12504   0.8673
  12510   0.8685
  12516   0.8697
  12522   0.8708
  12528   0.8721
  12534   0.8734
  12540   0.8747
  12546   0.8760
  12552   0.8772
  12558   0.8783
  12564   0.8795
  12570   0.8804
  12576   0.8815
  12582   0.8824
  12588   0.8835
  12594   0.8837
  12600   0.8846
  12606   0.8855
  12612   0.8865
  12618   0.8874
  12624   0.8880
  12630   0.8887
  12636   0.8890
  12642   0.8895
  12648   0.8905
  12654   0.8912
  12660   0.8917
  12666   0.8920
  12672   0.8924
  12678   0.8931
  12684   0.8933
  12690   0.8941
  12696   0.8950
  12702   0.8950
  12708   0.8949
  12714   0.8957
  12720   0.8966
  12726   0.8973
  12732   0.8980
  12738   0.8984
  12744   0.8991
  12750   0.8998
  12756   0.9004
  12762   0.9012
  12768   0.9022
  12774   0.9027
  12780   0.9032
  12786   0.9035
  12792   0.9046
  12798   0.9055
  12804   0.9042
  12810   0.9035
  12816   0.9037
  12822   0.9042
  12828   0.9039
  12834   0.9035
  12840   0.9028
  12846   0.9021
  12852   0.9009
  12858   0.8999
  12864   0.8984
  12870   0.8968
  12876   0.8955
  12882   0.8939
  12888   0.8920
  12894   0.8906
  12900   0.8884
  12906   0.8856
  12912   0.8840
  12918   0.8822
  12924   0.8801
  12930   0.8778
  12936   0.8752
  12942   0.8736
  12948   0.8745
  12954   0.8727
  12960   0.8658
  12966   0.8635
  12972   0.8642
  12978   0.8636
  12984   0.8621
  12990   0.8614
  12996   0.8608
  13002   0.8606
  13008   0.8594
  13014   0.8579
  13020   0.8580
  13026   0.8581
  13032   0.8584
  13038   0.8583
  13044   0.8581
  13050   0.8587
  13056   0.8588
  13062   0.8598
  13068   0.8597
  13074   0.8597
  13080   0.8597
  13086   0.8600
  13092   0.8598
  13098   0.8598
  13104   0.8596
  13110   0.8587
  13116   0.8574
  13122   0.8558
  13128   0.8542
  13134   0.8531
  13140   0.8511
  13146   0.8490
  13152   0.8469
  13158   0.8440
  13164   0.8411
  13170   0.8384
  13176   0.8361
  13182   0.8337
  13188   0.8312
  13194   0.8286
  13200   0.8265
  13206   0.8252
  13212   0.8223
  13218   0.8189
  13224   0.8167
  13230   0.8136
  13236   0.8094
  13242   0.8069
  13248   0.8035
  13254   0.7990
  13260   0.7939
  13266   0.7881
  13272   0.7782
  13278   0.7650
  13284   0.7514
  13290   0.7355
  13296   0.7157
  13302   0.6929
  13308   0.6663
  13314   0.6355
  13320   0.6016
  13326   0.5666
  13332   0.5295
  13338   0.4906
  13344   0.4512
  13350   0.4121
  13356   0.3748
  13362   0.3392
  13368   0.3063
  13374   0.2742
  13380   0.2431
  13386   0.2166
  13392   0.1921
  13398   0.1693
  13404   0.1504
  13410   0.1335
  13416   0.1187
  13422   0.1057
  13428   0.0942
  13434   0.0843
  13440   0.0756
  13446   0.0679
  13452   0.0612
  13458   0.0555
  13464   0.0504
  13470   0.0459
  13476   0.0419
  13482   0.0385
  13488   0.0355
  13494   0.0327
  13500   0.0300
  13506   0.0278
  13512   0.0261
  13518   0.0246
  13524   0.0231
  13530   0.0217
  13536   0.0205
  13542   0.0195
  13548   0.0185
  13554   0.0176
  13560   0.0168
  13566   0.0159
  13572   0.0152
  13578   0.0147
  13584   0.0141
  13590   0.0136
  13596   0.0131
  13602   0.0127
  13608   0.0123
  13614   0.0119
  13620   0.0115
  13626   0.0112
  13632   0.0108
  13638   0.0105
  13644   0.0102
  13650   0.0100
  13656   0.0098
  13662   0.0094
  13668   0.0092
  13674   0.0090
  13680   0.0088
  13686   0.0087
  13692   0.0084
  13698   0.0083
  13704   0.0083
  13710   0.0079
  13716   0.0075
  13722   0.0074
  13728   0.0075
  13734   0.0074
  13740   0.0074
  13746   0.0072
  13752   0.0071
  13758   0.0070
  13764   0.0067
  13770   0.0056
  13776   0.0068
  13782   0.0069
  13788   0.0067
  13794   0.0064
  13800   0.0063
  13806   0.0064
  13812   0.0063
  13818   0.0061
  13824   0.0061
  13830   0.0060
  13836   0.0058
  13842   0.0058
  13848   0.0057
  13854   0.0055
  13860   0.0054
  13866   0.0054
  13872   0.0054
  13878   0.0053
  13884   0.0053
  13890   0.0053
  13896   0.0053
  13902   0.0051
  13908   0.0050
  13914   0.0051
  13920   0.0051
  13926   0.0049
  13932   0.0049
  13938   0.0048
  13944   0.0047
  13950   0.0045
  13956   0.0045
  13962   0.0044
  13968   0.0042
  13974   0.0041
  13980   0.0041
  13986   0.0039
  13992   0.0039
  13998   0.0038
  14004   0.0037
  14010   0.0034
  14016   0.0034
  14022   0.0033
  14028   0.0033
  14034   0.0032
  14040   0.0032
  14046   0.0030
  14052   0.0029
  14058   0.0028
  14064   0.0030
  14070   0.0028
  14076   0.0024
  14082   0.0025
  14088   0.0026
  14094   0.0027
  14100   0.0026
  14106   0.0026
  14112   0.0025
  14118   0.0025
  14124   0.0026
  14130   0.0026
  14136   0.0025
  14142   0.0024
  14148   0.0024
  14154   0.0024
  14160   0.0024
  14166   0.0022
  14172   0.0021
  14178   0.0021
  14184   0.0020
  14190   0.0018
  14196   0.0016
  14202   0.0014
  14208   0.0014
  14214   0.0012
  14220   0.0011
  14226   0.0010
  14232   0.0009
  14238   0.0009
  14244   0.0007
  14250   0.0008
  14256  -0.0001
  14262  -0.0009
  14268  -0.0002
  14274   0.0004
  14280   0.0001
  14286  -0.0001
  14292  -0.0001
  14298  -0.0001
  14304  -0.0003
  14310  -0.0003
  14316  -0.0002
  14322  -0.0003
  14328  -0.0006
  14334  -0.0008
  14340  -0.0007
  14346  -0.0002
  14352  -0.0001
  14358  -0.0005
  14364  -0.0009
  14370  -0.0009
  14376  -0.0010
  14382  -0.0016
  14388  -0.0012
  14394  -0.0018
