14273.000000 0.004100
14280.000000 0.004300
14287.000000 0.004500
14294.000000 0.004800
14301.000000 0.005000
14308.000000 0.005200
14315.000000 0.005400
14322.000000 0.005600
14329.000000 0.006000
14336.000000 0.006400
14343.000000 0.006700
14350.000000 0.006900
14357.000000 0.007300
14364.000000 0.007400
14371.000000 0.007500
14378.000000 0.007900
14385.000000 0.008600
14392.000000 0.009500
14399.000000 0.010500
14406.000000 0.010100
14413.000000 0.010800
14420.000000 0.011400
14427.000000 0.012000
14434.000000 0.012500
14441.000000 0.012900
14448.000000 0.013400
14455.000000 0.014000
14462.000000 0.014700
14469.000000 0.015500
14476.000000 0.016400
14483.000000 0.017300
14490.000000 0.018500
14497.000000 0.019800
14504.000000 0.021100
14511.000000 0.022400
14518.000000 0.023600
14525.000000 0.025200
14532.000000 0.027000
14539.000000 0.029000
14546.000000 0.031300
14553.000000 0.034000
14560.000000 0.036800
14567.000000 0.039700
14574.000000 0.042900
14581.000000 0.046400
14588.000000 0.050300
14595.000000 0.054500
14602.000000 0.059000
14609.000000 0.064100
14616.000000 0.069600
14623.000000 0.075600
14630.000000 0.082200
14637.000000 0.089300
14644.000000 0.097000
14651.000000 0.105200
14658.000000 0.114000
14665.000000 0.123500
14672.000000 0.133500
14679.000000 0.144200
14686.000000 0.155400
14693.000000 0.167300
14700.000000 0.179600
14707.000000 0.192600
14714.000000 0.206000
14721.000000 0.219800
14728.000000 0.234200
14735.000000 0.248800
14742.000000 0.263900
14749.000000 0.279100
14756.000000 0.294700
14763.000000 0.310500
14770.000000 0.326700
14777.000000 0.342900
14784.000000 0.359300
14791.000000 0.376000
14798.000000 0.392600
14805.000000 0.409600
14812.000000 0.426600
14819.000000 0.443400
14826.000000 0.460400
14833.000000 0.477200
14840.000000 0.494100
14847.000000 0.510900
14854.000000 0.527800
14861.000000 0.544400
14868.000000 0.560900
14875.000000 0.577100
14882.000000 0.593100
14889.000000 0.608700
14896.000000 0.623800
14903.000000 0.638700
14910.000000 0.652900
14917.000000 0.666700
14924.000000 0.680000
14931.000000 0.692700
14938.000000 0.704700
14945.000000 0.716200
14952.000000 0.726900
14959.000000 0.736900
14966.000000 0.746200
14973.000000 0.754800
14980.000000 0.762800
14987.000000 0.770200
14994.000000 0.776900
15001.000000 0.783000
15008.000000 0.788600
15015.000000 0.793700
15022.000000 0.798300
15029.000000 0.802500
15036.000000 0.806400
15043.000000 0.809700
15050.000000 0.812900
15057.000000 0.815900
15064.000000 0.818500
15071.000000 0.820900
15078.000000 0.823200
15085.000000 0.825300
15092.000000 0.827200
15099.000000 0.829100
15106.000000 0.830800
15113.000000 0.832200
15120.000000 0.833600
15127.000000 0.835000
15134.000000 0.836300
15141.000000 0.837400
15148.000000 0.838400
15155.000000 0.839400
15162.000000 0.840200
15169.000000 0.840900
15176.000000 0.841400
15183.000000 0.841800
15190.000000 0.842100
15197.000000 0.842200
15204.000000 0.842100
15211.000000 0.841800
15218.000000 0.841500
15225.000000 0.841100
15232.000000 0.840500
15239.000000 0.839800
15246.000000 0.839000
15253.000000 0.837900
15260.000000 0.836900
15267.000000 0.835800
15274.000000 0.834500
15281.000000 0.833100
15288.000000 0.831700
15295.000000 0.830200
15302.000000 0.828700
15309.000000 0.827200
15316.000000 0.825600
15323.000000 0.824000
15330.000000 0.822500
15337.000000 0.820900
15344.000000 0.819400
15351.000000 0.817900
15358.000000 0.816600
15365.000000 0.815300
15372.000000 0.814000
15379.000000 0.812900
15386.000000 0.811900
15393.000000 0.811000
15400.000000 0.810100
15407.000000 0.809300
15414.000000 0.808700
15421.000000 0.808400
15428.000000 0.808100
15435.000000 0.807800
15442.000000 0.807800
15449.000000 0.807900
15456.000000 0.808100
15463.000000 0.808500
15470.000000 0.809000
15477.000000 0.809500
15484.000000 0.810200
15491.000000 0.811000
15498.000000 0.811800
15505.000000 0.812700
15512.000000 0.813800
15519.000000 0.814900
15526.000000 0.816200
15533.000000 0.817400
15540.000000 0.818800
15547.000000 0.820200
15554.000000 0.821500
15561.000000 0.822800
15568.000000 0.824100
15575.000000 0.825400
15582.000000 0.826700
15589.000000 0.828000
15596.000000 0.829200
15603.000000 0.830500
15610.000000 0.831700
15617.000000 0.832900
15624.000000 0.834100
15631.000000 0.835200
15638.000000 0.836300
15645.000000 0.837300
15652.000000 0.838200
15659.000000 0.839100
15666.000000 0.839900
15673.000000 0.840700
15680.000000 0.841400
15687.000000 0.842000
15694.000000 0.842600
15701.000000 0.843100
15708.000000 0.843600
15715.000000 0.844000
15722.000000 0.844300
15729.000000 0.844600
15736.000000 0.844900
15743.000000 0.845000
15750.000000 0.844900
15757.000000 0.844900
15764.000000 0.845000
15771.000000 0.844900
15778.000000 0.845000
15785.000000 0.845300
15792.000000 0.845500
15799.000000 0.845500
15806.000000 0.845500
15813.000000 0.845600
15820.000000 0.845600
15827.000000 0.845700
15834.000000 0.845700
15841.000000 0.845800
15848.000000 0.845900
15855.000000 0.845900
15862.000000 0.846100
15869.000000 0.846200
15876.000000 0.846300
15883.000000 0.846500
15890.000000 0.846800
15897.000000 0.847100
15904.000000 0.847300
15911.000000 0.847500
15918.000000 0.847800
15925.000000 0.848100
15932.000000 0.848400
15939.000000 0.848800
15946.000000 0.849200
15953.000000 0.849700
15960.000000 0.850200
15967.000000 0.850600
15974.000000 0.851100
15981.000000 0.851500
15988.000000 0.852000
15995.000000 0.852500
16002.000000 0.853100
16009.000000 0.853600
16016.000000 0.854100
16023.000000 0.854700
16030.000000 0.855300
16037.000000 0.855800
16044.000000 0.856400
16051.000000 0.857000
16058.000000 0.857600
16065.000000 0.858100
16072.000000 0.858600
16079.000000 0.859200
16086.000000 0.859900
16093.000000 0.860600
16100.000000 0.861200
16107.000000 0.861900
16114.000000 0.862400
16121.000000 0.863000
16128.000000 0.863700
16135.000000 0.864300
16142.000000 0.865000
16149.000000 0.865600
16156.000000 0.866200
16163.000000 0.866800
16170.000000 0.867400
16177.000000 0.868100
16184.000000 0.868600
16191.000000 0.869100
16198.000000 0.869700
16205.000000 0.870200
16212.000000 0.870700
16219.000000 0.871100
16226.000000 0.871400
16233.000000 0.871800
16240.000000 0.872100
16247.000000 0.872400
16254.000000 0.872600
16261.000000 0.872800
16268.000000 0.873100
16275.000000 0.873200
16282.000000 0.873300
16289.000000 0.873300
16296.000000 0.873400
16303.000000 0.873300
16310.000000 0.873100
16317.000000 0.872900
16324.000000 0.872500
16331.000000 0.872100
16338.000000 0.871600
16345.000000 0.871200
16352.000000 0.870700
16359.000000 0.870100
16366.000000 0.869500
16373.000000 0.868700
16380.000000 0.867800
16387.000000 0.866900
16394.000000 0.866100
16401.000000 0.865200
16408.000000 0.864400
16415.000000 0.863600
16422.000000 0.862800
16429.000000 0.861800
16436.000000 0.860800
16443.000000 0.859800
16450.000000 0.858600
16457.000000 0.857400
16464.000000 0.856100
16471.000000 0.854800
16478.000000 0.853400
16485.000000 0.852000
16492.000000 0.850600
16499.000000 0.849100
16506.000000 0.847700
16513.000000 0.846400
16520.000000 0.845000
16527.000000 0.843600
16534.000000 0.842200
16541.000000 0.840800
16548.000000 0.839400
16555.000000 0.838100
16562.000000 0.836800
16569.000000 0.835500
16576.000000 0.834200
16583.000000 0.832900
16590.000000 0.831700
16597.000000 0.830500
16604.000000 0.829500
16611.000000 0.828400
16618.000000 0.827400
16625.000000 0.826500
16632.000000 0.825800
16639.000000 0.825000
16646.000000 0.824300
16653.000000 0.823700
16660.000000 0.822900
16667.000000 0.822100
16674.000000 0.821400
16681.000000 0.820800
16688.000000 0.820300
16695.000000 0.819900
16702.000000 0.819600
16709.000000 0.819400
16716.000000 0.819100
16723.000000 0.819000
16730.000000 0.818900
16737.000000 0.818800
16744.000000 0.818700
16751.000000 0.818600
16758.000000 0.818600
16765.000000 0.818700
16772.000000 0.819000
16779.000000 0.819200
16786.000000 0.819500
16793.000000 0.819800
16800.000000 0.820200
16807.000000 0.820500
16814.000000 0.821000
16821.000000 0.821400
16828.000000 0.821900
16835.000000 0.822400
16842.000000 0.822800
16849.000000 0.823300
16856.000000 0.823800
16863.000000 0.824300
16870.000000 0.824700
16877.000000 0.825300
16884.000000 0.825800
16891.000000 0.826300
16898.000000 0.827000
16905.000000 0.827700
16912.000000 0.828300
16919.000000 0.829000
16926.000000 0.829700
16933.000000 0.830200
16940.000000 0.830600
16947.000000 0.831200
16954.000000 0.831400
16961.000000 0.831600
16968.000000 0.831700
16975.000000 0.832000
16982.000000 0.832300
16989.000000 0.832300
16996.000000 0.832200
17003.000000 0.832300
17010.000000 0.832400
17017.000000 0.832400
17024.000000 0.832500
17031.000000 0.832600
17038.000000 0.832500
17045.000000 0.832400
17052.000000 0.832100
17059.000000 0.831900
17066.000000 0.831600
17073.000000 0.831200
17080.000000 0.830700
17087.000000 0.830100
17094.000000 0.829400
17101.000000 0.828600
17108.000000 0.827700
17115.000000 0.826900
17122.000000 0.826000
17129.000000 0.825000
17136.000000 0.824100
17143.000000 0.823100
17150.000000 0.822000
17157.000000 0.820800
17164.000000 0.819700
17171.000000 0.818700
17178.000000 0.817700
17185.000000 0.816600
17192.000000 0.815500
17199.000000 0.814500
17206.000000 0.813400
17213.000000 0.812300
17220.000000 0.811200
17227.000000 0.810100
17234.000000 0.809100
17241.000000 0.808100
17248.000000 0.807100
17255.000000 0.806100
17262.000000 0.805100
17269.000000 0.804100
17276.000000 0.803300
17283.000000 0.802400
17290.000000 0.801600
17297.000000 0.800900
17304.000000 0.800300
17311.000000 0.799600
17318.000000 0.799100
17325.000000 0.798700
17332.000000 0.798300
17339.000000 0.798000
17346.000000 0.797800
17353.000000 0.797700
17360.000000 0.797600
17367.000000 0.797600
17374.000000 0.797800
17381.000000 0.797800
17388.000000 0.798000
17395.000000 0.798300
17402.000000 0.798600
17409.000000 0.798800
17416.000000 0.799200
17423.000000 0.799700
17430.000000 0.800200
17437.000000 0.800700
17444.000000 0.801200
17451.000000 0.801700
17458.000000 0.802200
17465.000000 0.802600
17472.000000 0.803000
17479.000000 0.803200
17486.000000 0.803400
17493.000000 0.803600
17500.000000 0.803800
17507.000000 0.804000
17514.000000 0.804200
17521.000000 0.804200
17528.000000 0.804000
17535.000000 0.803700
17542.000000 0.803200
17549.000000 0.802500
17556.000000 0.801600
17563.000000 0.800500
17570.000000 0.799100
17577.000000 0.797500
17584.000000 0.795600
17591.000000 0.793500
17598.000000 0.790900
17605.000000 0.787900
17612.000000 0.784600
17619.000000 0.780800
17626.000000 0.776300
17633.000000 0.771300
17640.000000 0.765600
17647.000000 0.759100
17654.000000 0.751900
17661.000000 0.743800
17668.000000 0.734700
17675.000000 0.724600
17682.000000 0.713500
17689.000000 0.701100
17696.000000 0.687500
17703.000000 0.672500
17710.000000 0.656200
17717.000000 0.638600
17724.000000 0.619800
17731.000000 0.599800
17738.000000 0.578500
17745.000000 0.556100
17752.000000 0.532800
17759.000000 0.508900
17766.000000 0.484400
17773.000000 0.459400
17780.000000 0.434000
17787.000000 0.408700
17794.000000 0.383700
17801.000000 0.358800
17808.000000 0.334700
17815.000000 0.311500
17822.000000 0.289000
17829.000000 0.267400
17836.000000 0.247100
17843.000000 0.228000
17850.000000 0.209800
17857.000000 0.192800
17864.000000 0.176900
17871.000000 0.162200
17878.000000 0.148600
17885.000000 0.136000
17892.000000 0.124400
17899.000000 0.113900
17906.000000 0.104100
17913.000000 0.095300
17920.000000 0.087100
17927.000000 0.079700
17934.000000 0.073000
17941.000000 0.066900
17948.000000 0.061300
17955.000000 0.056200
17962.000000 0.051600
17969.000000 0.047600
17976.000000 0.043800
17983.000000 0.040300
17990.000000 0.037100
17997.000000 0.034200
18004.000000 0.031000
18011.000000 0.028600
18018.000000 0.026400
18025.000000 0.024400
18032.000000 0.022600
18039.000000 0.020900
18046.000000 0.019400
18053.000000 0.017900
18060.000000 0.016600
18067.000000 0.015400
18074.000000 0.014200
18081.000000 0.013500
18088.000000 0.013500
18095.000000 0.013000
18102.000000 0.012300
18109.000000 0.012400
18116.000000 0.012200
18123.000000 0.011500
18130.000000 0.011100
18137.000000 0.010200
18144.000000 0.008700
18151.000000 0.008000
18158.000000 0.007400
18165.000000 0.006200
18172.000000 0.005400
18179.000000 0.005100
18186.000000 0.004800
18193.000000 0.004500
18200.000000 0.004200
