14633.000000 0.006200
14635.000000 0.010000
14637.000000 0.013900
14639.000000 0.017100
14641.000000 0.018800
14643.000000 0.019800
14646.000000 0.020500
14648.000000 0.020400
14650.000000 0.019200
14652.000000 0.016700
14654.000000 0.013900
14656.000000 0.012400
14658.000000 0.013100
14661.000000 0.015100
14663.000000 0.017000
14665.000000 0.017600
14667.000000 0.016500
14669.000000 0.014400
14671.000000 0.012200
14674.000000 0.010000
14676.000000 0.008500
14678.000000 0.008300
14680.000000 0.009400
14682.000000 0.011900
14684.000000 0.014000
14686.000000 0.014300
14689.000000 0.012400
14691.000000 0.009500
14693.000000 0.007200
14695.000000 0.007300
14697.000000 0.009200
14699.000000 0.011800
14702.000000 0.014200
14704.000000 0.016000
14706.000000 0.017400
14708.000000 0.018700
14710.000000 0.019100
14712.000000 0.018000
14715.000000 0.015400
14717.000000 0.012200
14719.000000 0.009800
14721.000000 0.009200
14723.000000 0.010100
14725.000000 0.012100
14728.000000 0.014400
14730.000000 0.016500
14732.000000 0.018000
14734.000000 0.019100
14736.000000 0.020100
14738.000000 0.021500
14741.000000 0.023500
14743.000000 0.026000
14745.000000 0.028200
14747.000000 0.029300
14749.000000 0.028700
14751.000000 0.026700
14754.000000 0.024400
14756.000000 0.022400
14758.000000 0.021500
14760.000000 0.021800
14762.000000 0.023000
14765.000000 0.025100
14767.000000 0.027300
14769.000000 0.029100
14771.000000 0.029900
14773.000000 0.029500
14775.000000 0.028400
14778.000000 0.027300
14780.000000 0.026700
14782.000000 0.027000
14784.000000 0.028200
14786.000000 0.030400
14789.000000 0.033000
14791.000000 0.035600
14793.000000 0.037400
14795.000000 0.038000
14797.000000 0.037700
14799.000000 0.037600
14802.000000 0.038400
14804.000000 0.040100
14806.000000 0.042000
14808.000000 0.043100
14810.000000 0.043400
14813.000000 0.043300
14815.000000 0.043200
14817.000000 0.043400
14819.000000 0.044200
14821.000000 0.045300
14824.000000 0.047400
14826.000000 0.050200
14828.000000 0.053300
14830.000000 0.055900
14832.000000 0.057500
14835.000000 0.058200
14837.000000 0.059000
14839.000000 0.060100
14841.000000 0.061100
14843.000000 0.061800
14846.000000 0.062300
14848.000000 0.063400
14850.000000 0.066500
14852.000000 0.071400
14854.000000 0.076300
14857.000000 0.079300
14859.000000 0.079000
14861.000000 0.076100
14863.000000 0.073100
14865.000000 0.071400
14868.000000 0.072200
14870.000000 0.075100
14872.000000 0.079000
14874.000000 0.083600
14877.000000 0.088400
14879.000000 0.092800
14881.000000 0.096100
14883.000000 0.098000
14885.000000 0.098400
14888.000000 0.098100
14890.000000 0.097500
14892.000000 0.096900
14894.000000 0.096600
14896.000000 0.097000
14899.000000 0.098600
14901.000000 0.101900
14903.000000 0.106800
14905.000000 0.112600
14908.000000 0.118600
14910.000000 0.124300
14912.000000 0.128800
14914.000000 0.132100
14916.000000 0.134000
14919.000000 0.134900
14921.000000 0.136200
14923.000000 0.138800
14925.000000 0.143100
14928.000000 0.148500
14930.000000 0.154000
14932.000000 0.158400
14934.000000 0.162000
14937.000000 0.165300
14939.000000 0.168500
14941.000000 0.171600
14943.000000 0.174200
14945.000000 0.176100
14948.000000 0.177900
14950.000000 0.180000
14952.000000 0.182900
14954.000000 0.186700
14957.000000 0.190800
14959.000000 0.195000
14961.000000 0.199100
14963.000000 0.203300
14966.000000 0.207700
14968.000000 0.212500
14970.000000 0.217600
14972.000000 0.223000
14975.000000 0.228800
14977.000000 0.235000
14979.000000 0.241500
14981.000000 0.247900
14984.000000 0.253900
14986.000000 0.259100
14988.000000 0.263400
14990.000000 0.267400
14993.000000 0.272100
14995.000000 0.277900
14997.000000 0.284800
14999.000000 0.291800
15002.000000 0.298000
15004.000000 0.302900
15006.000000 0.306800
15008.000000 0.310300
15011.000000 0.313900
15013.000000 0.318200
15015.000000 0.323400
15017.000000 0.329700
15020.000000 0.336800
15022.000000 0.344000
15024.000000 0.350300
15026.000000 0.355300
15029.000000 0.359400
15031.000000 0.363600
15033.000000 0.368800
15035.000000 0.375100
15038.000000 0.382300
15040.000000 0.389800
15042.000000 0.397100
15044.000000 0.404100
15047.000000 0.410000
15049.000000 0.414900
15051.000000 0.419400
15053.000000 0.424500
15056.000000 0.430900
15058.000000 0.438800
15060.000000 0.446400
15063.000000 0.452500
15065.000000 0.457200
15067.000000 0.461600
15069.000000 0.467200
15072.000000 0.474800
15074.000000 0.483000
15076.000000 0.490700
15078.000000 0.497000
15081.000000 0.502200
15083.000000 0.507400
15085.000000 0.512800
15088.000000 0.517700
15090.000000 0.522100
15092.000000 0.526000
15094.000000 0.530000
15097.000000 0.535100
15099.000000 0.541000
15101.000000 0.546800
15103.000000 0.551900
15106.000000 0.555800
15108.000000 0.559400
15110.000000 0.563500
15113.000000 0.568700
15115.000000 0.574900
15117.000000 0.581500
15119.000000 0.587400
15122.000000 0.592400
15124.000000 0.596600
15126.000000 0.600400
15129.000000 0.604100
15131.000000 0.607700
15133.000000 0.611300
15135.000000 0.615100
15138.000000 0.619400
15140.000000 0.624400
15142.000000 0.629700
15145.000000 0.634400
15147.000000 0.637800
15149.000000 0.639700
15152.000000 0.640700
15154.000000 0.641900
15156.000000 0.643900
15158.000000 0.646800
15161.000000 0.650500
15163.000000 0.654800
15165.000000 0.659600
15168.000000 0.664600
15170.000000 0.669600
15172.000000 0.674100
15175.000000 0.677900
15177.000000 0.681200
15179.000000 0.683900
15181.000000 0.686300
15184.000000 0.688500
15186.000000 0.690500
15188.000000 0.693000
15191.000000 0.696000
15193.000000 0.699400
15195.000000 0.702600
15198.000000 0.705100
15200.000000 0.706700
15202.000000 0.708100
15205.000000 0.709700
15207.000000 0.711600
15209.000000 0.713700
15211.000000 0.715800
15214.000000 0.717800
15216.000000 0.719700
15218.000000 0.721400
15221.000000 0.722600
15223.000000 0.723500
15225.000000 0.724300
15228.000000 0.725300
15230.000000 0.726700
15232.000000 0.728300
15235.000000 0.730000
15237.000000 0.731700
15239.000000 0.733300
15242.000000 0.734500
15244.000000 0.735200
15246.000000 0.735700
15249.000000 0.736300
15251.000000 0.737900
15253.000000 0.740700
15256.000000 0.744200
15258.000000 0.747400
15260.000000 0.749600
15263.000000 0.750700
15265.000000 0.751300
15267.000000 0.752100
15270.000000 0.753400
15272.000000 0.755100
15274.000000 0.756900
15277.000000 0.758100
15279.000000 0.758500
15281.000000 0.757600
15284.000000 0.755500
15286.000000 0.753200
15288.000000 0.751900
15291.000000 0.752000
15293.000000 0.753200
15295.000000 0.754100
15298.000000 0.753700
15300.000000 0.752400
15302.000000 0.751600
15305.000000 0.752500
15307.000000 0.755600
15309.000000 0.759900
15312.000000 0.763800
15314.000000 0.766200
15316.000000 0.766800
15319.000000 0.766300
15321.000000 0.765700
15323.000000 0.765900
15326.000000 0.767300
15328.000000 0.769400
15330.000000 0.771300
15333.000000 0.772300
15335.000000 0.772400
15337.000000 0.772800
15340.000000 0.774200
15342.000000 0.777000
15344.000000 0.780100
15347.000000 0.782100
15349.000000 0.782900
15352.000000 0.783100
15354.000000 0.783600
15356.000000 0.784800
15359.000000 0.786200
15361.000000 0.786900
15363.000000 0.787100
15366.000000 0.787400
15368.000000 0.787900
15370.000000 0.788800
15373.000000 0.789200
15375.000000 0.789100
15378.000000 0.789400
15380.000000 0.790600
15382.000000 0.792400
15385.000000 0.794200
15387.000000 0.795100
15389.000000 0.795200
15392.000000 0.795900
15394.000000 0.797500
15396.000000 0.799700
15399.000000 0.801300
15401.000000 0.801300
15404.000000 0.799400
15406.000000 0.796900
15408.000000 0.794700
15411.000000 0.793500
15413.000000 0.793800
15415.000000 0.795400
15418.000000 0.797900
15420.000000 0.800700
15423.000000 0.802700
15425.000000 0.803400
15427.000000 0.803200
15430.000000 0.802900
15432.000000 0.803100
15434.000000 0.803700
15437.000000 0.804100
15439.000000 0.803800
15442.000000 0.803700
15444.000000 0.804500
15446.000000 0.806600
15449.000000 0.809500
15451.000000 0.811600
15454.000000 0.812400
15456.000000 0.812000
15458.000000 0.811400
15461.000000 0.811700
15463.000000 0.813300
15466.000000 0.815800
15468.000000 0.818600
15470.000000 0.820700
15473.000000 0.821400
15475.000000 0.820600
15477.000000 0.818900
15480.000000 0.817400
15482.000000 0.816800
15485.000000 0.817300
15487.000000 0.818200
15489.000000 0.818600
15492.000000 0.818300
15494.000000 0.817500
15497.000000 0.816600
15499.000000 0.815900
15501.000000 0.815500
15504.000000 0.815400
15506.000000 0.816000
15509.000000 0.817100
15511.000000 0.818500
15513.000000 0.819900
15516.000000 0.821200
15518.000000 0.822300
15521.000000 0.823200
15523.000000 0.823300
15526.000000 0.821900
15528.000000 0.819100
15530.000000 0.816200
15533.000000 0.814600
15535.000000 0.815200
15538.000000 0.817400
15540.000000 0.819600
15542.000000 0.821400
15545.000000 0.822500
15547.000000 0.823400
15550.000000 0.824500
15552.000000 0.825600
15555.000000 0.826000
15557.000000 0.826500
15559.000000 0.827400
15562.000000 0.828800
15564.000000 0.830500
15567.000000 0.831500
15569.000000 0.831100
15571.000000 0.830200
15574.000000 0.829300
15576.000000 0.828500
15579.000000 0.827600
15581.000000 0.826000
15584.000000 0.824000
15586.000000 0.823000
15588.000000 0.823300
15591.000000 0.824500
15593.000000 0.826100
15596.000000 0.827300
15598.000000 0.828300
15601.000000 0.829900
15603.000000 0.831800
15605.000000 0.833400
15608.000000 0.834100
15610.000000 0.833700
15613.000000 0.832600
15615.000000 0.831500
15618.000000 0.830600
15620.000000 0.829300
15623.000000 0.827700
15625.000000 0.825800
15627.000000 0.823800
15630.000000 0.822300
15632.000000 0.821200
15635.000000 0.820500
15637.000000 0.820400
15640.000000 0.820800
15642.000000 0.821500
15645.000000 0.822400
15647.000000 0.823600
15649.000000 0.825000
15652.000000 0.826600
15654.000000 0.828000
15657.000000 0.828300
15659.000000 0.827600
15662.000000 0.826300
15664.000000 0.825100
15667.000000 0.824600
15669.000000 0.824600
15672.000000 0.824600
15674.000000 0.824300
15676.000000 0.824100
15679.000000 0.824300
15681.000000 0.825000
15684.000000 0.826400
15686.000000 0.827800
15689.000000 0.829400
15691.000000 0.831000
15694.000000 0.831800
15696.000000 0.831100
15699.000000 0.829000
15701.000000 0.826000
15704.000000 0.823800
15706.000000 0.823100
15708.000000 0.823600
15711.000000 0.824900
15713.000000 0.826600
15716.000000 0.828600
15718.000000 0.830900
15721.000000 0.832700
15723.000000 0.832600
15726.000000 0.831000
15728.000000 0.828900
15731.000000 0.827900
15733.000000 0.828600
15736.000000 0.830100
15738.000000 0.830300
15741.000000 0.829100
15743.000000 0.827200
15746.000000 0.825500
15748.000000 0.824500
15751.000000 0.823600
15753.000000 0.821900
15755.000000 0.820500
15758.000000 0.820400
15760.000000 0.821600
15763.000000 0.823300
15765.000000 0.823600
15768.000000 0.821800
15770.000000 0.819400
15773.000000 0.817900
15775.000000 0.817600
15778.000000 0.818200
15780.000000 0.818500
15783.000000 0.818300
15785.000000 0.818600
15788.000000 0.819900
15790.000000 0.821900
15793.000000 0.823800
15795.000000 0.824900
15798.000000 0.825300
15800.000000 0.825600
15803.000000 0.825400
15805.000000 0.824100
15808.000000 0.822000
15810.000000 0.819800
15813.000000 0.818300
15815.000000 0.818300
15818.000000 0.818800
15820.000000 0.818500
15823.000000 0.817800
15825.000000 0.817500
15828.000000 0.818100
15830.000000 0.819600
15833.000000 0.820300
15835.000000 0.819300
15838.000000 0.817800
15840.000000 0.817000
15843.000000 0.817600
15845.000000 0.819400
15848.000000 0.820500
15850.000000 0.820100
15853.000000 0.818900
15855.000000 0.817800
15858.000000 0.817400
15860.000000 0.817700
15863.000000 0.817800
15865.000000 0.817700
15868.000000 0.817800
15870.000000 0.818100
15873.000000 0.818300
15876.000000 0.818100
15878.000000 0.817500
15881.000000 0.817200
15883.000000 0.817900
15886.000000 0.819100
15888.000000 0.820100
15891.000000 0.820600
15893.000000 0.820300
15896.000000 0.819600
15898.000000 0.819100
15901.000000 0.818700
15903.000000 0.818200
15906.000000 0.817900
15908.000000 0.817700
15911.000000 0.817500
15913.000000 0.817300
15916.000000 0.817000
15918.000000 0.816900
15921.000000 0.817400
15924.000000 0.818400
15926.000000 0.818900
15929.000000 0.818600
15931.000000 0.817600
15934.000000 0.816700
15936.000000 0.816800
15939.000000 0.817700
15941.000000 0.818300
15944.000000 0.818300
15946.000000 0.817500
15949.000000 0.816600
15952.000000 0.816500
15954.000000 0.816900
15957.000000 0.817400
15959.000000 0.817800
15962.000000 0.818200
15964.000000 0.818500
15967.000000 0.818700
15969.000000 0.818500
15972.000000 0.817800
15974.000000 0.817300
15977.000000 0.817400
15980.000000 0.817400
15982.000000 0.817300
15985.000000 0.816900
15987.000000 0.817100
15990.000000 0.819100
15992.000000 0.822500
15995.000000 0.825800
15997.000000 0.827500
16000.000000 0.826900
16003.000000 0.824600
16005.000000 0.822300
16008.000000 0.820500
16010.000000 0.818900
16013.000000 0.817500
16015.000000 0.816600
16018.000000 0.816700
16021.000000 0.818300
16023.000000 0.820500
16026.000000 0.822500
16028.000000 0.824200
16031.000000 0.825900
16033.000000 0.827800
16036.000000 0.829800
16038.000000 0.831000
16041.000000 0.830900
16044.000000 0.830600
16046.000000 0.830400
16049.000000 0.830100
16051.000000 0.829100
16054.000000 0.826600
16057.000000 0.823200
16059.000000 0.820600
16062.000000 0.819800
16064.000000 0.820400
16067.000000 0.821600
16069.000000 0.822200
16072.000000 0.822600
16075.000000 0.824000
16077.000000 0.826500
16080.000000 0.829100
16082.000000 0.830900
16085.000000 0.830900
16088.000000 0.829800
16090.000000 0.828600
16093.000000 0.827400
16095.000000 0.826100
16098.000000 0.825200
16100.000000 0.824600
16103.000000 0.825000
16106.000000 0.826400
16108.000000 0.827800
16111.000000 0.828500
16113.000000 0.828600
16116.000000 0.828400
16119.000000 0.827900
16121.000000 0.827000
16124.000000 0.825300
16126.000000 0.823100
16129.000000 0.821600
16132.000000 0.821200
16134.000000 0.821500
16137.000000 0.822000
16139.000000 0.822000
16142.000000 0.822100
16145.000000 0.823200
16147.000000 0.825200
16150.000000 0.827200
16152.000000 0.828500
16155.000000 0.828600
16158.000000 0.827700
16160.000000 0.827000
16163.000000 0.826300
16166.000000 0.825700
16168.000000 0.825800
16171.000000 0.826700
16173.000000 0.828300
16176.000000 0.829700
16179.000000 0.829700
16181.000000 0.827700
16184.000000 0.825200
16186.000000 0.823600
16189.000000 0.823700
16192.000000 0.824800
16194.000000 0.825200
16197.000000 0.824100
16200.000000 0.822600
16202.000000 0.821800
16205.000000 0.822400
16207.000000 0.823900
16210.000000 0.825000
16213.000000 0.825400
16215.000000 0.825400
16218.000000 0.825000
16221.000000 0.824700
16223.000000 0.824200
16226.000000 0.823500
16228.000000 0.823200
16231.000000 0.823600
16234.000000 0.824500
16236.000000 0.825300
16239.000000 0.825900
16242.000000 0.826300
16244.000000 0.826700
16247.000000 0.827100
16250.000000 0.827000
16252.000000 0.826500
16255.000000 0.826300
16258.000000 0.826900
16260.000000 0.828200
16263.000000 0.829500
16265.000000 0.829500
16268.000000 0.828100
16271.000000 0.826400
16273.000000 0.825600
16276.000000 0.826000
16279.000000 0.827400
16281.000000 0.828700
16284.000000 0.829100
16287.000000 0.828800
16289.000000 0.827600
16292.000000 0.825800
16295.000000 0.824200
16297.000000 0.823600
16300.000000 0.824400
16303.000000 0.826300
16305.000000 0.827800
16308.000000 0.827500
16311.000000 0.825900
16313.000000 0.824300
16316.000000 0.824100
16319.000000 0.825900
16321.000000 0.827700
16324.000000 0.828100
16327.000000 0.827300
16329.000000 0.825800
16332.000000 0.824700
16335.000000 0.824500
16337.000000 0.824000
16340.000000 0.823300
16343.000000 0.823500
16345.000000 0.824900
16348.000000 0.827300
16351.000000 0.829400
16353.000000 0.829400
16356.000000 0.827600
16359.000000 0.826000
16361.000000 0.825300
16364.000000 0.826100
16367.000000 0.827500
16369.000000 0.828100
16372.000000 0.828200
16375.000000 0.828400
16377.000000 0.828600
16380.000000 0.828500
16383.000000 0.827600
16385.000000 0.826000
16388.000000 0.824600
16391.000000 0.824700
16393.000000 0.825400
16396.000000 0.826300
16399.000000 0.826700
16402.000000 0.826600
16404.000000 0.827500
16407.000000 0.829400
16410.000000 0.831600
16412.000000 0.832700
16415.000000 0.831900
16418.000000 0.829600
16420.000000 0.827200
16423.000000 0.825900
16426.000000 0.826000
16428.000000 0.827400
16431.000000 0.829200
16434.000000 0.830600
16437.000000 0.831400
16439.000000 0.831700
16442.000000 0.831900
16445.000000 0.832400
16447.000000 0.833200
16450.000000 0.834000
16453.000000 0.834100
16455.000000 0.833400
16458.000000 0.832300
16461.000000 0.831600
16464.000000 0.831500
16466.000000 0.831900
16469.000000 0.832100
16472.000000 0.831500
16474.000000 0.830200
16477.000000 0.828600
16480.000000 0.827300
16483.000000 0.826900
16485.000000 0.827500
16488.000000 0.828700
16491.000000 0.830100
16493.000000 0.830700
16496.000000 0.830700
16499.000000 0.830300
16502.000000 0.830200
16504.000000 0.830900
16507.000000 0.831900
16510.000000 0.832400
16513.000000 0.832300
16515.000000 0.831800
16518.000000 0.831500
16521.000000 0.831600
16523.000000 0.831700
16526.000000 0.831100
16529.000000 0.830100
16532.000000 0.829000
16534.000000 0.828600
16537.000000 0.828900
16540.000000 0.829000
16543.000000 0.828000
16545.000000 0.826200
16548.000000 0.824300
16551.000000 0.823300
16554.000000 0.823500
16556.000000 0.824300
16559.000000 0.825200
16562.000000 0.825900
16565.000000 0.826100
16567.000000 0.825600
16570.000000 0.824500
16573.000000 0.822900
16576.000000 0.821400
16578.000000 0.820400
16581.000000 0.820300
16584.000000 0.820500
16586.000000 0.821200
16589.000000 0.822100
16592.000000 0.823200
16595.000000 0.824000
16598.000000 0.823500
16600.000000 0.821200
16603.000000 0.817800
16606.000000 0.814900
16609.000000 0.813500
16611.000000 0.814200
16614.000000 0.815700
16617.000000 0.817000
16620.000000 0.817900
16622.000000 0.818400
16625.000000 0.818700
16628.000000 0.818400
16631.000000 0.816900
16633.000000 0.814200
16636.000000 0.811700
16639.000000 0.810100
16642.000000 0.809900
16644.000000 0.810300
16647.000000 0.810000
16650.000000 0.808700
16653.000000 0.807000
16656.000000 0.805600
16658.000000 0.805200
16661.000000 0.805800
16664.000000 0.806900
16667.000000 0.808000
16669.000000 0.808800
16672.000000 0.808700
16675.000000 0.807800
16678.000000 0.806800
16681.000000 0.806300
16683.000000 0.806400
16686.000000 0.806800
16689.000000 0.806500
16692.000000 0.805100
16694.000000 0.803800
16697.000000 0.803600
16700.000000 0.804900
16703.000000 0.807200
16706.000000 0.808800
16708.000000 0.809100
16711.000000 0.808900
16714.000000 0.808700
16717.000000 0.809100
16720.000000 0.809800
16722.000000 0.810000
16725.000000 0.809600
16728.000000 0.809000
16731.000000 0.808100
16734.000000 0.806700
16736.000000 0.804900
16739.000000 0.803000
16742.000000 0.802000
16745.000000 0.802500
16748.000000 0.803900
16750.000000 0.804900
16753.000000 0.804800
16756.000000 0.803500
16759.000000 0.801900
16762.000000 0.800800
16764.000000 0.800100
16767.000000 0.799400
16770.000000 0.798900
16773.000000 0.798900
16776.000000 0.800000
16779.000000 0.802400
16781.000000 0.805300
16784.000000 0.808100
16787.000000 0.810200
16790.000000 0.811600
16793.000000 0.812200
16795.000000 0.812200
16798.000000 0.811600
16801.000000 0.810500
16804.000000 0.809600
16807.000000 0.808900
16810.000000 0.808400
16812.000000 0.808300
16815.000000 0.808800
16818.000000 0.810300
16821.000000 0.812700
16824.000000 0.814900
16827.000000 0.815800
16829.000000 0.815200
16832.000000 0.813400
16835.000000 0.811700
16838.000000 0.811100
16841.000000 0.811500
16844.000000 0.812400
16846.000000 0.813800
16849.000000 0.815400
16852.000000 0.817100
16855.000000 0.818500
16858.000000 0.819400
16861.000000 0.820000
16863.000000 0.821300
16866.000000 0.823100
16869.000000 0.824800
16872.000000 0.825300
16875.000000 0.823600
16878.000000 0.820300
16880.000000 0.817000
16883.000000 0.814600
16886.000000 0.813200
16889.000000 0.812600
16892.000000 0.812100
16895.000000 0.812100
16898.000000 0.813100
16900.000000 0.814800
16903.000000 0.816700
16906.000000 0.817800
16909.000000 0.817600
16912.000000 0.816400
16915.000000 0.814700
16918.000000 0.812900
16920.000000 0.811300
16923.000000 0.810400
16926.000000 0.810600
16929.000000 0.812000
16932.000000 0.814200
16935.000000 0.816200
16938.000000 0.817400
16941.000000 0.817900
16943.000000 0.818000
16946.000000 0.818000
16949.000000 0.818300
16952.000000 0.819200
16955.000000 0.820500
16958.000000 0.822300
16961.000000 0.823500
16964.000000 0.823000
16966.000000 0.821000
16969.000000 0.818100
16972.000000 0.815900
16975.000000 0.815500
16978.000000 0.816400
16981.000000 0.817400
16984.000000 0.817900
16987.000000 0.817800
16989.000000 0.817600
16992.000000 0.817700
16995.000000 0.817100
16998.000000 0.815400
17001.000000 0.813300
17004.000000 0.811800
17007.000000 0.811700
17010.000000 0.813100
17013.000000 0.814600
17015.000000 0.815400
17018.000000 0.815500
17021.000000 0.815000
17024.000000 0.814100
17027.000000 0.812800
17030.000000 0.810300
17033.000000 0.807500
17036.000000 0.805400
17039.000000 0.804500
17042.000000 0.804500
17044.000000 0.804400
17047.000000 0.803600
17050.000000 0.802200
17053.000000 0.801400
17056.000000 0.801500
17059.000000 0.802600
17062.000000 0.804400
17065.000000 0.806400
17068.000000 0.808500
17071.000000 0.810400
17074.000000 0.811400
17077.000000 0.811000
17079.000000 0.809700
17082.000000 0.808500
17085.000000 0.808200
17088.000000 0.809000
17091.000000 0.809800
17094.000000 0.809900
17097.000000 0.809400
17100.000000 0.808300
17103.000000 0.806900
17106.000000 0.805500
17109.000000 0.804400
17112.000000 0.804100
17114.000000 0.805200
17117.000000 0.807100
17120.000000 0.808700
17123.000000 0.809200
17126.000000 0.808200
17129.000000 0.806600
17132.000000 0.805500
17135.000000 0.804700
17138.000000 0.803400
17141.000000 0.801700
17144.000000 0.800000
17147.000000 0.799700
17150.000000 0.801200
17153.000000 0.803000
17156.000000 0.803800
17159.000000 0.803000
17161.000000 0.801000
17164.000000 0.799600
17167.000000 0.799900
17170.000000 0.801100
17173.000000 0.802600
17176.000000 0.803700
17179.000000 0.804200
17182.000000 0.804400
17185.000000 0.804500
17188.000000 0.804200
17191.000000 0.804000
17194.000000 0.804400
17197.000000 0.805400
17200.000000 0.806300
17203.000000 0.806600
17206.000000 0.805700
17209.000000 0.804700
17212.000000 0.804700
17215.000000 0.805100
17218.000000 0.805400
17221.000000 0.804500
17224.000000 0.802300
17227.000000 0.799800
17229.000000 0.798300
17232.000000 0.797500
17235.000000 0.797100
17238.000000 0.796700
17241.000000 0.796400
17244.000000 0.796800
17247.000000 0.797900
17250.000000 0.798500
17253.000000 0.798400
17256.000000 0.798100
17259.000000 0.798100
17262.000000 0.799300
17265.000000 0.800800
17268.000000 0.801100
17271.000000 0.799800
17274.000000 0.797500
17277.000000 0.795000
17280.000000 0.793600
17283.000000 0.793300
17286.000000 0.793700
17289.000000 0.795300
17292.000000 0.798000
17295.000000 0.800600
17298.000000 0.802000
17301.000000 0.801200
17304.000000 0.798100
17307.000000 0.794900
17310.000000 0.793300
17313.000000 0.793400
17316.000000 0.794400
17319.000000 0.795100
17322.000000 0.794700
17325.000000 0.794200
17328.000000 0.794100
17331.000000 0.793900
17334.000000 0.793300
17337.000000 0.792300
17340.000000 0.791400
17343.000000 0.791400
17346.000000 0.792000
17349.000000 0.791900
17352.000000 0.790400
17355.000000 0.787800
17358.000000 0.784700
17361.000000 0.782500
17364.000000 0.781000
17367.000000 0.779900
17370.000000 0.779100
17373.000000 0.778700
17376.000000 0.778700
17379.000000 0.778900
17382.000000 0.778800
17385.000000 0.777700
17388.000000 0.776700
17391.000000 0.776200
17394.000000 0.776300
17397.000000 0.776700
17400.000000 0.776500
17403.000000 0.775500
17406.000000 0.774500
17409.000000 0.774100
17413.000000 0.774100
17416.000000 0.774000
17419.000000 0.773000
17422.000000 0.771000
17425.000000 0.768900
17428.000000 0.767200
17431.000000 0.766100
17434.000000 0.765300
17437.000000 0.764700
17440.000000 0.764500
17443.000000 0.765100
17446.000000 0.766400
17449.000000 0.768100
17452.000000 0.769400
17455.000000 0.769700
17458.000000 0.768700
17461.000000 0.766600
17464.000000 0.764000
17467.000000 0.761600
17470.000000 0.759800
17473.000000 0.759100
17476.000000 0.759100
17479.000000 0.759600
17483.000000 0.761300
17486.000000 0.763900
17489.000000 0.767000
17492.000000 0.769500
17495.000000 0.770100
17498.000000 0.768700
17501.000000 0.766500
17504.000000 0.764500
17507.000000 0.763500
17510.000000 0.763300
17513.000000 0.763100
17516.000000 0.762800
17519.000000 0.763000
17522.000000 0.763700
17525.000000 0.764800
17528.000000 0.765600
17532.000000 0.765400
17535.000000 0.764800
17538.000000 0.764500
17541.000000 0.764400
17544.000000 0.764100
17547.000000 0.763100
17550.000000 0.761400
17553.000000 0.760300
17556.000000 0.760400
17559.000000 0.760900
17562.000000 0.761200
17565.000000 0.760800
17569.000000 0.760500
17572.000000 0.761800
17575.000000 0.765400
17578.000000 0.769700
17581.000000 0.773200
17584.000000 0.774700
17587.000000 0.774000
17590.000000 0.772100
17593.000000 0.769900
17596.000000 0.767500
17599.000000 0.765600
17603.000000 0.764800
17606.000000 0.765100
17609.000000 0.766200
17612.000000 0.766900
17615.000000 0.766300
17618.000000 0.765100
17621.000000 0.764900
17624.000000 0.765800
17627.000000 0.767500
17630.000000 0.768400
17634.000000 0.767400
17637.000000 0.765900
17640.000000 0.765500
17643.000000 0.766700
17646.000000 0.768900
17649.000000 0.770400
17652.000000 0.769800
17655.000000 0.767800
17658.000000 0.764900
17662.000000 0.762000
17665.000000 0.759500
17668.000000 0.757600
17671.000000 0.756600
17674.000000 0.756800
17677.000000 0.757400
17680.000000 0.757100
17683.000000 0.755600
17687.000000 0.753500
17690.000000 0.751900
17693.000000 0.752000
17696.000000 0.753000
17699.000000 0.753500
17702.000000 0.753200
17705.000000 0.752400
17709.000000 0.752200
17712.000000 0.753100
17715.000000 0.753700
17718.000000 0.752800
17721.000000 0.750400
17724.000000 0.747200
17727.000000 0.744500
17730.000000 0.743100
17734.000000 0.742200
17737.000000 0.741200
17740.000000 0.740100
17743.000000 0.739000
17746.000000 0.738000
17749.000000 0.737200
17753.000000 0.736100
17756.000000 0.734800
17759.000000 0.734100
17762.000000 0.733800
17765.000000 0.733500
17768.000000 0.732600
17771.000000 0.730800
17775.000000 0.728600
17778.000000 0.727200
17781.000000 0.726700
17784.000000 0.727000
17787.000000 0.727600
17790.000000 0.727900
17794.000000 0.727900
17797.000000 0.727700
17800.000000 0.726800
17803.000000 0.725400
17806.000000 0.724100
17809.000000 0.723600
17813.000000 0.724200
17816.000000 0.725600
17819.000000 0.726700
17822.000000 0.726700
17825.000000 0.725600
17828.000000 0.723900
17832.000000 0.722200
17835.000000 0.720800
17838.000000 0.719600
17841.000000 0.718500
17844.000000 0.717400
17848.000000 0.716200
17851.000000 0.714800
17854.000000 0.713300
17857.000000 0.711800
17860.000000 0.710700
17864.000000 0.710200
17867.000000 0.709900
17870.000000 0.709400
17873.000000 0.708700
17876.000000 0.707600
17879.000000 0.706100
17883.000000 0.704200
17886.000000 0.701800
17889.000000 0.699000
17892.000000 0.696900
17895.000000 0.695700
17899.000000 0.695100
17902.000000 0.694200
17905.000000 0.691900
17908.000000 0.688100
17912.000000 0.683800
17915.000000 0.679500
17918.000000 0.675500
17921.000000 0.671400
17924.000000 0.666500
17928.000000 0.660600
17931.000000 0.654200
17934.000000 0.647400
17937.000000 0.640200
17940.000000 0.633000
17944.000000 0.625900
17947.000000 0.619300
17950.000000 0.613100
17953.000000 0.606600
17957.000000 0.598700
17960.000000 0.589200
17963.000000 0.578400
17966.000000 0.567400
17969.000000 0.557200
17973.000000 0.547600
17976.000000 0.537800
17979.000000 0.527600
17982.000000 0.516600
17986.000000 0.505400
17989.000000 0.494500
17992.000000 0.483700
17995.000000 0.472800
17999.000000 0.461100
18002.000000 0.448600
18005.000000 0.435600
18008.000000 0.423000
18012.000000 0.411500
18015.000000 0.401400
18018.000000 0.392200
18021.000000 0.383300
18025.000000 0.373900
18028.000000 0.363500
18031.000000 0.352300
18034.000000 0.340600
18038.000000 0.328800
18041.000000 0.317400
18044.000000 0.306600
18047.000000 0.296600
18051.000000 0.287200
18054.000000 0.278100
18057.000000 0.268900
18060.000000 0.259800
18064.000000 0.250800
18067.000000 0.242100
18070.000000 0.233900
18073.000000 0.225800
18077.000000 0.218000
18080.000000 0.210600
18083.000000 0.203800
18086.000000 0.197400
18090.000000 0.191000
18093.000000 0.184000
18096.000000 0.176800
18100.000000 0.169900
18103.000000 0.164000
18106.000000 0.159100
18109.000000 0.155000
18113.000000 0.150900
18116.000000 0.146400
18119.000000 0.141500
18123.000000 0.136200
18126.000000 0.130600
18129.000000 0.125100
18132.000000 0.120200
18136.000000 0.116600
18139.000000 0.114300
18142.000000 0.112600
18146.000000 0.110400
18149.000000 0.107300
18152.000000 0.103200
18155.000000 0.099000
18159.000000 0.095500
18162.000000 0.092600
18165.000000 0.089900
18169.000000 0.086900
18172.000000 0.083800
18175.000000 0.081100
18179.000000 0.079300
18182.000000 0.077800
18185.000000 0.076300
18188.000000 0.074200
18192.000000 0.071600
18195.000000 0.068900
18198.000000 0.066000
18202.000000 0.063200
18205.000000 0.060600
18208.000000 0.058500
18212.000000 0.057200
18215.000000 0.056600
18218.000000 0.055900
18222.000000 0.054300
18225.000000 0.051600
18228.000000 0.048600
18232.000000 0.046000
18235.000000 0.044800
18238.000000 0.044700
18242.000000 0.044800
18245.000000 0.044500
18248.000000 0.043400
18252.000000 0.042000
18255.000000 0.040900
18258.000000 0.040400
18262.000000 0.040500
18265.000000 0.040300
18268.000000 0.039400
18272.000000 0.037500
18275.000000 0.035000
18278.000000 0.033000
18282.000000 0.031900
18285.000000 0.031600
18288.000000 0.031600
18292.000000 0.031100
18295.000000 0.029900
18298.000000 0.028500
18302.000000 0.027700
18305.000000 0.027900
18308.000000 0.029000
18312.000000 0.030000
18315.000000 0.030200
18318.000000 0.029300
18322.000000 0.027500
18325.000000 0.025600
18328.000000 0.024000
18332.000000 0.022900
18335.000000 0.022000
18339.000000 0.021000
18342.000000 0.019600
18345.000000 0.018000
18349.000000 0.016500
18352.000000 0.015800
18355.000000 0.016000
18359.000000 0.016900
18362.000000 0.017900
18365.000000 0.018300
18369.000000 0.017800
18372.000000 0.016700
18376.000000 0.015400
18379.000000 0.014400
18382.000000 0.013600
18386.000000 0.013000
18389.000000 0.012600
18392.000000 0.012500
18396.000000 0.012900
18399.000000 0.013300
18403.000000 0.013200
18406.000000 0.012400
18409.000000 0.011100
18413.000000 0.009800
18416.000000 0.009000
18420.000000 0.008500
18423.000000 0.008200
18426.000000 0.007600
18430.000000 0.006900
18433.000000 0.006300
18437.000000 0.006100
18440.000000 0.006300
18443.000000 0.006700
18447.000000 0.007200
18450.000000 0.007500
18454.000000 0.007800
18457.000000 0.007800
18460.000000 0.007300
18464.000000 0.006400
18467.000000 0.005300
18471.000000 0.004400
18474.000000 0.004200
18477.000000 0.004800
18481.000000 0.005600
18484.000000 0.006200
18488.000000 0.006100
18491.000000 0.005600
18495.000000 0.005100
18498.000000 0.004900
18501.000000 0.005000
18505.000000 0.005300
18508.000000 0.005400
18512.000000 0.005000
18515.000000 0.004000
