3676.0 0.001935347633
3677.0 0.002029801481
3678.0 0.001792299605
3679.0 0.001899421687
3680.0 0.001983910525
3681.0 0.001828823058
3682.0 0.001845644983
3683.0 0.001894357957
3684.0 0.001945008646
3685.0 0.001835700863
3686.0 0.001786619095
3687.0 0.001962640673
3688.0 0.001740813045
3689.0 0.001747382029
3690.0 0.001575235932
3691.0 0.001805777741
3692.0 0.001798302136
3693.0 0.001716211148
3694.0 0.001618336023
3695.0 0.001856955324
3696.0 0.001721102286
3697.0 0.001824209016
3698.0 0.001902540082
3699.0 0.001865790917
3700.0 0.001734909256
3701.0 0.001881521216
3702.0 0.001759749067
3703.0 0.001878862576
3704.0 0.001722642098
3705.0 0.001890788498
3706.0 0.001723286768
3707.0 0.001835752064
3708.0 0.001762423439
3709.0 0.001796416589
3710.0 0.001721683453
3711.0 0.001689224969
3712.0 0.001712354122
3713.0 0.001725705565
3714.0 0.001903935459
3715.0 0.001828701838
3716.0 0.001739356025
3717.0 0.001688918923
3718.0 0.001749037389
3719.0 0.002031244017
3720.0 0.001613272984
3721.0 0.001773025853
3722.0 0.001642345117
3723.0 0.001618505744
3724.0 0.001605633863
3725.0 0.00169928978
3726.0 0.001675720361
3727.0 0.001742514548
3728.0 0.001614574089
3729.0 0.001685048421
3730.0 0.001686687876
3731.0 0.001906231666
3732.0 0.001693467619
3733.0 0.001764353267
3734.0 0.001724289362
3735.0 0.001838038082
3736.0 0.001811032412
3737.0 0.001655382952
3738.0 0.001703097625
3739.0 0.001664779484
3740.0 0.001623715467
3741.0 0.001823587371
3742.0 0.001566194118
3743.0 0.001740015281
3744.0 0.001649033189
3745.0 0.001639621647
3746.0 0.001629037891
3747.0 0.001553604241
3748.0 0.001758511949
3749.0 0.001587508305
3750.0 0.001686501801
3751.0 0.001617612767
3752.0 0.001823277725
3753.0 0.001696885395
3754.0 0.001610238162
3755.0 0.001592778005
3756.0 0.001602327739
3757.0 0.001664055012
3758.0 0.001583684119
3759.0 0.001396066668
3760.0 0.00163953002
3761.0 0.001491037689
3762.0 0.001626219338
3763.0 0.001641562113
3764.0 0.001678525193
3765.0 0.001634827724
3766.0 0.001623213326
3767.0 0.001518254013
3768.0 0.001651417793
3769.0 0.001709803652
3770.0 0.001560192032
3771.0 0.001471209878
3772.0 0.001644201032
3773.0 0.001578631793
3774.0 0.001571046931
3775.0 0.001625218912
3776.0 0.001533576843
3777.0 0.001429656349
3778.0 0.001474292649
3779.0 0.001570196131
3780.0 0.001594784394
3781.0 0.001524931285
3782.0 0.001541318786
3783.0 0.001435873632
3784.0 0.001612465132
3785.0 0.001489640656
3786.0 0.001449045885
3787.0 0.001515070256
3788.0 0.001536329528
3789.0 0.001480045965
3790.0 0.001488472528
3791.0 0.001429040167
3792.0 0.001379907516
3793.0 0.001592089147
3794.0 0.001491871343
3795.0 0.001544266358
3796.0 0.001520263023
3797.0 0.001533793776
3798.0 0.001406960829
3799.0 0.001526796622
3800.0 0.00151868086
3801.0 0.001386423623
3802.0 0.0015648316
3803.0 0.001491794597
3804.0 0.001496146924
3805.0 0.001442375019
3806.0 0.001488042489
3807.0 0.001347221213
3808.0 0.001422548565
3809.0 0.001526995116
3810.0 0.001458571435
3811.0 0.001423671878
3812.0 0.001435542614
3813.0 0.001385165373
3814.0 0.001465455328
3815.0 0.001420919908
3816.0 0.001428209173
3817.0 0.001485352382
3818.0 0.001463959733
3819.0 0.001365685273
3820.0 0.00142755496
3821.0 0.001451008031
3822.0 0.001317728438
3823.0 0.001441560284
3824.0 0.00128498909
3825.0 0.001444694787
3826.0 0.001398031288
3827.0 0.00141767766
3828.0 0.00140276819
3829.0 0.001327716617
3830.0 0.001307536632
3831.0 0.001318221968
3832.0 0.001415713957
3833.0 0.001356173699
3834.0 0.001479406909
3835.0 0.001344705012
3836.0 0.001538460418
3837.0 0.001351501209
3838.0 0.001397359611
3839.0 0.001357611413
3840.0 0.001242826809
3841.0 0.001310703176
3842.0 0.001266857157
3843.0 0.001448272458
3844.0 0.001435010433
3845.0 0.001415436173
3846.0 0.001233039873
3847.0 0.001424233437
3848.0 0.001140461724
3849.0 0.001324944252
3850.0 0.001295449157
3851.0 0.001382213974
3852.0 0.00137205027
3853.0 0.001336471252
3854.0 0.00135988241
3855.0 0.00126939063
3856.0 0.001177338167
3857.0 0.00136479986
3858.0 0.001263903082
3859.0 0.001169527908
3860.0 0.001299992569
3861.0 0.001262146962
3862.0 0.00131100969
3863.0 0.001275485144
3864.0 0.001333852278
3865.0 0.001251846789
3866.0 0.001397385492
3867.0 0.001280327321
3868.0 0.001293239585
3869.0 0.001264827357
3870.0 0.001307467796
3871.0 0.001274987105
3872.0 0.001334951919
3873.0 0.001190042035
3874.0 0.001266790778
3875.0 0.001283527004
3876.0 0.001252446479
3877.0 0.001234896579
3878.0 0.001244842661
3879.0 0.001281259168
3880.0 0.001152251281
3881.0 0.001270510819
3882.0 0.001244107663
3883.0 0.001287451559
3884.0 0.001272232317
3885.0 0.001235489159
3886.0 0.001206852227
3887.0 0.001266257804
3888.0 0.001289731989
3889.0 0.001321975154
3890.0 0.001275631993
3891.0 0.001208183157
3892.0 0.001176231206
3893.0 0.001246242714
3894.0 0.00118926071
3895.0 0.001301342256
3896.0 0.001237784824
3897.0 0.001259120355
3898.0 0.001317566041
3899.0 0.001212241664
3900.0 0.001291924717
3901.0 0.001248447818
3902.0 0.001201133159
3903.0 0.00127740632
3904.0 0.001301820541
3905.0 0.001276794413
3906.0 0.001181862145
3907.0 0.001258145335
3908.0 0.001305208671
3909.0 0.001335902244
3910.0 0.001297385336
3911.0 0.001285869493
3912.0 0.001227488958
3913.0 0.001218161406
3914.0 0.001297629495
3915.0 0.00126268878
3916.0 0.001188109482
3917.0 0.001159992763
3918.0 0.001273946206
3919.0 0.001266719183
3920.0 0.001188819827
3921.0 0.001162629157
3922.0 0.001272383758
3923.0 0.001151916897
3924.0 0.001325340592
3925.0 0.00117117229
3926.0 0.001225556788
3927.0 0.001278539168
3928.0 0.001134950201
3929.0 0.00123442974
3930.0 0.001234229322
3931.0 0.001200471124
3932.0 0.001220777526
3933.0 0.001182345595
3934.0 0.001212890025
3935.0 0.001232151396
3936.0 0.001218290354
3937.0 0.001191976241
3938.0 0.001189410192
3939.0 0.001205409332
3940.0 0.001217803749
3941.0 0.00119580983
3942.0 0.001258633416
3943.0 0.001239625726
3944.0 0.001234960305
3945.0 0.00118261607
3946.0 0.001206099266
3947.0 0.001189221444
3948.0 0.001223600268
3949.0 0.001211970137
3950.0 0.001125383913
3951.0 0.001221831589
3952.0 0.001138230862
3953.0 0.001260940957
3954.0 0.001217536762
3955.0 0.00124215687
3956.0 0.001172891904
3957.0 0.001226130888
3958.0 0.001211646035
3959.0 0.001220151486
3960.0 0.001264770237
3961.0 0.001205208344
3962.0 0.001156798554
3963.0 0.001241175501
3964.0 0.001232711007
3965.0 0.001232529793
3966.0 0.001190095137
3967.0 0.001174264733
3968.0 0.001202606628
3969.0 0.001130278833
3970.0 0.001201223805
3971.0 0.001170498875
3972.0 0.001202044963
3973.0 0.001184036271
3974.0 0.001214809448
3975.0 0.001250940756
3976.0 0.001206731249
3977.0 0.001190051463
3978.0 0.001171730761
3979.0 0.001216539092
3980.0 0.001201060836
3981.0 0.00127378161
3982.0 0.001212161325
3983.0 0.001248799735
3984.0 0.001245441474
3985.0 0.001201982551
3986.0 0.001196863952
3987.0 0.001233415817
3988.0 0.001211161617
3989.0 0.001264399147
3990.0 0.001265306305
3991.0 0.001260122925
3992.0 0.001227959714
3993.0 0.001160359465
3994.0 0.001320685679
3995.0 0.001159271887
3996.0 0.001227631624
3997.0 0.001270049966
3998.0 0.001290251546
3999.0 0.001325534525
4000.0 0.001267727991
4001.0 0.001265713768
4002.0 0.001339395163
4003.0 0.001295832922
4004.0 0.001228985787
4005.0 0.001303100624
4006.0 0.001215502254
4007.0 0.001274607873
4008.0 0.001400668499
4009.0 0.001285471191
4010.0 0.001281318998
4011.0 0.001294581625
4012.0 0.001304862519
4013.0 0.001420593851
4014.0 0.00125770975
4015.0 0.001274079367
4016.0 0.001252611896
4017.0 0.001338882717
4018.0 0.001354960289
4019.0 0.001337508212
4020.0 0.001446595876
4021.0 0.001393913202
4022.0 0.001387269207
4023.0 0.001483150348
4024.0 0.001457569495
4025.0 0.001458814132
4026.0 0.001483203255
4027.0 0.001560487441
4028.0 0.00148859732
4029.0 0.001540322104
4030.0 0.001471074495
4031.0 0.001496835952
4032.0 0.001537973207
4033.0 0.00157100223
4034.0 0.001551886618
4035.0 0.001673189189
4036.0 0.001607537986
4037.0 0.001665796144
4038.0 0.00168919011
4039.0 0.001794561919
4040.0 0.001781070662
4041.0 0.001771630095
4042.0 0.001767817323
4043.0 0.001857681618
4044.0 0.00180863828
4045.0 0.001824470041
4046.0 0.001844615071
4047.0 0.001813125965
4048.0 0.001836380541
4049.0 0.001889685629
4050.0 0.001909075192
4051.0 0.001898684274
4052.0 0.001967152267
4053.0 0.001889416882
4054.0 0.001995618671
4055.0 0.002005832981
4056.0 0.001985353261
4057.0 0.002025086955
4058.0 0.002072203558
4059.0 0.002095213751
4060.0 0.002200980934
4061.0 0.002225795624
4062.0 0.002201594064
4063.0 0.00228745065
4064.0 0.002273171866
4065.0 0.002314543628
4066.0 0.002294460569
4067.0 0.00249789941
4068.0 0.002485500273
4069.0 0.002541996284
4070.0 0.002653745591
4071.0 0.002675206166
4072.0 0.002762015348
4073.0 0.002859171926
4074.0 0.00293152908
4075.0 0.003076041234
4076.0 0.003205757464
4077.0 0.003288101784
4078.0 0.003513957927
4079.0 0.003615990475
4080.0 0.00368349411
4081.0 0.003880502697
4082.0 0.004136655891
4083.0 0.004284990039
4084.0 0.004540146458
4085.0 0.004794802613
4086.0 0.005143065214
4087.0 0.0055232788
4088.0 0.005773657829
4089.0 0.00612836439
4090.0 0.006719719278
4091.0 0.007291196027
4092.0 0.007771578817
4093.0 0.008381314926
4094.0 0.009184279312
4095.0 0.010218037419
4096.0 0.010930671817
4097.0 0.011878647534
4098.0 0.013235194016
4099.0 0.014888198698
4100.0 0.015986555429
4101.0 0.017388986682
4102.0 0.019524988143
4103.0 0.022043725408
4104.0 0.02382930181
4105.0 0.025672410532
4106.0 0.027874016976
4107.0 0.031292793212
4108.0 0.034805495205
4109.0 0.03761268597
4110.0 0.040394283367
4111.0 0.04462673597
4112.0 0.04950818329
4113.0 0.052707686948
4114.0 0.055848387799
4115.0 0.06141344353
4116.0 0.066848551865
4117.0 0.0706168564
4118.0 0.074576731541
4119.0 0.07822464674
4120.0 0.084502044176
4121.0 0.090652378364
4122.0 0.095023320781
4123.0 0.099336269589
4124.0 0.10638777794
4125.0 0.113579681285
4126.0 0.11873369185
4127.0 0.12374974129
4128.0 0.13196589015
4129.0 0.140703655517
4130.0 0.14636629112
4131.0 0.152811248955
4132.0 0.162606370237
4133.0 0.173415271101
4134.0 0.181340887308
4135.0 0.188705982762
4136.0 0.201865304684
4137.0 0.215155857047
4138.0 0.224976699086
4139.0 0.233321082369
4140.0 0.244687014246
4141.0 0.260006717128
4142.0 0.275354209946
4143.0 0.286236547251
4144.0 0.297537132391
4145.0 0.314044081589
4146.0 0.331414183919
4147.0 0.342360628847
4148.0 0.35316873335
4149.0 0.369116614905
4150.0 0.385341294016
4151.0 0.395887587412
4152.0 0.405560634701
4153.0 0.419616794125
4154.0 0.433679726479
4155.0 0.440389828675
4156.0 0.448491938772
4157.0 0.459295781982
4158.0 0.469284380635
4159.0 0.475136999316
4160.0 0.4798634376
4161.0 0.487970161733
4162.0 0.493221390825
4163.0 0.496536015518
4164.0 0.49999831172
4165.0 0.503227058006
4166.0 0.505732816055
4167.0 0.50796005095
4168.0 0.509465628154
4169.0 0.510054324469
4170.0 0.513117342088
4171.0 0.513059582941
4172.0 0.513398234679
4173.0 0.51495835447
4174.0 0.51447963089
4175.0 0.513675868801
4176.0 0.515623912855
4177.0 0.516939208045
4178.0 0.515135783098
4179.0 0.516216925188
4180.0 0.517316249629
4181.0 0.517667781219
4182.0 0.517003368943
4183.0 0.519887345855
4184.0 0.519177046785
4185.0 0.521777227654
4186.0 0.522590258118
4187.0 0.523998404304
4188.0 0.5272568284
4189.0 0.528357004366
4190.0 0.528870134919
4191.0 0.533335020199
4192.0 0.534013657234
4193.0 0.536598622548
4194.0 0.53974444425
4195.0 0.542711871732
4196.0 0.544830738483
4197.0 0.545237487898
4198.0 0.549847520817
4199.0 0.553424314171
4200.0 0.556177719606
4201.0 0.560818500477
4202.0 0.562283571833
4203.0 0.566553819158
4204.0 0.568313681525
4205.0 0.569596185535
4206.0 0.573731370938
4207.0 0.5745648456
4208.0 0.577322678044
4209.0 0.579737983069
4210.0 0.580571815193
4211.0 0.581685050897
4212.0 0.583532224012
4213.0 0.583760234665
4214.0 0.585577859751
4215.0 0.584834872637
4216.0 0.585416680303
4217.0 0.586388602478
4218.0 0.586956262969
4219.0 0.584603963303
4220.0 0.585518312639
4221.0 0.584407418851
4222.0 0.580953375678
4223.0 0.582644222421
4224.0 0.582700956109
4225.0 0.580053317554
4226.0 0.578524345603
4227.0 0.578203587278
4228.0 0.578351662194
4229.0 0.575960790323
4230.0 0.573940329388
4231.0 0.571990599687
4232.0 0.572033897339
4233.0 0.570276202044
4234.0 0.569517219826
4235.0 0.568701274489
4236.0 0.568116638946
4237.0 0.567141266356
4238.0 0.566459982901
4239.0 0.568635192433
4240.0 0.565845648419
4241.0 0.563869996109
4242.0 0.565047399642
4243.0 0.563829707653
4244.0 0.565803189652
4245.0 0.566723728189
4246.0 0.566501249139
4247.0 0.565228360074
4248.0 0.568334532387
4249.0 0.567444049043
4250.0 0.568564295222
4251.0 0.570214389778
4252.0 0.57013243222
4253.0 0.570408082083
4254.0 0.57171962666
4255.0 0.572024550659
4256.0 0.571492261571
4257.0 0.574294598922
4258.0 0.572974675274
4259.0 0.574368887037
4260.0 0.575216238563
4261.0 0.575400532253
4262.0 0.57380714631
4263.0 0.577212514928
4264.0 0.578246782231
4265.0 0.578617113747
4266.0 0.57781470774
4267.0 0.581039970963
4268.0 0.581042846803
4269.0 0.579695079787
4270.0 0.58187555183
4271.0 0.580676575783
4272.0 0.582234728348
4273.0 0.580785069058
4274.0 0.581439034194
4275.0 0.583037364346
4276.0 0.583017711501
4277.0 0.583181172586
4278.0 0.582143366272
4279.0 0.583280576425
4280.0 0.584359577245
4281.0 0.582457868627
4282.0 0.584692649977
4283.0 0.584728244259
4284.0 0.584594434202
4285.0 0.586006489727
4286.0 0.585148045933
4287.0 0.586988478391
4288.0 0.586797610013
4289.0 0.586629993823
4290.0 0.588009034475
4291.0 0.588805831885
4292.0 0.58958560777
4293.0 0.589526411
4294.0 0.589795811152
4295.0 0.591759954907
4296.0 0.591788887941
4297.0 0.591731610457
4298.0 0.592943796842
4299.0 0.594287590067
4300.0 0.5932824868
4301.0 0.594748975691
4302.0 0.596615785111
4303.0 0.596787241112
4304.0 0.598794484428
4305.0 0.599376839597
4306.0 0.597172263706
4307.0 0.600148778969
4308.0 0.601666665429
4309.0 0.604272349917
4310.0 0.603046879545
4311.0 0.6049668946
4312.0 0.605362795203
4313.0 0.606534682605
4314.0 0.606572101439
4315.0 0.607985065862
4316.0 0.607803856433
4317.0 0.608539417273
4318.0 0.608950242932
4319.0 0.611795781358
4320.0 0.610739172077
4321.0 0.611328753903
4322.0 0.613914546687
4323.0 0.612793749388
4324.0 0.614468772838
4325.0 0.613181018494
4326.0 0.613078991929
4327.0 0.616547755581
4328.0 0.617314903426
4329.0 0.616385010166
4330.0 0.61686638034
4331.0 0.617726548798
4332.0 0.617036159876
4333.0 0.619679347573
4334.0 0.618203340953
4335.0 0.618817738003
4336.0 0.620163921945
4337.0 0.619865856049
4338.0 0.620383476334
4339.0 0.621140650773
4340.0 0.621207219883
4341.0 0.621695781586
4342.0 0.621450277229
4343.0 0.619631727829
4344.0 0.621651321302
4345.0 0.622098140463
4346.0 0.622891751184
4347.0 0.622803831469
4348.0 0.622438711194
4349.0 0.622732878919
4350.0 0.622624529872
4351.0 0.622508502572
4352.0 0.625928617787
4353.0 0.623936966167
4354.0 0.625383686993
4355.0 0.625276333829
4356.0 0.625608644556
4357.0 0.625891249722
4358.0 0.62503778291
4359.0 0.624482433366
4360.0 0.62457717809
4361.0 0.625863762773
4362.0 0.625515121223
4363.0 0.625934995806
4364.0 0.627057707866
4365.0 0.625420177515
4366.0 0.625666573317
4367.0 0.625626734165
4368.0 0.624543093161
4369.0 0.623478328641
4370.0 0.623781326729
4371.0 0.622828604498
4372.0 0.623523686641
4373.0 0.620500147131
4374.0 0.619856161111
4375.0 0.620686078604
4376.0 0.618475550411
4377.0 0.620858823864
4378.0 0.616849224676
4379.0 0.616443242409
4380.0 0.615458199075
4381.0 0.614352948103
4382.0 0.611822065947
4383.0 0.612213387531
4384.0 0.611490294918
4385.0 0.610039501811
4386.0 0.610028660383
4387.0 0.608203169675
4388.0 0.607520852171
4389.0 0.60581056842
4390.0 0.602765383934
4391.0 0.604756025098
4392.0 0.601980372554
4393.0 0.600163384743
4394.0 0.600782248349
4395.0 0.599656007157
4396.0 0.598077520908
4397.0 0.594804066281
4398.0 0.595722045295
4399.0 0.595140535501
4400.0 0.594585286808
4401.0 0.593391889298
4402.0 0.59304539663
4403.0 0.593852754855
4404.0 0.591440024451
4405.0 0.593985260506
4406.0 0.593722685246
4407.0 0.594036769038
4408.0 0.590787964429
4409.0 0.591038345482
4410.0 0.592971911234
4411.0 0.593828162117
4412.0 0.596857588814
4413.0 0.595769481242
4414.0 0.596217400268
4415.0 0.594059681646
4416.0 0.594049980421
4417.0 0.59670446405
4418.0 0.596329828587
4419.0 0.601452339075
4420.0 0.599292774066
4421.0 0.60079755032
4422.0 0.602755865772
4423.0 0.60294987147
4424.0 0.601999776775
4425.0 0.603504847859
4426.0 0.602248389707
4427.0 0.607445715152
4428.0 0.609607800127
4429.0 0.610144028698
4430.0 0.612527806025
4431.0 0.610025912811
4432.0 0.61556479721
4433.0 0.617800372374
4434.0 0.619800929261
4435.0 0.621887793658
4436.0 0.618653923481
4437.0 0.624983728794
4438.0 0.623969444839
4439.0 0.62698892015
4440.0 0.626735278021
4441.0 0.632451118561
4442.0 0.62927050869
4443.0 0.633411189912
4444.0 0.63209533053
4445.0 0.635627274917
4446.0 0.635615821225
4447.0 0.631779150906
4448.0 0.635410551418
4449.0 0.638885590735
4450.0 0.641180081298
4451.0 0.641343142614
4452.0 0.638868758173
4453.0 0.644128381345
4454.0 0.640343526194
4455.0 0.641018129961
4456.0 0.641392352102
4457.0 0.645219570073
4458.0 0.643774691849
4459.0 0.642322586491
4460.0 0.643626718022
4461.0 0.644126697161
4462.0 0.645144825642
4463.0 0.644116840663
4464.0 0.640345001305
4465.0 0.641703096862
4466.0 0.645315263292
4467.0 0.643457999217
4468.0 0.637917207872
4469.0 0.641962525901
4470.0 0.641837093406
4471.0 0.640709321486
4472.0 0.642090583343
4473.0 0.641728314042
4474.0 0.639778814604
4475.0 0.637190814819
4476.0 0.63875894775
4477.0 0.640668540643
4478.0 0.6397431567
4479.0 0.638927729605
4480.0 0.63729798449
4481.0 0.634719820298
4482.0 0.635373945093
4483.0 0.633897904079
4484.0 0.636543391168
4485.0 0.633679890469
4486.0 0.632150047218
4487.0 0.632818145217
4488.0 0.635272151886
4489.0 0.631978604885
4490.0 0.632484101515
4491.0 0.631437134343
4492.0 0.630920184843
4493.0 0.629906958977
4494.0 0.630440352668
4495.0 0.632847620631
4496.0 0.628496707711
4497.0 0.629210680743
4498.0 0.63060700397
4499.0 0.629203040147
4500.0 0.633589680512
4501.0 0.628738344296
4502.0 0.630604059035
4503.0 0.628711126959
4504.0 0.630205109655
4505.0 0.629184598991
4506.0 0.626382846466
4507.0 0.632604072805
4508.0 0.627197547242
4509.0 0.628336329968
4510.0 0.627492392404
4511.0 0.630904473509
4512.0 0.629411479983
4513.0 0.627056724327
4514.0 0.627730438161
4515.0 0.626628774389
4516.0 0.631432904814
4517.0 0.628403452878
4518.0 0.628839188848
4519.0 0.628636742656
4520.0 0.631933081831
4521.0 0.631547635419
4522.0 0.627946968485
4523.0 0.631972633985
4524.0 0.63107058551
4525.0 0.630459774935
4526.0 0.630356231846
4527.0 0.630845598759
4528.0 0.630334054811
4529.0 0.63046149442
4530.0 0.63214603732
4531.0 0.632082476411
4532.0 0.635558531521
4533.0 0.632522644544
4534.0 0.632743158287
4535.0 0.633129211936
4536.0 0.634955135171
4537.0 0.635179171205
4538.0 0.635223395742
4539.0 0.636718537961
4540.0 0.634600054284
4541.0 0.638146444281
4542.0 0.634249541024
4543.0 0.635996900037
4544.0 0.639344632262
4545.0 0.638847309932
4546.0 0.639374080737
4547.0 0.639920804694
4548.0 0.642234230752
4549.0 0.643404713878
4550.0 0.643882431628
4551.0 0.643464296389
4552.0 0.643229446804
4553.0 0.646846859374
4554.0 0.646428417553
4555.0 0.648934869003
4556.0 0.64606892427
4557.0 0.647408041102
4558.0 0.64456866432
4559.0 0.647456648295
4560.0 0.649293485334
4561.0 0.653253031237
4562.0 0.648179366676
4563.0 0.651355778249
4564.0 0.652436678536
4565.0 0.65239964794
4566.0 0.653029594759
4567.0 0.653632632565
4568.0 0.656381762244
4569.0 0.6581152013
4570.0 0.656030480184
4571.0 0.656159157634
4572.0 0.660866543907
4573.0 0.657289438484
4574.0 0.65906732202
4575.0 0.660493779544
4576.0 0.662908507055
4577.0 0.661663550395
4578.0 0.660930891138
4579.0 0.664403006566
4580.0 0.667441992687
4581.0 0.664057851514
4582.0 0.664846042764
4583.0 0.66741770289
4584.0 0.665075621447
4585.0 0.666414951113
4586.0 0.668712432745
4587.0 0.671880134966
4588.0 0.668916151143
4589.0 0.666665183434
4590.0 0.670811641159
4591.0 0.670504150995
4592.0 0.671811796272
4593.0 0.675127993774
4594.0 0.668892643265
4595.0 0.672968212984
4596.0 0.672670029121
4597.0 0.675248479682
4598.0 0.673100103043
4599.0 0.671549406586
4600.0 0.672257098677
4601.0 0.6710951162
4602.0 0.670859090788
4603.0 0.670736483871
4604.0 0.6720569736
4605.0 0.674156241282
4606.0 0.671916120196
4607.0 0.671428123259
4608.0 0.674894304492
4609.0 0.673051070651
4610.0 0.669791925065
4611.0 0.672062505941
4612.0 0.668683804412
4613.0 0.670576060317
4614.0 0.671801971811
4615.0 0.66978571109
4616.0 0.671740100085
4617.0 0.669162060524
4618.0 0.667948679596
4619.0 0.669690078549
4620.0 0.667706525582
4621.0 0.670411304644
4622.0 0.665617074819
4623.0 0.666573032612
4624.0 0.667950115879
4625.0 0.667631064908
4626.0 0.669258521662
4627.0 0.664069130672
4628.0 0.666794155217
4629.0 0.66748983481
4630.0 0.665313272066
4631.0 0.667319987466
4632.0 0.664680789532
4633.0 0.668513966159
4634.0 0.664838308514
4635.0 0.665956399437
4636.0 0.663818655244
4637.0 0.663906879264
4638.0 0.663316390228
4639.0 0.664012562404
4640.0 0.664730687215
4641.0 0.66449464698
4642.0 0.664116384607
4643.0 0.665642893735
4644.0 0.664254284527
4645.0 0.664396067403
4646.0 0.666770080309
4647.0 0.664523451113
4648.0 0.664213437395
4649.0 0.66736718034
4650.0 0.664632622366
4651.0 0.664712254034
4652.0 0.665471828035
4653.0 0.667518458909
4654.0 0.666516041269
4655.0 0.667903612009
4656.0 0.666973899157
4657.0 0.671559562009
4658.0 0.667121034182
4659.0 0.670207118565
4660.0 0.666612262969
4661.0 0.669133095941
4662.0 0.669264595323
4663.0 0.66917090141
4664.0 0.671438558185
4665.0 0.670328946483
4666.0 0.673001143189
4667.0 0.669872817931
4668.0 0.669213520557
4669.0 0.672041815882
4670.0 0.670841083265
4671.0 0.67302920307
4672.0 0.672014450503
4673.0 0.670797564037
4674.0 0.673463373093
4675.0 0.672305698245
4676.0 0.670758553653
4677.0 0.668962198255
4678.0 0.673783697986
4679.0 0.673183543102
4680.0 0.673185302923
4681.0 0.670254307664
4682.0 0.673261547118
4683.0 0.67531801796
4684.0 0.673612886533
4685.0 0.673605153481
4686.0 0.67353345161
4687.0 0.675318074876
4688.0 0.675092517739
4689.0 0.671287688543
4690.0 0.672361821304
4691.0 0.672831755914
4692.0 0.673606532365
4693.0 0.672347276914
4694.0 0.671622451868
4695.0 0.674374549215
4696.0 0.670988975488
4697.0 0.671292930931
4698.0 0.670982809657
4699.0 0.6726089265
4700.0 0.671352115165
4701.0 0.669236961097
4702.0 0.672102394593
4703.0 0.672188778015
4704.0 0.67369133393
4705.0 0.672205021663
4706.0 0.671650757924
4707.0 0.671600016779
4708.0 0.670728393026
4709.0 0.670584008004
4710.0 0.669670518234
4711.0 0.672161019118
4712.0 0.672655786183
4713.0 0.668067627495
4714.0 0.669881038162
4715.0 0.672762619784
4716.0 0.672074306341
4717.0 0.673324713156
4718.0 0.671264150238
4719.0 0.674824284662
4720.0 0.676708680547
4721.0 0.673868448516
4722.0 0.676440415288
4723.0 0.674513458135
4724.0 0.676646400266
4725.0 0.674269547485
4726.0 0.679228675193
4727.0 0.677913740837
4728.0 0.679464408057
4729.0 0.676947968735
4730.0 0.67840302014
4731.0 0.678786698426
4732.0 0.681859010091
4733.0 0.679614440266
4734.0 0.681885398992
4735.0 0.682914478495
4736.0 0.68271133405
4737.0 0.684821431586
4738.0 0.684567881132
4739.0 0.684521390597
4740.0 0.687872566763
4741.0 0.687045698674
4742.0 0.688521101322
4743.0 0.686022532499
4744.0 0.688829979171
4745.0 0.692080665747
4746.0 0.689705664266
4747.0 0.690683425449
4748.0 0.691200391591
4749.0 0.689311550248
4750.0 0.690000122747
4751.0 0.689939173358
4752.0 0.69341192467
4753.0 0.691487993426
4754.0 0.694604224942
4755.0 0.693434486042
4756.0 0.696211294989
4757.0 0.692530217376
4758.0 0.694747698798
4759.0 0.694080878722
4760.0 0.694150766257
4761.0 0.6939133676
4762.0 0.697199471883
4763.0 0.697123366304
4764.0 0.696070824133
4765.0 0.696923810936
4766.0 0.694835772106
4767.0 0.695967865942
4768.0 0.695825139392
4769.0 0.69502550279
4770.0 0.693403468334
4771.0 0.693954629003
4772.0 0.695133504658
4773.0 0.696872979141
4774.0 0.693119720857
4775.0 0.694499793875
4776.0 0.697218495116
4777.0 0.693438721838
4778.0 0.695114954145
4779.0 0.694277507774
4780.0 0.692475836741
4781.0 0.692267044625
4782.0 0.693558584258
4783.0 0.690996885734
4784.0 0.691862948934
4785.0 0.689311477586
4786.0 0.690508977556
4787.0 0.687845894376
4788.0 0.691432668173
4789.0 0.688866261841
4790.0 0.686935663629
4791.0 0.69130477946
4792.0 0.687733491563
4793.0 0.684890713776
4794.0 0.6864350809
4795.0 0.687245486659
4796.0 0.686260625344
4797.0 0.683103080426
4798.0 0.684774000547
4799.0 0.685421479225
4800.0 0.684650824995
4801.0 0.680471896676
4802.0 0.683058578589
4803.0 0.681853270316
4804.0 0.681809224422
4805.0 0.681242343558
4806.0 0.680694819529
4807.0 0.677318852502
4808.0 0.678262673136
4809.0 0.679812469471
4810.0 0.680362745798
4811.0 0.677613344751
4812.0 0.677489557603
4813.0 0.676787354967
4814.0 0.678296218383
4815.0 0.678108480731
4816.0 0.67920289428
4817.0 0.677229887912
4818.0 0.67629240202
4819.0 0.676235453771
4820.0 0.674971643426
4821.0 0.676937965649
4822.0 0.677286831354
4823.0 0.675109301013
4824.0 0.67548977609
4825.0 0.674245425638
4826.0 0.674514627044
4827.0 0.675280467345
4828.0 0.675828001863
4829.0 0.675027386748
4830.0 0.674382098667
4831.0 0.675818928109
4832.0 0.673326683432
4833.0 0.672840534479
4834.0 0.67589007494
4835.0 0.674301663618
4836.0 0.675457032946
4837.0 0.674957257956
4838.0 0.678990145551
4839.0 0.678300150825
4840.0 0.673566331667
4841.0 0.676552357821
4842.0 0.678963304262
4843.0 0.677802185265
4844.0 0.676825874014
4845.0 0.678546901675
4846.0 0.677477806941
4847.0 0.680376699886
4848.0 0.679695543481
4849.0 0.680251592395
4850.0 0.679381076148
4851.0 0.680262606332
4852.0 0.681987090459
4853.0 0.682535637055
4854.0 0.684205878143
4855.0 0.684784832056
4856.0 0.681900476174
4857.0 0.682667878618
4858.0 0.684097821224
4859.0 0.685280897988
4860.0 0.683875012273
4861.0 0.687269360824
4862.0 0.685929387515
4863.0 0.687620567414
4864.0 0.68875818548
4865.0 0.690554342268
4866.0 0.687833878369
4867.0 0.69028869244
4868.0 0.690758074761
4869.0 0.691459882174
4870.0 0.69178910563
4871.0 0.692601614989
4872.0 0.691822037288
4873.0 0.695422807607
4874.0 0.69409554628
4875.0 0.693317169135
4876.0 0.695561936616
4877.0 0.695446318171
4878.0 0.700486380057
4879.0 0.698012599786
4880.0 0.69845151423
4881.0 0.696535311451
4882.0 0.697437788159
4883.0 0.699640670908
4884.0 0.700780709075
4885.0 0.697733638276
4886.0 0.700334877295
4887.0 0.702471534171
4888.0 0.702397011451
4889.0 0.70378028377
4890.0 0.70439123263
4891.0 0.703216453777
4892.0 0.704571774633
4893.0 0.704166243978
4894.0 0.704817759391
4895.0 0.706911330671
4896.0 0.707460979139
4897.0 0.706299016274
4898.0 0.705846561772
4899.0 0.707222184938
4900.0 0.706449346501
4901.0 0.708607398207
4902.0 0.708004166093
4903.0 0.70931301722
4904.0 0.711609776629
4905.0 0.709651565126
4906.0 0.707844332443
4907.0 0.707553375314
4908.0 0.709345288582
4909.0 0.708850078048
4910.0 0.707757267594
4911.0 0.710439897152
4912.0 0.708791833881
4913.0 0.710898877596
4914.0 0.708885913572
4915.0 0.710584217015
4916.0 0.712082282725
4917.0 0.712668789425
4918.0 0.711245793459
4919.0 0.712444818805
4920.0 0.712989945586
4921.0 0.709503448261
4922.0 0.712344264832
4923.0 0.709873110117
4924.0 0.711261847958
4925.0 0.713298878707
4926.0 0.712216264909
4927.0 0.711132375829
4928.0 0.710615606801
4929.0 0.707848363565
4930.0 0.710514950642
4931.0 0.7127326785
4932.0 0.710953422387
4933.0 0.711298701189
4934.0 0.711259784627
4935.0 0.710120607346
4936.0 0.711101803713
4937.0 0.711466269975
4938.0 0.710005004536
4939.0 0.712906859581
4940.0 0.711874462427
4941.0 0.710340903696
4942.0 0.710284214724
4943.0 0.709670189013
4944.0 0.708391563847
4945.0 0.707371297217
4946.0 0.709673487906
4947.0 0.706736472334
4948.0 0.711371168044
4949.0 0.708943375702
4950.0 0.709793123337
4951.0 0.707286081039
4952.0 0.707085005135
4953.0 0.709014339897
4954.0 0.707753850071
4955.0 0.70912384962
4956.0 0.705353351329
4957.0 0.705778925365
4958.0 0.708442932154
4959.0 0.704981430218
4960.0 0.706114473237
4961.0 0.704070344097
4962.0 0.70417305147
4963.0 0.704212519668
4964.0 0.70592350323
4965.0 0.706750602198
4966.0 0.704111832713
4967.0 0.702971683987
4968.0 0.705267463464
4969.0 0.704655021809
4970.0 0.703481618024
4971.0 0.703967515068
4972.0 0.700840818759
4973.0 0.699764683772
4974.0 0.703828514539
4975.0 0.701308286439
4976.0 0.702336087228
4977.0 0.70055616917
4978.0 0.699534634985
4979.0 0.698772958155
4980.0 0.69990914602
4981.0 0.699493469152
4982.0 0.698896398716
4983.0 0.698618324175
4984.0 0.698258245608
4985.0 0.700661270564
4986.0 0.699347047445
4987.0 0.699179403601
4988.0 0.698543282233
4989.0 0.698157826444
4990.0 0.698041493068
4991.0 0.697978993421
4992.0 0.696948147367
4993.0 0.69823468549
4994.0 0.695440153902
4995.0 0.697433741474
4996.0 0.696778588151
4997.0 0.69350657883
4998.0 0.696000225906
4999.0 0.696212271368
5000.0 0.695755726898
5001.0 0.696098504585
5002.0 0.694913875883
5003.0 0.697113621762
5004.0 0.69380069403
5005.0 0.69548538857
5006.0 0.69514480046
5007.0 0.696914421012
5008.0 0.696118886852
5009.0 0.695696661754
5010.0 0.693988358585
5011.0 0.695879641996
5012.0 0.693516797664
5013.0 0.696800250225
5014.0 0.694625696343
5015.0 0.696530566183
5016.0 0.696475559862
5017.0 0.696415805992
5018.0 0.696419708321
5019.0 0.694665203206
5020.0 0.698368254232
5021.0 0.697349418656
5022.0 0.697601543418
5023.0 0.698354333835
5024.0 0.69951712597
5025.0 0.699405880141
5026.0 0.699963044714
5027.0 0.699234580525
5028.0 0.699707246578
5029.0 0.698817141586
5030.0 0.700587114636
5031.0 0.699473654457
5032.0 0.702243417551
5033.0 0.699422236899
5034.0 0.702346451271
5035.0 0.702317587501
5036.0 0.700526663828
5037.0 0.702079655379
5038.0 0.701885086851
5039.0 0.700224492347
5040.0 0.702643836373
5041.0 0.704650993774
5042.0 0.705057984689
5043.0 0.704026840457
5044.0 0.701806148851
5045.0 0.703412578163
5046.0 0.707357237184
5047.0 0.70672042339
5048.0 0.707900739491
5049.0 0.707973982427
5050.0 0.706498512324
5051.0 0.706291268474
5052.0 0.707846046904
5053.0 0.709091180026
5054.0 0.710147090936
5055.0 0.710258027119
5056.0 0.709450002167
5057.0 0.712892370061
5058.0 0.712193747963
5059.0 0.710419858206
5060.0 0.712913768055
5061.0 0.712282532793
5062.0 0.712291467638
5063.0 0.714828646422
5064.0 0.712877784335
5065.0 0.714225798152
5066.0 0.714896012299
5067.0 0.71531887945
5068.0 0.716699923531
5069.0 0.715171139907
5070.0 0.713926779308
5071.0 0.716312514149
5072.0 0.71723604557
5073.0 0.716540252384
5074.0 0.715808354845
5075.0 0.71767512646
5076.0 0.716810010979
5077.0 0.719368542645
5078.0 0.717669820278
5079.0 0.717004425859
5080.0 0.71732500183
5081.0 0.71630223284
5082.0 0.720019208715
5083.0 0.717197734703
5084.0 0.718142252356
5085.0 0.718946316984
5086.0 0.717897473219
5087.0 0.717228139065
5088.0 0.718637855105
5089.0 0.720536389184
5090.0 0.71780965339
5091.0 0.71946293722
5092.0 0.720075213151
5093.0 0.718288616914
5094.0 0.719243520523
5095.0 0.719539865713
5096.0 0.717771982524
5097.0 0.717550397061
5098.0 0.718072338276
5099.0 0.71876281791
5100.0 0.719817455143
5101.0 0.71816721573
5102.0 0.720456795923
5103.0 0.719689560413
5104.0 0.718562136338
5105.0 0.719524228803
5106.0 0.718736466001
5107.0 0.71742093253
5108.0 0.720098992398
5109.0 0.718622885164
5110.0 0.717005004932
5111.0 0.719550938824
5112.0 0.718211977563
5113.0 0.719811329527
5114.0 0.716889035953
5115.0 0.718747926202
5116.0 0.718747283755
5117.0 0.719085416663
5118.0 0.718200181794
5119.0 0.719872222705
5120.0 0.717102364088
5121.0 0.719951330505
5122.0 0.718352236804
5123.0 0.71828248072
5124.0 0.719295344505
5125.0 0.718836675364
5126.0 0.71986115893
5127.0 0.720047035613
5128.0 0.719227823792
5129.0 0.7186916981
5130.0 0.718517621688
5131.0 0.71966800887
5132.0 0.71821460034
5133.0 0.718073255938
5134.0 0.717229005358
5135.0 0.719633726238
5136.0 0.717167484165
5137.0 0.716338534664
5138.0 0.71951233766
5139.0 0.718744188054
5140.0 0.719025999786
5141.0 0.719468492154
5142.0 0.720231135114
5143.0 0.717439897929
5144.0 0.720126790079
5145.0 0.717968014711
5146.0 0.718834032898
5147.0 0.719059534952
5148.0 0.719070636369
5149.0 0.718829721152
5150.0 0.719116698794
5151.0 0.718610121565
5152.0 0.718248296859
5153.0 0.716488974562
5154.0 0.718836764961
5155.0 0.718001398131
5156.0 0.717082192978
5157.0 0.718575932825
5158.0 0.715765545814
5159.0 0.715918136007
5160.0 0.71664440212
5161.0 0.717730009669
5162.0 0.718794552549
5163.0 0.718394739227
5164.0 0.717668963854
5165.0 0.717263731128
5166.0 0.715828495381
5167.0 0.715020671893
5168.0 0.716782247244
5169.0 0.716368119081
5170.0 0.7164665865
5171.0 0.717828178483
5172.0 0.717703448949
5173.0 0.716411777531
5174.0 0.716656541312
5175.0 0.718275392864
5176.0 0.716005460167
5177.0 0.718736947468
5178.0 0.717498085158
5179.0 0.716340987865
5180.0 0.71777494249
5181.0 0.714456961253
5182.0 0.718134307795
5183.0 0.716807450406
5184.0 0.717781429135
5185.0 0.716261271518
5186.0 0.7186583992
5187.0 0.717205585927
5188.0 0.717520020461
5189.0 0.714998548428
5190.0 0.718064225124
5191.0 0.71534348338
5192.0 0.718048311835
5193.0 0.717033129222
5194.0 0.718405154711
5195.0 0.718606451384
5196.0 0.717369142147
5197.0 0.71803921006
5198.0 0.718040789277
5199.0 0.717827310116
5200.0 0.717580246193
5201.0 0.717398039927
5202.0 0.717629081608
5203.0 0.718193390619
5204.0 0.71836510337
5205.0 0.720162775499
5206.0 0.718175634614
5207.0 0.71963167478
5208.0 0.718796880301
5209.0 0.717492300739
5210.0 0.718427899067
5211.0 0.720716292323
5212.0 0.718653295405
5213.0 0.721202873973
5214.0 0.719612408073
5215.0 0.719338589118
5216.0 0.72117340404
5217.0 0.720288788179
5218.0 0.719624551351
5219.0 0.720024713705
5220.0 0.72074920861
5221.0 0.720367293774
5222.0 0.721386960976
5223.0 0.724029971683
5224.0 0.720908987454
5225.0 0.723850714864
5226.0 0.719438833387
5227.0 0.722706217765
5228.0 0.722088060489
5229.0 0.721687960376
5230.0 0.723855290975
5231.0 0.724152912535
5232.0 0.722747141655
5233.0 0.722902598797
5234.0 0.723121943857
5235.0 0.723442070391
5236.0 0.723486033526
5237.0 0.724070002442
5238.0 0.724464553987
5239.0 0.723689697658
5240.0 0.723871020324
5241.0 0.726301379497
5242.0 0.722474588288
5243.0 0.723872882622
5244.0 0.723830444339
5245.0 0.725067379404
5246.0 0.722533852454
5247.0 0.723547677278
5248.0 0.724831836953
5249.0 0.725646338698
5250.0 0.723447441494
5251.0 0.722149692794
5252.0 0.723590571307
5253.0 0.723426636713
5254.0 0.725286348572
5255.0 0.726320037612
5256.0 0.724162015294
5257.0 0.724992006759
5258.0 0.724560846292
5259.0 0.722082808331
5260.0 0.724550359975
5261.0 0.723141725691
5262.0 0.723974057159
5263.0 0.721900265399
5264.0 0.723219572331
5265.0 0.72152074763
5266.0 0.72354435505
5267.0 0.72217975104
5268.0 0.721789000605
5269.0 0.721279572469
5270.0 0.722479425685
5271.0 0.718885263072
5272.0 0.719284460677
5273.0 0.720143799631
5274.0 0.717685681082
5275.0 0.720075272842
5276.0 0.717301587032
5277.0 0.716469606324
5278.0 0.717518222207
5279.0 0.717692960018
5280.0 0.71514386697
5281.0 0.716095257809
5282.0 0.714470137456
5283.0 0.715183644857
5284.0 0.71452873453
5285.0 0.713986979644
5286.0 0.71443489948
5287.0 0.713462186525
5288.0 0.712905119282
5289.0 0.713929826605
5290.0 0.713583986259
5291.0 0.712475855561
5292.0 0.711656105135
5293.0 0.711363853919
5294.0 0.711992491289
5295.0 0.711681615019
5296.0 0.711994209169
5297.0 0.711170211484
5298.0 0.710595512288
5299.0 0.710516250277
5300.0 0.710677016828
5301.0 0.710410352751
5302.0 0.711628892207
5303.0 0.7105164285
5304.0 0.710439277814
5305.0 0.710850796823
5306.0 0.710260805153
5307.0 0.710221271106
5308.0 0.710031943171
5309.0 0.71049828405
5310.0 0.709751917156
5311.0 0.712036566521
5312.0 0.71181208127
5313.0 0.710508106831
5314.0 0.711881601629
5315.0 0.710900188543
5316.0 0.712159295789
5317.0 0.711874502667
5318.0 0.712546421441
5319.0 0.713264880768
5320.0 0.710237269006
5321.0 0.713023607501
5322.0 0.714011789283
5323.0 0.712968905774
5324.0 0.714346626191
5325.0 0.716323864309
5326.0 0.715313692161
5327.0 0.718117280741
5328.0 0.716894240269
5329.0 0.714204713642
5330.0 0.716869433803
5331.0 0.717769267175
5332.0 0.717820845283
5333.0 0.717953980185
5334.0 0.71769219976
5335.0 0.71807344887
5336.0 0.719648358131
5337.0 0.720174807971
5338.0 0.718864499474
5339.0 0.71862239234
5340.0 0.71926753608
5341.0 0.722449182357
5342.0 0.720991591738
5343.0 0.721716444701
5344.0 0.72245241534
5345.0 0.722236349528
5346.0 0.722422650828
5347.0 0.72296183122
5348.0 0.723020308778
5349.0 0.723017272023
5350.0 0.723551117566
5351.0 0.721544829755
5352.0 0.723745671816
5353.0 0.723179804999
5354.0 0.722613507633
5355.0 0.723806073377
5356.0 0.72330796194
5357.0 0.722660815295
5358.0 0.724129583284
5359.0 0.721945764751
5360.0 0.723979137566
5361.0 0.722790280761
5362.0 0.72191943604
5363.0 0.722187025224
5364.0 0.723344179031
5365.0 0.724100223918
5366.0 0.723646913202
5367.0 0.724076929794
5368.0 0.725393841962
5369.0 0.72247824569
5370.0 0.723470907512
5371.0 0.724457757183
5372.0 0.722901156594
5373.0 0.72249378005
5374.0 0.721567591859
5375.0 0.722453273078
5376.0 0.721802914545
5377.0 0.721329117738
5378.0 0.720850356717
5379.0 0.720875816345
5380.0 0.723123737799
5381.0 0.720885646934
5382.0 0.72070008556
5383.0 0.722339525745
5384.0 0.720991158208
5385.0 0.723980216369
5386.0 0.722164457082
5387.0 0.723039996344
5388.0 0.720393157887
5389.0 0.720421830863
5390.0 0.72196833516
5391.0 0.719211781931
5392.0 0.722289724588
5393.0 0.721998479485
5394.0 0.72259102598
5395.0 0.721817567694
5396.0 0.721091899209
5397.0 0.720292055289
5398.0 0.719704036323
5399.0 0.720524689769
5400.0 0.720140600395
5401.0 0.719386436362
5402.0 0.718941921628
5403.0 0.720091249016
5404.0 0.717912110983
5405.0 0.717064602638
5406.0 0.717986317692
5407.0 0.717021055498
5408.0 0.718188501007
5409.0 0.715520953258
5410.0 0.715545239791
5411.0 0.714544878672
5412.0 0.713580367434
5413.0 0.714965588826
5414.0 0.71469364529
5415.0 0.711936791834
5416.0 0.710059331358
5417.0 0.71083789459
5418.0 0.711911010183
5419.0 0.710347270831
5420.0 0.708707254825
5421.0 0.708703360309
5422.0 0.708066740787
5423.0 0.707716757444
5424.0 0.707281112544
5425.0 0.706308776552
5426.0 0.705760078064
5427.0 0.704517796148
5428.0 0.706329713369
5429.0 0.704178252303
5430.0 0.703463953737
5431.0 0.702900196113
5432.0 0.701063637055
5433.0 0.700653199166
5434.0 0.699851019583
5435.0 0.699254426321
5436.0 0.697358051895
5437.0 0.694919456478
5438.0 0.695109047581
5439.0 0.693849172452
5440.0 0.690473081419
5441.0 0.689373608942
5442.0 0.687092588744
5443.0 0.684920704444
5444.0 0.681915474544
5445.0 0.677609504013
5446.0 0.671799438921
5447.0 0.667122127289
5448.0 0.661285529249
5449.0 0.654912998793
5450.0 0.648251034943
5451.0 0.637217573684
5452.0 0.628555989874
5453.0 0.617992559645
5454.0 0.606084987197
5455.0 0.592374156207
5456.0 0.581147998688
5457.0 0.569021399646
5458.0 0.551940230089
5459.0 0.536372691542
5460.0 0.519040987058
5461.0 0.500592949452
5462.0 0.480565304399
5463.0 0.460492672148
5464.0 0.439618934096
5465.0 0.419686925576
5466.0 0.399078108278
5467.0 0.378610924285
5468.0 0.357393957904
5469.0 0.338188778631
5470.0 0.324513936763
5471.0 0.305571140969
5472.0 0.285436661162
5473.0 0.267426303788
5474.0 0.249908583844
5475.0 0.232724821831
5476.0 0.216714295034
5477.0 0.201231341281
5478.0 0.186151316647
5479.0 0.173594743407
5480.0 0.161169777301
5481.0 0.149001023386
5482.0 0.138443020178
5483.0 0.127530842324
5484.0 0.118006478343
5485.0 0.111939305854
5486.0 0.10360782246
5487.0 0.09574790674
5488.0 0.088816203459
5489.0 0.082111469913
5490.0 0.075908238702
5491.0 0.070340670225
5492.0 0.065089255415
5493.0 0.060389578846
5494.0 0.056059568245
5495.0 0.051934379615
5496.0 0.048245424794
5497.0 0.04472643967
5498.0 0.041660212461
5499.0 0.038743995185
5500.0 0.036151448457
5501.0 0.033618438181
5502.0 0.031304750503
5503.0 0.029246102872
5504.0 0.027843438612
5505.0 0.026071872369
5506.0 0.024412856806
5507.0 0.022862374752
5508.0 0.021482193133
5509.0 0.020045762819
5510.0 0.018781657746
5511.0 0.017650327343
5512.0 0.016559950761
5513.0 0.015586403124
5514.0 0.014636971474
5515.0 0.013816755369
5516.0 0.013030428263
5517.0 0.01230199593
5518.0 0.011603379253
5519.0 0.011012805663
5520.0 0.010417561068
5521.0 0.009817759771
5522.0 0.009258628361
5523.0 0.008794098201
5524.0 0.008363984712
5525.0 0.007923300167
5526.0 0.007533994727
5527.0 0.007109935064
5528.0 0.006849670133
5529.0 0.006519530097
5530.0 0.006178918891
5531.0 0.005916542448
5532.0 0.0056824069
5533.0 0.005362331514
5534.0 0.005183912644
5535.0 0.004934239455
5536.0 0.004760518812
5537.0 0.004523593211
5538.0 0.004311753507
5539.0 0.004103747113
5540.0 0.00393300798
5541.0 0.003833928702
5542.0 0.003682700754
5543.0 0.003533332793
5544.0 0.00338552412
5545.0 0.003257033756
5546.0 0.003165269008
5547.0 0.003031611186
5548.0 0.002894894468
5549.0 0.002823561994
5550.0 0.002687734218
5551.0 0.002638475185
5552.0 0.002541923018
5553.0 0.002453625796
5554.0 0.002372096167
5555.0 0.002305296414
5556.0 0.002223984638
5557.0 0.002151473538
5558.0 0.002070763297
5559.0 0.002055367463
5560.0 0.002045567937
5561.0 0.001903345242
5562.0 0.001841322021
5563.0 0.001806700308
5564.0 0.001857890252
5565.0 0.001716352322
5566.0 0.001688439877
5567.0 0.001668742907
5568.0 0.001610488638
5569.0 0.001590322089
5570.0 0.001523655725
5571.0 0.001504121655
5572.0 0.001393188428
5573.0 0.001427619997
5574.0 0.001469530975
5575.0 0.0013646109
5576.0 0.001335654538
5577.0 0.00127685071
5578.0 0.001275818854
5579.0 0.001234744019
5580.0 0.001186918849
5581.0 0.001159777556
5582.0 0.001156622442
5583.0 0.00117107198
5584.0 0.001110420324
5585.0 0.001110327531
5586.0 0.001106181422
5587.0 0.001078363535
5588.0 0.001028237141
5589.0 0.00100899677
5590.0 0.001002224274
5591.0 0.0009864355
5592.0 0.000905542987
5593.0 0.000907466205
5594.0 0.000937329176
5595.0 0.000940473564
5596.0 0.000921007312
5597.0 0.000883201029
5598.0 0.000856536711
5599.0 0.00086067922
5600.0 0.000862042551
5601.0 0.00080878467
5602.0 0.000816747065
5603.0 0.000776179121
5604.0 0.000784104313
5605.0 0.00073835684
5606.0 0.000764125004
5607.0 0.000746496381
5608.0 0.000708907713
