6870.0 0.000423286705
6872.0 0.000522989662
6874.0 0.000609306352
6876.0 0.000596364884
6878.0 0.000732998695
6880.0 0.000763494906
6882.0 0.0008145572
6884.0 0.000937954315
6886.0 0.000838889702
6888.0 0.000835561517
6890.0 0.001031515189
6892.0 0.000849553812
6894.0 0.000893301693
6896.0 0.00113665164
6898.0 0.000945691235
6900.0 0.001217418333
6902.0 0.001027615654
6904.0 0.001298012849
6906.0 0.001123326061
6908.0 0.001372460815
6910.0 0.001273738228
6912.0 0.001447691351
6914.0 0.001498794343
6916.0 0.001366095729
6918.0 0.001578375039
6920.0 0.001484921494
6922.0 0.001661744256
6924.0 0.001692622362
6926.0 0.001619116151
6928.0 0.001781101541
6930.0 0.001820771654
6932.0 0.001809777537
6934.0 0.001880039824
6936.0 0.001858685091
6938.0 0.001976203547
6940.0 0.001954550004
6942.0 0.001942164423
6944.0 0.002038978909
6946.0 0.002094647869
6948.0 0.002205926158
6950.0 0.002212011389
6952.0 0.002306556508
6954.0 0.002354550967
6956.0 0.00236375468
6958.0 0.002303303805
6960.0 0.002503715182
6962.0 0.002556845318
6964.0 0.002623651701
6966.0 0.002662020598
6968.0 0.002745071916
6970.0 0.00280294677
6972.0 0.00287449346
6974.0 0.002949921272
6976.0 0.003030314141
6978.0 0.003107373265
6980.0 0.003178755243
6982.0 0.003278073603
6984.0 0.003368110694
6986.0 0.003467994212
6988.0 0.003519228582
6990.0 0.003637423418
6992.0 0.003731329465
6994.0 0.003892478912
6996.0 0.003933498725
6998.0 0.004148175345
7000.0 0.004229361193
7002.0 0.004428602427
7004.0 0.004570470298
7006.0 0.004709609008
7008.0 0.004874670894
7010.0 0.005060420543
7012.0 0.00525383361
7014.0 0.00549714116
7016.0 0.005702543832
7018.0 0.005653212581
7020.0 0.006128729727
7022.0 0.006385857562
7024.0 0.006659955877
7026.0 0.006926957101
7028.0 0.007187881241
7030.0 0.007405869605
7032.0 0.007868782422
7034.0 0.008237317115
7036.0 0.008609998324
7038.0 0.008968600852
7040.0 0.009264622734
7042.0 0.009571415516
7044.0 0.01026313141
7046.0 0.010774726377
7048.0 0.011303334107
7050.0 0.011768782504
7052.0 0.012398805698
7054.0 0.012984965203
7056.0 0.013720364017
7058.0 0.014353996501
7060.0 0.014956148641
7062.0 0.01579565654
7064.0 0.016699793794
7066.0 0.01755801077
7068.0 0.018240885601
7070.0 0.019255724992
7072.0 0.020392211058
7074.0 0.021397707474
7076.0 0.022610882816
7078.0 0.023708564841
7080.0 0.024608927428
7082.0 0.02619455285
7084.0 0.027689432074
7086.0 0.029128060198
7088.0 0.030455009166
7090.0 0.031616179467
7092.0 0.033679212973
7094.0 0.035504102169
7096.0 0.037161927657
7098.0 0.038941109435
7100.0 0.040722954584
7102.0 0.042848439201
7104.0 0.044944022909
7106.0 0.0471959444
7108.0 0.049087067787
7110.0 0.051541248081
7112.0 0.054054251879
7114.0 0.056524533515
7116.0 0.059114669494
7118.0 0.061644183194
7120.0 0.063880653206
7122.0 0.06715057996
7124.0 0.070079739903
7126.0 0.073138224319
7128.0 0.076147020511
7130.0 0.078702738691
7132.0 0.082362407157
7134.0 0.085846907027
7136.0 0.089110431833
7138.0 0.092872944849
7140.0 0.095939896906
7142.0 0.09990314732
7144.0 0.104127793656
7146.0 0.108326202984
7148.0 0.111999744851
7150.0 0.114872370501
7152.0 0.120344043758
7154.0 0.125518696142
7156.0 0.130040180045
7158.0 0.133848670635
7160.0 0.139318382188
7162.0 0.145018052229
7164.0 0.149109902647
7166.0 0.152946320605
7168.0 0.159312291257
7170.0 0.15525712889
7172.0 0.165192171573
7174.0 0.178107384129
7176.0 0.173222742633
7178.0 0.18382494664
7180.0 0.186029590731
7182.0 0.207916884944
7184.0 0.193103647629
7186.0 0.198837058851
7188.0 0.19443228531
7190.0 0.23615197451
7192.0 0.25136048283
7194.0 0.227103826409
7196.0 0.23640427326
7198.0 0.274277880026
7200.0 0.264393630211
7202.0 0.278421963492
7204.0 0.308536814502
7206.0 0.272258834726
7208.0 0.288920692582
7210.0 0.34671011034
7212.0 0.349302001569
7214.0 0.372286933613
7216.0 0.387060846718
7218.0 0.392124392667
7220.0 0.406719084638
7222.0 0.427100966637
7224.0 0.441511487071
7226.0 0.424098574137
7228.0 0.468619265193
7230.0 0.462142292764
7232.0 0.495568033337
7234.0 0.48671440784
7236.0 0.499266613068
7238.0 0.492201185197
7240.0 0.546344380579
7242.0 0.534320949711
7244.0 0.574617137572
7246.0 0.504237153103
7248.0 0.559109983683
7250.0 0.611224209444
7252.0 0.599293126545
7254.0 0.556594429338
7256.0 0.586173121713
7258.0 0.651036030232
7260.0 0.6263687693
7262.0 0.660407333124
7264.0 0.655933244404
7266.0 0.662753676593
7268.0 0.596277777078
7270.0 0.695229376214
7272.0 0.665609484099
7274.0 0.706243419099
7276.0 0.708508787509
7278.0 0.678257306603
7280.0 0.680764629094
7282.0 0.714289414308
7284.0 0.704791699405
7286.0 0.73039960889
7288.0 0.732448992928
7290.0 0.691917361129
7292.0 0.642237286535
7294.0 0.710763526244
7296.0 0.725739982274
7298.0 0.724021790294
7300.0 0.734877486374
7302.0 0.697463856107
7304.0 0.721098592448
7306.0 0.662174559562
7308.0 0.734201850163
7310.0 0.741824467376
7312.0 0.689214180194
7314.0 0.73715851918
7316.0 0.740830889698
7318.0 0.72204209337
7320.0 0.713082678977
7322.0 0.742081711289
7324.0 0.741520221794
7326.0 0.726096102551
7328.0 0.74149832952
7330.0 0.736198532052
7332.0 0.74071195036
7334.0 0.74091760019
7336.0 0.715973684358
7338.0 0.737771361688
7340.0 0.740811453434
7342.0 0.73786371584
7344.0 0.738946772752
7346.0 0.723281082513
7348.0 0.738776601494
7350.0 0.730351030255
7352.0 0.72164210408
7354.0 0.737656342507
7356.0 0.733405532562
7358.0 0.730902209227
7360.0 0.736201558161
7362.0 0.723907151814
7364.0 0.729843314871
7366.0 0.721035256075
7368.0 0.728005043797
7370.0 0.731110310101
7372.0 0.732182031505
7374.0 0.730699872518
7376.0 0.731705404674
7378.0 0.733224186444
7380.0 0.725881060985
7382.0 0.734352945189
7384.0 0.72777640543
7386.0 0.721834118301
7388.0 0.734966475731
7390.0 0.734877746733
7392.0 0.726999223233
7394.0 0.730004059813
7396.0 0.732963235758
7398.0 0.724270533725
7400.0 0.730947678733
7402.0 0.731992387042
7404.0 0.731368949017
7406.0 0.72977476133
7408.0 0.72941457267
7410.0 0.729186038885
7412.0 0.728866640647
7414.0 0.729820364993
7416.0 0.729269900965
7418.0 0.7272918688
7420.0 0.728527800173
7422.0 0.728448119103
7424.0 0.728229987378
7426.0 0.727961263212
7428.0 0.725932187466
7430.0 0.727250064763
7432.0 0.727564353121
7434.0 0.727244988624
7436.0 0.72696062157
7438.0 0.726635437762
7440.0 0.72613623997
7442.0 0.725921100017
7444.0 0.725607256905
7446.0 0.725609202582
7448.0 0.725360127619
7450.0 0.725312297562
7452.0 0.72472949425
7454.0 0.723946697952
7456.0 0.723750115032
7458.0 0.723312094941
7460.0 0.722686903584
7462.0 0.722295880049
7464.0 0.721800612767
7466.0 0.721213348234
7468.0 0.720567423323
7470.0 0.71981227837
7472.0 0.719484627171
7474.0 0.719392007583
7476.0 0.719246162274
7478.0 0.719040015485
7480.0 0.718851854223
7482.0 0.718518720975
7484.0 0.718273160773
7486.0 0.717930672376
7488.0 0.717656695623
7490.0 0.717334460698
7492.0 0.716982836104
7494.0 0.716724737983
7496.0 0.71639973986
7498.0 0.716126961802
7500.0 0.715824323955
7502.0 0.715528756364
7504.0 0.715293664263
7506.0 0.715051545337
7508.0 0.714805517116
7510.0 0.714390191038
7512.0 0.713762095558
7514.0 0.71313781904
7516.0 0.712476071009
7518.0 0.711800002262
7520.0 0.711183807714
7522.0 0.710538087504
7524.0 0.710287187404
7526.0 0.710067155113
7528.0 0.709855279983
7530.0 0.709613343721
7532.0 0.709336641237
7534.0 0.70903164529
7536.0 0.708786067743
7538.0 0.708498424599
7540.0 0.708201741973
7542.0 0.707862795214
7544.0 0.70759506663
7546.0 0.707280165636
7548.0 0.706952120683
7550.0 0.706602567216
7552.0 0.706452002361
7554.0 0.706234866274
7556.0 0.706054363492
7558.0 0.705822093556
7560.0 0.705633573809
7562.0 0.704839437879
7564.0 0.704041267951
7566.0 0.703233406698
7568.0 0.70241981344
7570.0 0.701633367051
7572.0 0.701159881953
7574.0 0.700716644211
7576.0 0.700265477542
7578.0 0.699775098903
7580.0 0.699340700519
7582.0 0.69905987264
7584.0 0.698719863104
7586.0 0.698428402909
7588.0 0.697967286911
7590.0 0.697257594004
7592.0 0.695992958708
7594.0 0.693109142064
7596.0 0.434153912749
7598.0 0.269447364242
7600.0 0.370645732563
7602.0 0.207014372121
7604.0 0.082465224567
7606.0 0.116494450913
7608.0 0.17324702904
7610.0 0.175030424809
7612.0 0.222370967956
7614.0 0.206170872073
7616.0 0.527216556592
7618.0 0.359582678224
7620.0 0.676870873199
7622.0 0.636261830719
7624.0 0.606057558811
7626.0 0.332345464874
7628.0 0.600675767514
7630.0 0.214799401679
7632.0 0.582524721752
7634.0 0.189034330311
7636.0 0.598191345898
7638.0 0.231369942753
7640.0 0.617400262634
7642.0 0.233190831442
7644.0 0.617510763098
7646.0 0.29862161326
7648.0 0.480010190371
7650.0 0.648114567012
7652.0 0.293380804922
7654.0 0.660112457511
7656.0 0.371102363636
7658.0 0.616385937876
7660.0 0.672791878171
7662.0 0.465102039139
7664.0 0.672137643414
7666.0 0.670198675028
7668.0 0.474325760237
7670.0 0.677123801274
7672.0 0.66869938779
7674.0 0.53028884795
7676.0 0.679194686178
7678.0 0.672988499292
7680.0 0.574854061655
7682.0 0.678983575654
7684.0 0.678114946225
7686.0 0.606929952751
7688.0 0.677851220492
7690.0 0.676737797753
7692.0 0.632330076666
7694.0 0.676087955193
7696.0 0.675449130863
7698.0 0.652696876503
7700.0 0.675109526435
7702.0 0.674769895932
7704.0 0.674607232838
7706.0 0.66386331526
7708.0 0.674498129254
7710.0 0.673980708256
7712.0 0.668800227602
7714.0 0.672528851443
7716.0 0.670959565209
7718.0 0.670380406595
7720.0 0.668277681678
7722.0 0.669294121853
7724.0 0.668106177124
7726.0 0.669232506192
7728.0 0.666547349226
7730.0 0.668210729217
7732.0 0.666319622003
7734.0 0.667353431702
7736.0 0.665673852427
7738.0 0.666481970124
7740.0 0.66604756377
7742.0 0.664656170738
7744.0 0.665008813412
7746.0 0.663982375354
7748.0 0.664025858508
7750.0 0.663538080358
7752.0 0.662830490167
7754.0 0.6628400307
7756.0 0.66246190736
7758.0 0.661932584854
7760.0 0.661788798544
7762.0 0.661338560482
7764.0 0.660778536202
7766.0 0.660435577968
7768.0 0.659982604884
7770.0 0.659479616349
7772.0 0.65911119427
7774.0 0.658693008981
7776.0 0.658250730905
7778.0 0.65777494164
7780.0 0.657415119459
7782.0 0.656920645562
7784.0 0.656405893783
7786.0 0.655931873231
7788.0 0.655437574976
7790.0 0.654920742452
7792.0 0.654608862386
7794.0 0.654143705567
7796.0 0.653873313407
7798.0 0.65337686341
7800.0 0.652881464326
7802.0 0.652316485706
7804.0 0.651745472885
7806.0 0.651183070075
7808.0 0.650621183783
7810.0 0.650050018861
7812.0 0.64932451999
7814.0 0.648680637307
7816.0 0.648008646149
7818.0 0.647355411376
7820.0 0.646737772413
7822.0 0.646319367765
7824.0 0.645922875021
7826.0 0.645624966014
7828.0 0.645195413795
7830.0 0.644781032668
7832.0 0.64428816592
7834.0 0.643645350758
7836.0 0.6431099967
7838.0 0.642485627803
7840.0 0.641903838279
7842.0 0.640699129341
7844.0 0.641135479507
7846.0 0.640718510959
7848.0 0.639473967556
7850.0 0.639898724943
7852.0 0.639545121708
7854.0 0.639246452757
7856.0 0.637856125978
7858.0 0.638224298684
7860.0 0.637945663904
7862.0 0.637662464875
7864.0 0.636667529405
7866.0 0.636385761753
7868.0 0.630139537865
7870.0 0.635515992666
7872.0 0.63105921317
7874.0 0.634746038626
7876.0 0.634113678011
7878.0 0.630789465233
7880.0 0.633140197814
7882.0 0.629944312543
7884.0 0.629871171249
7886.0 0.63115305324
7888.0 0.628994031051
7890.0 0.629774108207
7892.0 0.626860921693
7894.0 0.620555044371
7896.0 0.618389431998
7898.0 0.605570444027
7900.0 0.628317791576
7902.0 0.626918571329
7904.0 0.608073198909
7906.0 0.624891743827
7908.0 0.625897037279
7910.0 0.624667587611
7912.0 0.620758641449
7914.0 0.621572917686
7916.0 0.623645878166
7918.0 0.614706987472
7920.0 0.61552824105
7922.0 0.62144244466
7924.0 0.621280745493
7926.0 0.617407301082
7928.0 0.620495326674
7930.0 0.618542262475
7932.0 0.61577582915
7934.0 0.614903417905
7936.0 0.618738672399
7938.0 0.618280741849
7940.0 0.617824944423
7942.0 0.617174943045
7944.0 0.613242018444
7946.0 0.616063384319
7948.0 0.615366404002
7950.0 0.60980657368
7952.0 0.613987088799
7954.0 0.613194562654
7956.0 0.609059388794
7958.0 0.61052989934
7960.0 0.610619697426
7962.0 0.607497606098
7964.0 0.604807729118
7966.0 0.608378394457
7968.0 0.610412485572
7970.0 0.601939895288
7972.0 0.609360177227
7974.0 0.599359487211
7976.0 0.605797238236
7978.0 0.607500685808
7980.0 0.606348621166
7982.0 0.604103397178
7984.0 0.605484875083
7986.0 0.600592808103
7988.0 0.602725377311
7990.0 0.602476006153
7992.0 0.604368786949
7994.0 0.602891047871
7996.0 0.599450876703
7998.0 0.601458087154
8000.0 0.596834171906
8002.0 0.594157236327
8004.0 0.600295879517
8006.0 0.599217320029
8008.0 0.599834217161
8010.0 0.576309534593
8012.0 0.598969392556
8014.0 0.597375002845
8016.0 0.58996014123
8018.0 0.596783145448
8020.0 0.592502264394
8022.0 0.595587882662
8024.0 0.592077075849
8026.0 0.588038518388
8028.0 0.591435554551
8030.0 0.58939799087
8032.0 0.592112250911
8034.0 0.591589112208
8036.0 0.583757037299
8038.0 0.589587694567
8040.0 0.590063191485
8042.0 0.584759679548
8044.0 0.587927522438
8046.0 0.584583237088
8048.0 0.580981242156
8050.0 0.588727543723
8052.0 0.588049458952
8054.0 0.587399395671
8056.0 0.586464819555
8058.0 0.585956913149
8060.0 0.586013692823
8062.0 0.581846488047
8064.0 0.583136656837
8066.0 0.582236504244
8068.0 0.582438272774
8070.0 0.582617204349
8072.0 0.577021549884
8074.0 0.582107421505
8076.0 0.581791066308
8078.0 0.578116489435
8080.0 0.580578405083
8082.0 0.577978469718
8084.0 0.577212536957
8086.0 0.578872692399
8088.0 0.571454597713
8090.0 0.577165598686
8092.0 0.576612376691
8094.0 0.57547191221
8096.0 0.572202484832
8098.0 0.572458734518
8100.0 0.572634732108
8102.0 0.573213904638
8104.0 0.569042623268
8106.0 0.572180017669
8108.0 0.570842169644
8110.0 0.560296408095
8112.0 0.568057407685
8114.0 0.568874878245
8116.0 0.545059246729
8118.0 0.568750147106
8120.0 0.564796995265
8122.0 0.566810563697
8124.0 0.559142842957
8126.0 0.559015828122
8128.0 0.556073573268
8130.0 0.564985992043
8132.0 0.54833256418
8134.0 0.557848115598
8136.0 0.495936331528
8138.0 0.5555607979
8140.0 0.561495233285
8142.0 0.546650540104
8144.0 0.508781363739
8146.0 0.529434705636
8148.0 0.540815461722
8150.0 0.532464177981
8152.0 0.494937487308
8154.0 0.554071625627
8156.0 0.52075017169
8158.0 0.552103114267
8160.0 0.480527074267
8162.0 0.553753100579
8164.0 0.415728760112
8166.0 0.53316646797
8168.0 0.536926467668
8170.0 0.550082234578
8172.0 0.405789937787
8174.0 0.548743317241
8176.0 0.547358227415
8178.0 0.547413407591
8180.0 0.477884069411
8182.0 0.538905395769
8184.0 0.466680703524
8186.0 0.544085841153
8188.0 0.53582002389
8190.0 0.540356407143
8192.0 0.459831199836
8194.0 0.541989144908
8196.0 0.525514450531
8198.0 0.543164410043
8200.0 0.417616306464
8202.0 0.513396624
8204.0 0.540011363221
8206.0 0.54121881178
8208.0 0.540723290498
8210.0 0.540013585033
8212.0 0.524704821597
8214.0 0.509281279044
8216.0 0.536613467773
8218.0 0.53771039576
8220.0 0.481835218402
8222.0 0.536128978697
8224.0 0.498994125021
8226.0 0.488834407608
8228.0 0.503300055896
8230.0 0.416905400825
8232.0 0.474266231993
8234.0 0.397092114446
8236.0 0.461414028015
8238.0 0.524283025138
8240.0 0.507946618655
8242.0 0.509177861926
8244.0 0.529126841302
8246.0 0.443383838261
8248.0 0.529229757431
8250.0 0.528409737803
8252.0 0.52767030273
8254.0 0.526135785921
8256.0 0.525847104871
8258.0 0.520045434239
8260.0 0.518260550137
8262.0 0.475723260181
8264.0 0.522919069871
8266.0 0.486219533757
8268.0 0.522478988939
8270.0 0.522268034581
8272.0 0.519968496068
8274.0 0.474455866641
8276.0 0.501339935017
8278.0 0.515281066121
8280.0 0.51759131399
8282.0 0.457977174988
8284.0 0.425710203749
8286.0 0.516748121142
8288.0 0.515608859683
8290.0 0.407651794198
8292.0 0.471102395515
8294.0 0.514011430377
8296.0 0.465864831512
8298.0 0.499102147995
8300.0 0.512492371694
8302.0 0.506556246707
8304.0 0.511348170311
8306.0 0.502339583733
8308.0 0.497188158648
8310.0 0.507611077405
8312.0 0.507298378666
8314.0 0.471755222367
8316.0 0.498534837016
8318.0 0.493158738939
8320.0 0.462369485597
8322.0 0.506548515225
8324.0 0.406072565164
8326.0 0.505809302049
8328.0 0.503528049373
8330.0 0.504232533554
8332.0 0.46595032839
8334.0 0.497269482284
8336.0 0.481164726856
8338.0 0.486523427172
8340.0 0.500509993461
8342.0 0.496475215882
8344.0 0.4932033459
8346.0 0.497711160757
8348.0 0.498307062785
8350.0 0.495724044377
8352.0 0.484932307104
8354.0 0.496401068995
8356.0 0.48257382323
8358.0 0.494978807978
8360.0 0.486097052933
8362.0 0.489881101728
8364.0 0.481641539514
8366.0 0.492381356836
8368.0 0.491664702458
8370.0 0.477238876877
8372.0 0.489078348144
8374.0 0.489731774693
8376.0 0.476853734811
8378.0 0.485808598033
8380.0 0.484726159211
8382.0 0.487093908211
8384.0 0.484467455114
8386.0 0.481381841044
8388.0 0.477621623152
8390.0 0.481588404453
8392.0 0.482871090403
8394.0 0.483360137158
8396.0 0.477455323661
8398.0 0.481596541629
8400.0 0.478152171549
8402.0 0.478737142802
8404.0 0.480041637001
8406.0 0.478338937281
8408.0 0.471769712153
8410.0 0.477322062091
8412.0 0.473914477966
8414.0 0.47651493354
8416.0 0.475632769331
8418.0 0.468909512838
8420.0 0.473215471856
8422.0 0.474070564489
8424.0 0.473230457922
8426.0 0.472480289463
8428.0 0.471550777077
8430.0 0.469499495972
8432.0 0.468866361246
8434.0 0.469687050904
8436.0 0.468903116242
8438.0 0.467828817619
8440.0 0.465369444793
8442.0 0.466801981168
8444.0 0.466591430427
8446.0 0.466080025588
8448.0 0.465048862684
8450.0 0.464806181081
8452.0 0.463825544351
8454.0 0.462572628435
8456.0 0.46295425456
8458.0 0.462395935799
8460.0 0.461622256241
8462.0 0.460401380433
8464.0 0.460193346578
8466.0 0.459417570331
8468.0 0.459109086121
8470.0 0.458322277006
8472.0 0.457345984861
8474.0 0.457217744089
8476.0 0.45628061446
8478.0 0.456023884837
8480.0 0.454073693385
8482.0 0.452289521115
8484.0 0.454004901918
8486.0 0.45336938185
8488.0 0.452666344352
8490.0 0.451761152516
8492.0 0.451377755232
8494.0 0.448832046979
8496.0 0.449154956891
8498.0 0.449413679743
8500.0 0.448816376868
8502.0 0.447168419549
8504.0 0.447777512511
8506.0 0.446798461276
8508.0 0.444582078849
8510.0 0.446307393498
8512.0 0.445067106362
8514.0 0.440985500935
8516.0 0.443737077598
8518.0 0.442769102532
8520.0 0.442832486882
8522.0 0.438869427054
8524.0 0.441647688053
8526.0 0.440884221369
8528.0 0.440257870732
8530.0 0.439699639262
8532.0 0.438318624348
8534.0 0.437975747943
8536.0 0.437887362595
8538.0 0.437233596374
8540.0 0.436626458638
8542.0 0.434781797137
8544.0 0.435175658699
8546.0 0.43449860544
8548.0 0.433547190137
8550.0 0.432973068319
8552.0 0.432279970867
8554.0 0.431893395356
8556.0 0.429479155954
8558.0 0.430252134598
8560.0 0.430017773068
8562.0 0.429303160914
8564.0 0.42859335632
8566.0 0.427941088149
8568.0 0.427264178498
8570.0 0.426561187084
8572.0 0.425861245392
8574.0 0.424650055246
8576.0 0.423966225708
8578.0 0.42336511803
8580.0 0.423099781655
8582.0 0.422448007197
8584.0 0.421454679734
8586.0 0.420957806354
8588.0 0.420286140698
8590.0 0.419512128315
8592.0 0.418919146231
8594.0 0.417831293523
8596.0 0.417713407817
8598.0 0.417082245721
8600.0 0.416500326549
8602.0 0.41590012267
8604.0 0.415219886946
8606.0 0.414625941877
8608.0 0.413701342051
8610.0 0.413209356579
8612.0 0.412574356208
8614.0 0.412092276959
8616.0 0.411485227362
8618.0 0.410814624282
8620.0 0.410202996209
8622.0 0.40946059091
8624.0 0.408756419786
8626.0 0.408287628156
8628.0 0.407593212022
8630.0 0.40688810614
8632.0 0.406169857993
8634.0 0.405440093953
8636.0 0.40481165363
8638.0 0.404006843466
8640.0 0.403289481098
8642.0 0.40248504519
8644.0 0.401686128685
8646.0 0.400850940839
8648.0 0.400014820035
8650.0 0.399173572558
8652.0 0.397954528726
8654.0 0.396751982098
8656.0 0.395633685611
8658.0 0.394374022726
8660.0 0.393327398727
8662.0 0.39155299219
8664.0 0.389870093677
8666.0 0.388111571623
8668.0 0.386319187085
8670.0 0.384680311352
8672.0 0.382071995813
8674.0 0.379602857856
8676.0 0.377063753886
8678.0 0.37446341663
8680.0 0.372004177483
8682.0 0.368368589271
8684.0 0.364701624792
8686.0 0.361126991146
8688.0 0.35751041835
8690.0 0.353897884745
8692.0 0.348788169916
8694.0 0.343767981839
8696.0 0.338743647207
8698.0 0.333741373353
8700.0 0.328725917175
8702.0 0.322386515864
8704.0 0.316090806956
8706.0 0.309824993883
8708.0 0.303568003032
8710.0 0.297266426524
8712.0 0.289751919496
8714.0 0.28220393571
8716.0 0.274694053444
8718.0 0.26719636296
8720.0 0.25970517919
8722.0 0.25154891408
8724.0 0.243400621379
8726.0 0.235293646451
8728.0 0.227205575198
8730.0 0.219152236911
8732.0 0.211079956848
8734.0 0.203064043754
8736.0 0.195060040983
8738.0 0.186993187928
8740.0 0.179121765393
8742.0 0.171622088661
8744.0 0.164134478912
8746.0 0.15667105803
8748.0 0.149237503157
8750.0 0.14182636349
8752.0 0.135301090352
8754.0 0.128798271063
8756.0 0.122317907172
8758.0 0.115860000225
8760.0 0.109419063352
8762.0 0.104098991675
8764.0 0.098793655676
8766.0 0.093541909239
8768.0 0.088288500576
8770.0 0.083037867044
8772.0 0.078814186995
8774.0 0.074654467428
8776.0 0.070477382799
8778.0 0.066315520581
8780.0 0.062168127074
8782.0 0.058981010524
8784.0 0.055820586071
8786.0 0.05266631599
8788.0 0.049500475468
8790.0 0.046384991156
8792.0 0.043995267099
8794.0 0.041610625052
8796.0 0.039234672842
8798.0 0.036867411047
8800.0 0.034508840246
8802.0 0.032699795603
8804.0 0.030998841402
8806.0 0.029178937304
8808.0 0.027505962934
8810.0 0.02578804777
8812.0 0.02447918499
8814.0 0.023110325123
8816.0 0.021902872887
8818.0 0.020617050994
8820.0 0.019335847812
8822.0 0.018338529771
8824.0 0.017436745606
8826.0 0.016493749552
8828.0 0.015553156637
8830.0 0.014615902435
8832.0 0.013908423925
8834.0 0.013157522021
8836.0 0.012500374512
8838.0 0.011765892497
8840.0 0.011101880692
8842.0 0.010577552704
8844.0 0.010063631398
8846.0 0.009547220959
8848.0 0.009019115634
8850.0 0.008517581784
8852.0 0.008128200959
8854.0 0.007736333017
8856.0 0.007348252839
8858.0 0.006960807321
8860.0 0.006498439357
8862.0 0.006279563653
8864.0 0.00599148758
8866.0 0.005701673212
8868.0 0.005407763561
8870.0 0.005125006231
8872.0 0.00489658714
8874.0 0.004680427983
8876.0 0.004459694722
8878.0 0.004239642966
8880.0 0.004016039378
8882.0 0.003776502195
8884.0 0.003676157924
8886.0 0.003516224389
8888.0 0.003349502405
8890.0 0.003182788654
8892.0 0.003050713079
8894.0 0.00292003664
8896.0 0.00278526487
8898.0 0.00265819332
8900.0 0.00252816073
8902.0 0.002425922602
8904.0 0.002327511576
8906.0 0.002228585367
8908.0 0.002129292504
8910.0 0.002015359198
8912.0 0.001953105073
8914.0 0.001872649356
8916.0 0.001799471949
8918.0 0.001715913034
8920.0 0.001614635045
8922.0 0.001574540703
8924.0 0.001521398217
8926.0 0.001460942196
8928.0 0.001400766665
8930.0 0.001339053183
8932.0 0.001252907723
8934.0 0.001235023806
8936.0 0.001170759757
8938.0 0.001133914861
8940.0 0.001091601971
8942.0 0.00105188156
8944.0 0.001008946703
8946.0 0.000976007565
8948.0 0.00093683103
8950.0 0.0008980827
8952.0 0.000865980935
8954.0 0.000803711045
8956.0 0.000801643828
8958.0 0.000741197314
8960.0 0.000736933569
