5497.60000000 0.05106481
5504.70000000 0.09846482
5511.80000000 0.09811366
5518.90000000 0.10479415
5526.00000000 0.10839372
5533.10000000 0.11689526
5540.20000000 0.12642494
5547.30000000 0.13840541
5554.40000000 0.15497205
5561.40000000 0.17786383
5568.50000000 0.21657603
5575.50000000 0.26524234
5582.60000000 0.33896363
5589.60000000 0.45377292
5596.60000000 0.63437066
5603.60000000 0.91291156
5610.60000000 1.38026369
5617.60000000 2.17675027
5624.60000000 3.54153075
5631.60000000 5.99871902
5638.50000000 10.45941502
5645.50000000 18.34347110
5652.40000000 30.83620872
5659.40000000 46.18227790
5666.30000000 58.95673000
5673.20000000 65.01414837
5680.10000000 66.14344180
5687.00000000 65.50345285
5693.90000000 65.02561119
5700.80000000 65.33674415
5707.70000000 66.36516673
5714.50000000 67.97452708
5721.40000000 69.81366376
5728.20000000 71.44398823
5735.10000000 72.65365600
5741.90000000 73.65307388
5748.70000000 74.33043789
5755.50000000 74.46683753
5762.30000000 74.33774652
5769.00000000 74.08110568
5775.80000000 73.83517213
5782.50000000 73.53117460
5789.30000000 73.17200255
5796.00000000 72.98290557
5802.70000000 72.78739796
5809.40000000 72.74530231
5816.10000000 72.54767338
5822.80000000 72.44192724
5829.50000000 72.36665701
5836.10000000 72.33447661
5842.80000000 72.17575000
5849.40000000 72.04365016
5856.00000000 71.92692331
5862.60000000 71.90665433
5869.20000000 71.94760626
5875.80000000 71.95900422
5882.40000000 72.15170910
5888.90000000 72.44891459
5895.50000000 72.83565481
5902.00000000 73.35271492
5908.50000000 73.61847391
5915.00000000 73.96652969
5921.50000000 74.29257089
5928.00000000 74.52481035
5934.40000000 74.63945752
5940.90000000 74.80898017
5947.30000000 74.73989387
5953.70000000 74.81021487
5960.10000000 74.68288976
5966.50000000 74.67054040
5972.90000000 74.68146695
5979.20000000 74.57864647
5985.60000000 74.55072927
5991.90000000 74.66084948
5998.20000000 74.66622307
6004.50000000 74.71368925
6010.80000000 74.71537270
6017.10000000 74.82838894
6023.40000000 74.73062955
6029.60000000 74.53234992
6035.80000000 74.43217794
6042.00000000 74.26154569
6048.20000000 73.82410271
6054.40000000 73.54644345
6060.60000000 73.17836106
6066.70000000 72.83533928
6072.90000000 72.64422420
6079.00000000 72.36050723
6085.10000000 72.27815309
6091.20000000 72.30842785
6097.20000000 72.23285614
6103.30000000 72.37683799
6109.30000000 72.64138909
6115.30000000 72.90840741
6121.40000000 73.19458394
6127.30000000 73.71249517
6133.90000000 74.25490455
6140.40000000 74.62623106
6147.00000000 74.79586802
6153.50000000 75.06149134
6160.10000000 75.34765452
6166.60000000 75.43879861
6173.10000000 75.54775838
6179.60000000 75.65412819
6186.10000000 75.52696825
6192.60000000 75.45509375
6199.10000000 75.40126603
6205.60000000 75.21827030
6212.00000000 75.05803997
6218.50000000 74.78404060
6224.90000000 74.38456149
6231.40000000 73.92410682
6237.80000000 73.60229296
6244.20000000 73.21931231
6250.60000000 72.76436173
6257.00000000 72.18139985
6263.40000000 71.81238587
6269.80000000 71.43507062
6276.10000000 71.16208938
6282.50000000 70.95737710
6288.80000000 70.91385857
6295.10000000 70.90215216
6301.40000000 71.00244644
6307.70000000 71.14480536
6314.00000000 71.47444196
6320.30000000 71.80651438
6326.60000000 72.14136441
6332.80000000 72.72943507
6339.10000000 73.17155504
6345.30000000 73.50244553
6351.50000000 74.17457652
6357.80000000 74.23970403
6364.00000000 74.67805245
6370.10000000 75.00244878
6376.30000000 75.17309481
6382.50000000 75.32579410
6388.60000000 75.40598845
6395.20000000 75.47119503
6401.50000000 75.50883313
6407.80000000 75.38905638
6414.10000000 75.51913062
6420.40000000 75.50084468
6426.70000000 75.57739751
6433.00000000 75.63338186
6439.20000000 75.82644276
6445.50000000 75.80520951
6451.70000000 75.99994246
6457.90000000 76.17185157
6464.20000000 76.30656855
6470.40000000 76.39748388
6476.60000000 76.53809158
6482.80000000 76.74610979
6489.00000000 76.88720810
6495.10000000 76.95032567
6501.30000000 77.02860105
6507.40000000 77.11941427
6513.60000000 77.17578018
6519.70000000 77.23724570
6525.80000000 77.21561394
6531.90000000 77.27169434
6538.00000000 77.32846416
6544.10000000 77.42240921
6550.10000000 77.49364318
6556.20000000 77.47018039
6562.20000000 77.48737232
6568.30000000 77.48366983
6574.30000000 77.68064684
6580.30000000 77.64146066
6586.30000000 77.70520787
6592.30000000 77.72748581
6598.20000000 77.71215958
6604.20000000 77.76580243
6610.20000000 77.68794429
6616.10000000 77.71419208
6622.00000000 77.62519283
6627.90000000 77.77280736
6633.80000000 77.65715537
6639.70000000 77.59889022
6645.60000000 77.59519756
6651.40000000 77.49310748
6657.20000000 77.57941022
6663.10000000 77.45991105
6668.90000000 77.56332524
6674.70000000 77.59580979
6680.50000000 77.58568854
6686.20000000 77.57539184
6692.00000000 77.68092732
6697.70000000 77.66771888
6703.50000000 77.77823368
6709.20000000 77.78094778
6714.90000000 77.72943774
6720.60000000 77.71208668
6726.20000000 77.62699129
6731.90000000 77.63974897
6737.50000000 77.42905667
6743.20000000 77.47284882
6748.80000000 77.33479651
6754.40000000 77.22837899
6760.00000000 77.16517813
6765.50000000 77.08488971
6771.10000000 76.97734430
6776.60000000 76.88392805
6782.10000000 76.82928408
6787.60000000 76.72522049
6793.10000000 76.67485096
6798.60000000 76.62482852
6804.00000000 76.64246811
6809.50000000 76.57214284
6814.90000000 76.64851387
6820.30000000 76.64224397
6825.70000000 76.64797018
6831.10000000 76.66296879
6836.40000000 76.71348889
6841.80000000 76.82756469
6847.10000000 76.24208397
6852.40000000 75.66782410
6857.70000000 73.83311818
6863.00000000 70.23388468
6868.30000000 65.35579430
6874.10000000 63.19809366
6879.90000000 65.06422528
6885.80000000 67.41420933
6891.60000000 68.02612148
6897.40000000 68.46024789
6903.20000000 69.85333768
6909.00000000 71.38582525
6914.70000000 72.63126255
6920.50000000 73.56784975
6926.20000000 74.15888160
6932.00000000 74.52787448
6937.70000000 74.84380923
6943.40000000 74.90730817
6949.10000000 75.19156989
6954.80000000 75.33041667
6960.50000000 75.70747930
6966.20000000 76.08394938
6971.80000000 76.20876886
6977.50000000 76.09483751
6983.10000000 76.11439388
6988.70000000 76.08414983
6994.30000000 76.02691629
6999.90000000 75.91338958
7005.50000000 75.86029675
7011.10000000 75.72340376
7016.60000000 75.55419786
7022.20000000 75.54009894
7027.70000000 75.48044435
7033.20000000 75.35918747
7038.70000000 75.31110997
7044.20000000 75.25789612
7049.70000000 75.20929668
7055.10000000 75.21251661
7060.60000000 75.22710883
7066.00000000 75.20070834
7071.50000000 75.13172860
7076.90000000 75.15324788
7082.30000000 75.02749785
7087.60000000 74.91195306
7093.00000000 74.41973660
7098.40000000 74.11102206
7103.70000000 73.51646123
7109.00000000 72.77058490
7114.30000000 71.92356571
7119.60000000 70.94680526
7124.90000000 69.82776142
7130.20000000 68.78336191
7135.40000000 67.47566101
7140.70000000 66.27990691
7145.90000000 65.06106887
7151.10000000 63.88825002
7156.30000000 62.36915756
7161.40000000 60.83079568
7166.60000000 59.01221466
7171.70000000 57.12000790
7176.90000000 55.17902331
7182.00000000 53.39499139
7187.10000000 51.42965081
7192.20000000 49.39761795
7197.20000000 46.88657606
7202.30000000 43.99089880
7207.30000000 40.49535056
7212.30000000 36.47578771
7217.30000000 31.94303774
7222.30000000 27.09429776
7227.30000000 22.37895940
7232.20000000 18.17744794
7237.20000000 14.70732632
7242.10000000 11.87829103
7247.00000000 9.60602999
7251.90000000 7.82870274
7256.70000000 6.38358504
7261.60000000 5.19798685
7266.40000000 4.24285756
7271.20000000 3.50352878
7276.00000000 2.88888028
7280.80000000 2.41482028
7285.60000000 2.03756101
7290.30000000 1.70429969
7295.00000000 1.43882753
7299.70000000 1.22162353
7304.40000000 1.05006743
7309.10000000 0.91174587
7313.80000000 0.78286120
7318.40000000 0.68366385
7323.00000000 0.59289779
7327.60000000 0.52643919
7332.20000000 0.45838692
7336.80000000 0.40477415
7341.30000000 0.35510215
7345.90000000 0.31596120
7350.40000000 0.27876892
7354.90000000 0.24865063
7359.30000000 0.22392312
7363.80000000 0.19919204
7368.20000000 0.18364436
7372.60000000 0.16748621
7377.00000000 0.14825873
7381.40000000 0.13767008
7385.80000000 0.12390503
7390.10000000 0.11720187
7394.40000000 0.06874301
