 5497.6  0.000961
 5498.3  0.000966
 5499.0  0.001009
 5499.7  0.000998
 5500.4  0.000944
 5501.2  0.001007
 5501.9  0.001043
 5502.6  0.000966
 5503.3  0.000974
 5504.0  0.001000
 5504.7  0.001000
 5505.4  0.000972
 5506.1  0.000968
 5506.9  0.001031
 5507.6  0.000994
 5508.3  0.001001
 5509.0  0.000973
 5509.7  0.001023
 5510.4  0.000992
 5511.1  0.001007
 5511.8  0.000998
 5512.5  0.001007
 5513.3  0.001046
 5514.0  0.001007
 5514.7  0.001076
 5515.4  0.001063
 5516.1  0.001052
 5516.8  0.001045
 5517.5  0.000968
 5518.2  0.001050
 5518.9  0.001062
 5519.6  0.001035
 5520.4  0.001084
 5521.1  0.001075
 5521.8  0.001127
 5522.5  0.001094
 5523.2  0.001147
 5523.9  0.001048
 5524.6  0.001088
 5525.3  0.001125
 5526.0  0.001158
 5526.7  0.001113
 5527.5  0.001135
 5528.2  0.001127
 5528.9  0.001143
 5529.6  0.001157
 5530.3  0.001203
 5531.0  0.001187
 5531.7  0.001204
 5532.4  0.001175
 5533.1  0.001203
 5533.8  0.001203
 5534.5  0.001244
 5535.3  0.001151
 5536.0  0.001236
 5536.7  0.001257
 5537.4  0.001283
 5538.1  0.001310
 5538.8  0.001243
 5539.5  0.001306
 5540.2  0.001329
 5540.9  0.001373
 5541.6  0.001322
 5542.3  0.001346
 5543.0  0.001399
 5543.8  0.001372
 5544.5  0.001443
 5545.2  0.001428
 5545.9  0.001463
 5546.6  0.001473
 5547.3  0.001477
 5548.0  0.001486
 5548.7  0.001548
 5549.4  0.001514
 5550.1  0.001546
 5550.8  0.001593
 5551.5  0.001604
 5552.2  0.001592
 5552.9  0.001639
 5553.7  0.001717
 5554.4  0.001689
 5555.1  0.001738
 5555.8  0.001691
 5556.5  0.001757
 5557.2  0.001821
 5557.9  0.001763
 5558.6  0.001867
 5559.3  0.001878
 5560.0  0.001934
 5560.7  0.001978
 5561.4  0.001981
 5562.1  0.001999
 5562.8  0.002062
 5563.5  0.002046
 5564.2  0.002102
 5565.0  0.002220
 5565.7  0.002293
 5566.4  0.002293
 5567.1  0.002397
 5567.8  0.002428
 5568.5  0.002375
 5569.2  0.002466
 5569.9  0.002563
 5570.6  0.002596
 5571.3  0.002702
 5572.0  0.002710
 5572.7  0.002798
 5573.4  0.002827
 5574.1  0.002937
 5574.8  0.002994
 5575.5  0.003115
 5576.2  0.003189
 5576.9  0.003265
 5577.6  0.003386
 5578.3  0.003461
 5579.0  0.003567
 5579.7  0.003641
 5580.4  0.003722
 5581.2  0.003887
 5581.9  0.003984
 5582.6  0.004096
 5583.3  0.004290
 5584.0  0.004402
 5584.7  0.004459
 5585.4  0.004730
 5586.1  0.004833
 5586.8  0.004982
 5587.5  0.005204
 5588.2  0.005333
 5588.9  0.005561
 5589.6  0.005730
 5590.3  0.005933
 5591.0  0.006130
 5591.7  0.006408
 5592.4  0.006645
 5593.1  0.006902
 5593.8  0.007134
 5594.5  0.007452
 5595.2  0.007780
 5595.9  0.008020
 5596.6  0.008319
 5597.3  0.008612
 5598.0  0.008899
 5598.7  0.009373
 5599.4  0.009768
 5600.1  0.010130
 5600.8  0.010510
 5601.5  0.011033
 5602.2  0.011509
 5602.9  0.012001
 5603.6  0.012529
 5604.3  0.013064
 5605.0  0.013632
 5605.7  0.014274
 5606.4  0.014997
 5607.1  0.015620
 5607.8  0.016271
 5608.5  0.017160
 5609.2  0.018058
 5609.9  0.018966
 5610.6  0.019776
 5611.3  0.020621
 5612.0  0.021682
 5612.7  0.022815
 5613.4  0.023980
 5614.1  0.025142
 5614.8  0.026382
 5615.5  0.027888
 5616.2  0.029360
 5616.9  0.030868
 5617.6  0.032549
 5618.3  0.034161
 5619.0  0.035849
 5619.7  0.037872
 5620.4  0.040022
 5621.1  0.041953
 5621.8  0.044179
 5622.5  0.046753
 5623.2  0.049248
 5623.9  0.051842
 5624.6  0.054832
 5625.3  0.057944
 5626.0  0.061047
 5626.7  0.064462
 5627.4  0.067979
 5628.1  0.071678
 5628.8  0.075716
 5629.5  0.079914
 5630.2  0.084262
 5630.9  0.089171
 5631.6  0.093837
 5632.3  0.098882
 5633.0  0.104402
 5633.7  0.110325
 5634.4  0.116391
 5635.1  0.122336
 5635.8  0.128778
 5636.5  0.135636
 5637.1  0.142812
 5637.8  0.150659
 5638.5  0.158473
 5639.2  0.166354
 5639.9  0.174603
 5640.6  0.182936
 5641.3  0.192868
 5642.0  0.201909
 5642.7  0.211009
 5643.4  0.221342
 5644.1  0.232256
 5644.8  0.242862
 5645.5  0.252847
 5646.2  0.264699
 5646.9  0.276093
 5647.6  0.288186
 5648.3  0.299894
 5649.0  0.312872
 5649.7  0.324885
 5650.4  0.337641
 5651.1  0.350939
 5651.8  0.364256
 5652.4  0.377944
 5653.1  0.390752
 5653.8  0.403893
 5654.5  0.417819
 5655.2  0.430186
 5655.9  0.443521
 5656.6  0.456716
 5657.3  0.469952
 5658.0  0.483074
 5658.7  0.495901
 5659.4  0.506764
 5660.1  0.519083
 5660.8  0.529481
 5661.5  0.541580
 5662.2  0.550058
 5662.9  0.560634
 5663.5  0.569661
 5664.2  0.577319
 5664.9  0.588313
 5665.6  0.594493
 5666.3  0.602159
 5667.0  0.607166
 5667.7  0.613153
 5668.4  0.618484
 5669.1  0.622354
 5669.8  0.626776
 5670.5  0.630317
 5671.2  0.633875
 5671.8  0.634263
 5672.5  0.636796
 5673.2  0.639874
 5673.9  0.640478
 5674.6  0.641168
 5675.3  0.642831
 5676.0  0.643684
 5676.7  0.643576
 5677.4  0.643882
 5678.1  0.644471
 5678.8  0.645464
 5679.5  0.646034
 5680.1  0.643107
 5680.8  0.643891
 5681.5  0.643342
 5682.2  0.641627
 5682.9  0.641740
 5683.6  0.642040
 5684.3  0.640442
 5685.0  0.640041
 5685.7  0.640950
 5686.4  0.640817
 5687.0  0.638665
 5687.7  0.639621
 5688.4  0.639449
 5689.1  0.635874
 5689.8  0.640038
 5690.5  0.638280
 5691.2  0.637217
 5691.9  0.639449
 5692.6  0.639689
 5693.2  0.640435
 5693.9  0.638704
 5694.6  0.638855
 5695.3  0.641267
 5696.0  0.643192
 5696.7  0.642894
 5697.4  0.644224
 5698.1  0.643978
 5698.7  0.644320
 5699.4  0.644932
 5700.1  0.645437
 5700.8  0.646364
 5701.5  0.649565
 5702.2  0.650407
 5702.9  0.652238
 5703.6  0.652584
 5704.2  0.654563
 5704.9  0.656485
 5705.6  0.657988
 5706.3  0.660119
 5707.0  0.658922
 5707.7  0.661772
 5708.4  0.663844
 5709.1  0.663297
 5709.7  0.666662
 5710.4  0.670018
 5711.1  0.669535
 5711.8  0.671375
 5712.5  0.673370
 5713.2  0.674840
 5713.9  0.677950
 5714.5  0.678699
 5715.2  0.682481
 5715.9  0.684368
 5716.6  0.685619
 5717.3  0.687893
 5718.0  0.688422
 5718.7  0.689836
 5719.3  0.691296
 5720.0  0.693852
 5720.7  0.692463
 5721.4  0.696951
 5722.1  0.698654
 5722.8  0.701451
 5723.4  0.702219
 5724.1  0.703073
 5724.8  0.704495
 5725.5  0.707951
 5726.2  0.707212
 5726.9  0.710475
 5727.5  0.712405
 5728.2  0.712255
 5728.9  0.715884
 5729.6  0.714830
 5730.3  0.715769
 5731.0  0.717344
 5731.6  0.719131
 5732.3  0.719656
 5733.0  0.723512
 5733.7  0.721929
 5734.4  0.721503
 5735.1  0.724981
 5735.7  0.726472
 5736.4  0.725337
 5737.1  0.727583
 5737.8  0.730266
 5738.5  0.729626
 5739.1  0.729390
 5739.8  0.730550
 5740.5  0.731665
 5741.2  0.734037
 5741.9  0.733780
 5742.6  0.733119
 5743.2  0.734691
 5743.9  0.732075
 5744.6  0.735675
 5745.3  0.736191
 5746.0  0.736055
 5746.6  0.736716
 5747.3  0.736622
 5748.0  0.737211
 5748.7  0.738315
 5749.4  0.738216
 5750.0  0.737222
 5750.7  0.736841
 5751.4  0.739386
 5752.1  0.737818
 5752.8  0.739001
 5753.4  0.738594
 5754.1  0.736901
 5754.8  0.739699
 5755.5  0.738966
 5756.2  0.738570
 5756.8  0.739424
 5757.5  0.738557
 5758.2  0.738018
 5758.9  0.736760
 5759.5  0.738636
 5760.2  0.738628
 5760.9  0.739259
 5761.6  0.736918
 5762.3  0.736852
 5762.9  0.735204
 5763.6  0.738912
 5764.3  0.735663
 5765.0  0.736946
 5765.6  0.737980
 5766.3  0.737431
 5767.0  0.737686
 5767.7  0.734274
 5768.4  0.734323
 5769.0  0.735585
 5769.7  0.735934
 5770.4  0.736208
 5771.1  0.734224
 5771.7  0.734821
 5772.4  0.737040
 5773.1  0.735943
 5773.8  0.734845
 5774.4  0.732435
 5775.1  0.734030
 5775.8  0.734643
 5776.5  0.733346
 5777.1  0.734873
 5777.8  0.731966
 5778.5  0.733980
 5779.2  0.733969
 5779.8  0.730226
 5780.5  0.731825
 5781.2  0.731970
 5781.9  0.730679
 5782.5  0.733968
 5783.2  0.731806
 5783.9  0.731095
 5784.6  0.732173
 5785.2  0.732917
 5785.9  0.732572
 5786.6  0.730287
 5787.3  0.730698
 5787.9  0.732346
 5788.6  0.730627
 5789.3  0.731425
 5790.0  0.729667
 5790.6  0.731767
 5791.3  0.730997
 5792.0  0.731764
 5792.6  0.730326
 5793.3  0.731451
 5794.0  0.730258
 5794.7  0.731270
 5795.3  0.729828
 5796.0  0.730096
 5796.7  0.731977
 5797.3  0.730851
 5798.0  0.730279
 5798.7  0.730531
 5799.4  0.730078
 5800.0  0.730645
 5800.7  0.730535
 5801.4  0.728800
 5802.0  0.730935
 5802.7  0.731763
 5803.4  0.730316
 5804.1  0.730272
 5804.7  0.731109
 5805.4  0.730798
 5806.1  0.730838
 5806.7  0.731520
 5807.4  0.730711
 5808.1  0.731107
 5808.8  0.729948
 5809.4  0.730315
 5810.1  0.731397
 5810.8  0.732521
 5811.4  0.732736
 5812.1  0.730589
 5812.8  0.731728
 5813.4  0.731106
 5814.1  0.730861
 5814.8  0.730670
 5815.4  0.730165
 5816.1  0.731308
 5816.8  0.731234
 5817.5  0.731246
 5818.1  0.731356
 5818.8  0.730721
 5819.5  0.731571
 5820.1  0.731939
 5820.8  0.731350
 5821.5  0.730245
 5822.1  0.732586
 5822.8  0.732479
 5823.5  0.730877
 5824.1  0.733927
 5824.8  0.731374
 5825.5  0.731935
 5826.1  0.728810
 5826.8  0.733264
 5827.5  0.732736
 5828.1  0.731797
 5828.8  0.731488
 5829.5  0.733148
 5830.1  0.733217
 5830.8  0.730236
 5831.5  0.732084
 5832.1  0.730915
 5832.8  0.733184
 5833.5  0.732185
 5834.1  0.734271
 5834.8  0.733246
 5835.5  0.733169
 5836.1  0.731296
 5836.8  0.730366
 5837.4  0.731985
 5838.1  0.731035
 5838.8  0.732258
 5839.4  0.732232
 5840.1  0.731407
 5840.8  0.731154
 5841.4  0.731211
 5842.1  0.732031
 5842.8  0.732221
 5843.4  0.731972
 5844.1  0.730303
 5844.8  0.730469
 5845.4  0.730727
 5846.1  0.733878
 5846.7  0.729907
 5847.4  0.732032
 5848.1  0.730705
 5848.7  0.731009
 5849.4  0.730177
 5850.1  0.731366
 5850.7  0.730720
 5851.4  0.731197
 5852.0  0.730843
 5852.7  0.732224
 5853.4  0.731027
 5854.0  0.731878
 5854.7  0.732381
 5855.3  0.730148
 5856.0  0.732148
 5856.7  0.732434
 5857.3  0.730017
 5858.0  0.730850
 5858.7  0.729579
 5859.3  0.732287
 5860.0  0.732389
 5860.6  0.731516
 5861.3  0.731078
 5862.0  0.731382
 5862.6  0.731116
 5863.3  0.732531
 5863.9  0.731379
 5864.6  0.731642
 5865.3  0.731162
 5865.9  0.733319
 5866.6  0.731914
 5867.2  0.732263
 5867.9  0.732278
 5868.6  0.733576
 5869.2  0.732752
 5869.9  0.732801
 5870.5  0.732039
 5871.2  0.732391
 5871.8  0.732225
 5872.5  0.732607
 5873.2  0.732897
 5873.8  0.733280
 5874.5  0.734659
 5875.1  0.732655
 5875.8  0.733330
 5876.4  0.732805
 5877.1  0.732768
 5877.8  0.733579
 5878.4  0.729782
 5879.1  0.735342
 5879.7  0.735164
 5880.4  0.732162
 5881.0  0.732106
 5881.7  0.733029
 5882.4  0.733461
 5883.0  0.733991
 5883.7  0.732728
 5884.3  0.733130
 5885.0  0.734869
 5885.6  0.735078
 5886.3  0.736504
 5886.9  0.737218
 5887.6  0.732438
 5888.3  0.727832
 5888.9  0.728730
 5889.6  0.733707
 5890.2  0.735870
 5890.9  0.734644
 5891.5  0.734091
 5892.2  0.733883
 5892.8  0.733470
 5893.5  0.732870
 5894.1  0.737043
 5894.8  0.737914
 5895.5  0.738711
 5896.1  0.742008
 5896.8  0.742503
 5897.4  0.740841
 5898.1  0.737855
 5898.7  0.740779
 5899.4  0.739184
 5900.0  0.738773
 5900.7  0.739651
 5901.3  0.740504
 5902.0  0.736081
 5902.6  0.738023
 5903.3  0.738933
 5903.9  0.744416
 5904.6  0.742894
 5905.2  0.745259
 5905.9  0.747214
 5906.5  0.746795
 5907.2  0.746271
 5907.8  0.749087
 5908.5  0.749368
 5909.1  0.747314
 5909.8  0.746761
 5910.4  0.746056
 5911.1  0.745796
 5911.7  0.743400
 5912.4  0.747730
 5913.0  0.751994
 5913.7  0.749439
 5914.3  0.749569
 5915.0  0.750642
 5915.6  0.751572
 5916.3  0.752214
 5916.9  0.748359
 5917.6  0.750359
 5918.2  0.753581
 5918.9  0.754934
 5919.5  0.750782
 5920.2  0.744262
 5920.8  0.739671
 5921.5  0.745109
 5922.1  0.753681
 5922.8  0.756355
 5923.4  0.754656
 5924.1  0.749851
 5924.7  0.750165
 5925.4  0.748635
 5926.0  0.748866
 5926.7  0.752773
 5927.3  0.754774
 5928.0  0.758763
 5928.6  0.757901
 5929.2  0.758112
 5929.9  0.753556
 5930.5  0.756003
 5931.2  0.758336
 5931.8  0.758138
 5932.5  0.758223
 5933.1  0.757804
 5933.8  0.748865
 5934.4  0.752896
 5935.1  0.757838
 5935.7  0.756857
 5936.4  0.758865
 5937.0  0.757151
 5937.6  0.759130
 5938.3  0.760244
 5938.9  0.759508
 5939.6  0.759327
 5940.2  0.756556
 5940.9  0.760864
 5941.5  0.757161
 5942.1  0.751686
 5942.8  0.746468
 5943.4  0.742904
 5944.1  0.745449
 5944.7  0.756890
 5945.4  0.757154
 5946.0  0.752280
 5946.7  0.753612
 5947.3  0.751160
 5947.9  0.750031
 5948.6  0.751143
 5949.2  0.751560
 5949.9  0.756141
 5950.5  0.752538
 5951.1  0.751410
 5951.8  0.756082
 5952.4  0.756263
 5953.1  0.756324
 5953.7  0.758609
 5954.4  0.760493
 5955.0  0.758651
 5955.6  0.759329
 5956.3  0.756929
 5956.9  0.757772
 5957.6  0.755172
 5958.2  0.754633
 5958.8  0.756611
 5959.5  0.751455
 5960.1  0.748396
 5960.8  0.754114
 5961.4  0.754316
 5962.0  0.756823
 5962.7  0.757691
 5963.3  0.757522
 5964.0  0.756232
 5964.6  0.756121
 5965.2  0.756229
 5965.9  0.758073
 5966.5  0.757289
 5967.1  0.756826
 5967.8  0.751709
 5968.4  0.752582
 5969.1  0.752943
 5969.7  0.749668
 5970.3  0.752141
 5971.0  0.755419
 5971.6  0.754391
 5972.2  0.752250
 5972.9  0.755040
 5973.5  0.755216
 5974.2  0.758689
 5974.8  0.755684
 5975.4  0.755906
 5976.1  0.756515
 5976.7  0.753984
 5977.3  0.753829
 5978.0  0.755180
 5978.6  0.750138
 5979.2  0.750741
 5979.9  0.752682
 5980.5  0.755878
 5981.1  0.755743
 5981.8  0.755479
 5982.4  0.755695
 5983.1  0.754450
 5983.7  0.754857
 5984.3  0.755617
 5985.0  0.755349
 5985.6  0.756153
 5986.2  0.753888
 5986.9  0.752688
 5987.5  0.755582
 5988.1  0.754543
 5988.8  0.755760
 5989.4  0.754587
 5990.0  0.754173
 5990.7  0.755193
 5991.3  0.754706
 5991.9  0.754179
 5992.6  0.755391
 5993.2  0.755245
 5993.8  0.755098
 5994.5  0.755698
 5995.1  0.754649
 5995.7  0.754239
 5996.3  0.755929
 5997.0  0.756723
 5997.6  0.757713
 5998.2  0.755674
 5998.9  0.757136
 5999.5  0.754759
 6000.1  0.756727
 6000.8  0.755333
 6001.4  0.753626
 6002.0  0.755923
 6002.7  0.756002
 6003.3  0.755471
 6003.9  0.754958
 6004.5  0.755380
 6005.2  0.755696
 6005.8  0.755477
 6006.4  0.754935
 6007.1  0.756305
 6007.7  0.754610
 6008.3  0.757008
 6008.9  0.756215
 6009.6  0.757200
 6010.2  0.754632
 6010.8  0.755193
 6011.5  0.753652
 6012.1  0.755048
 6012.7  0.755272
 6013.3  0.756706
 6014.0  0.755742
 6014.6  0.754643
 6015.2  0.758570
 6015.8  0.755287
 6016.5  0.755603
 6017.1  0.755810
 6017.7  0.754360
 6018.4  0.754850
 6019.0  0.755757
 6019.6  0.755037
 6020.2  0.755108
 6020.9  0.755365
 6021.5  0.756357
 6022.1  0.754049
 6022.7  0.754317
 6023.4  0.754329
 6024.0  0.757008
 6024.6  0.754527
 6025.2  0.753800
 6025.9  0.753330
 6026.5  0.751244
 6027.1  0.754619
 6027.7  0.752847
 6028.4  0.752795
 6029.0  0.751992
 6029.6  0.751485
 6030.2  0.752664
 6030.8  0.754710
 6031.5  0.751833
 6032.1  0.752373
 6032.7  0.750757
 6033.3  0.750534
 6034.0  0.749699
 6034.6  0.751090
 6035.2  0.751031
 6035.8  0.749297
 6036.5  0.749688
 6037.1  0.750671
 6037.7  0.750025
 6038.3  0.749826
 6038.9  0.749162
 6039.6  0.751573
 6040.2  0.749042
 6040.8  0.748827
 6041.4  0.747413
 6042.0  0.745931
 6042.7  0.747018
 6043.3  0.748215
 6043.9  0.749035
 6044.5  0.746724
 6045.1  0.747151
 6045.8  0.742961
 6046.4  0.743680
 6047.0  0.745550
 6047.6  0.746102
 6048.2  0.745160
 6048.9  0.743482
 6049.5  0.742876
 6050.1  0.743314
 6050.7  0.742804
 6051.3  0.743983
 6051.9  0.742151
 6052.6  0.742744
 6053.2  0.741424
 6053.8  0.742660
 6054.4  0.741613
 6055.0  0.740702
 6055.7  0.741372
 6056.3  0.740232
 6056.9  0.740900
 6057.5  0.739644
 6058.1  0.739165
 6058.7  0.740522
 6059.4  0.739420
 6060.0  0.738873
 6060.6  0.737996
 6061.2  0.738719
 6061.8  0.740032
 6062.4  0.738716
 6063.0  0.736340
 6063.7  0.737091
 6064.3  0.736119
 6064.9  0.735417
 6065.5  0.736751
 6066.1  0.734231
 6066.7  0.734465
 6067.3  0.737518
 6068.0  0.733024
 6068.6  0.736056
 6069.2  0.735243
 6069.8  0.735702
 6070.4  0.734135
 6071.0  0.734855
 6071.6  0.733946
 6072.3  0.734435
 6072.9  0.735079
 6073.5  0.733876
 6074.1  0.734347
 6074.7  0.733596
 6075.3  0.734561
 6075.9  0.732697
 6076.5  0.734032
 6077.1  0.731426
 6077.8  0.731405
 6078.4  0.732212
 6079.0  0.731912
 6079.6  0.734319
 6080.2  0.731178
 6080.8  0.731414
 6081.4  0.731873
 6082.0  0.731395
 6082.6  0.731334
 6083.3  0.732264
 6083.9  0.732381
 6084.5  0.732310
 6085.1  0.730658
 6085.7  0.734972
 6086.3  0.733342
 6086.9  0.731807
 6087.5  0.729348
 6088.1  0.734507
 6088.7  0.732544
 6089.3  0.732586
 6090.0  0.731424
 6090.6  0.733620
 6091.2  0.733965
 6091.8  0.732362
 6092.4  0.733451
 6093.0  0.732208
 6093.6  0.733573
 6094.2  0.731918
 6094.8  0.733014
 6095.4  0.734021
 6096.0  0.730356
 6096.6  0.733279
 6097.2  0.733138
 6097.8  0.732962
 6098.5  0.733538
 6099.1  0.734144
 6099.7  0.735359
 6100.3  0.734120
 6100.9  0.735894
 6101.5  0.734917
 6102.1  0.735699
 6102.7  0.734782
 6103.3  0.736800
 6103.9  0.735310
 6104.5  0.735578
 6105.1  0.736451
 6105.7  0.736197
 6106.3  0.736794
 6106.9  0.736075
 6107.5  0.737221
 6108.1  0.738150
 6108.7  0.737455
 6109.3  0.737361
 6109.9  0.740684
 6110.5  0.738124
 6111.1  0.739374
 6111.7  0.737603
 6112.3  0.739867
 6112.9  0.740931
 6113.5  0.739899
 6114.1  0.740870
 6114.7  0.742135
 6115.3  0.742567
 6115.9  0.740347
 6116.6  0.741739
 6117.2  0.741900
 6117.8  0.741157
 6118.4  0.742835
 6119.0  0.742451
 6119.6  0.743144
 6120.2  0.744570
 6120.8  0.744799
 6121.4  0.743270
 6122.0  0.744208
 6122.6  0.744421
 6123.1  0.742351
 6123.7  0.743395
 6124.3  0.746246
 6124.9  0.744578
 6125.5  0.745675
 6126.1  0.746951
 6126.7  0.747529
 6127.3  0.748779
 6127.9  0.751276
 6128.6  0.750365
 6129.3  0.751971
 6129.9  0.751105
 6130.6  0.751856
 6131.2  0.752201
 6131.9  0.752573
 6132.6  0.753225
 6133.2  0.754703
 6133.9  0.753117
 6134.5  0.754275
 6135.2  0.752959
 6135.8  0.754832
 6136.5  0.754124
 6137.1  0.754218
 6137.8  0.756219
 6138.5  0.755577
 6139.1  0.755907
 6139.8  0.756281
 6140.4  0.757447
 6141.1  0.756331
 6141.7  0.758419
 6142.4  0.757286
 6143.1  0.758404
 6143.7  0.756338
 6144.4  0.756960
 6145.0  0.757182
 6145.7  0.760166
 6146.3  0.758102
 6147.0  0.757360
 6147.6  0.757589
 6148.3  0.761675
 6149.0  0.759326
 6149.6  0.760271
 6150.3  0.762302
 6150.9  0.760004
 6151.6  0.758898
 6152.2  0.759227
 6152.9  0.762664
 6153.5  0.760496
 6154.2  0.759860
 6154.8  0.761134
 6155.5  0.762992
 6156.2  0.763213
 6156.8  0.763505
 6157.5  0.762940
 6158.1  0.763413
 6158.8  0.763592
 6159.4  0.761742
 6160.1  0.762703
 6160.7  0.762187
 6161.4  0.763543
 6162.0  0.763576
 6162.7  0.763455
 6163.3  0.763708
 6164.0  0.764744
 6164.6  0.764415
 6165.3  0.761473
 6165.9  0.764042
 6166.6  0.763810
 6167.3  0.763952
 6167.9  0.764123
 6168.6  0.764542
 6169.2  0.764331
 6169.9  0.764197
 6170.5  0.764545
 6171.2  0.764442
 6171.8  0.763867
 6172.5  0.763720
 6173.1  0.763763
 6173.8  0.764727
 6174.4  0.765714
 6175.1  0.764951
 6175.7  0.765305
 6176.4  0.765095
 6177.0  0.765727
 6177.7  0.765567
 6178.3  0.764417
 6179.0  0.764739
 6179.6  0.763652
 6180.3  0.764489
 6180.9  0.765434
 6181.6  0.765496
 6182.2  0.765013
 6182.9  0.764323
 6183.5  0.761055
 6184.2  0.764351
 6184.8  0.763489
 6185.5  0.763320
 6186.1  0.764679
 6186.8  0.764617
 6187.4  0.765866
 6188.1  0.764058
 6188.7  0.762288
 6189.4  0.765459
 6190.0  0.763189
 6190.7  0.763650
 6191.3  0.764905
 6192.0  0.762658
 6192.6  0.762465
 6193.3  0.761675
 6193.9  0.761135
 6194.6  0.760388
 6195.2  0.761350
 6195.9  0.763573
 6196.5  0.762539
 6197.2  0.761551
 6197.8  0.761195
 6198.5  0.762068
 6199.1  0.761961
 6199.8  0.761696
 6200.4  0.760841
 6201.1  0.761497
 6201.7  0.760509
 6202.3  0.759450
 6203.0  0.759558
 6203.6  0.760595
 6204.3  0.760241
 6204.9  0.761057
 6205.6  0.758485
 6206.2  0.759704
 6206.9  0.758633
 6207.5  0.758112
 6208.2  0.755808
 6208.8  0.757793
 6209.5  0.756848
 6210.1  0.758859
 6210.8  0.758887
 6211.4  0.756795
 6212.0  0.755450
 6212.7  0.758142
 6213.3  0.756632
 6214.0  0.756889
 6214.6  0.755549
 6215.3  0.756141
 6215.9  0.753678
 6216.6  0.754685
 6217.2  0.752234
 6217.9  0.750758
 6218.5  0.753104
 6219.1  0.753436
 6219.8  0.751990
 6220.4  0.753242
 6221.1  0.753051
 6221.7  0.749193
 6222.4  0.752611
 6223.0  0.747465
 6223.7  0.750319
 6224.3  0.749375
 6224.9  0.748046
 6225.6  0.748815
 6226.2  0.748298
 6226.9  0.748929
 6227.5  0.748897
 6228.2  0.747626
 6228.8  0.747184
 6229.4  0.746752
 6230.1  0.745084
 6230.7  0.745823
 6231.4  0.743622
 6232.0  0.745665
 6232.7  0.742778
 6233.3  0.742359
 6233.9  0.741488
 6234.6  0.742790
 6235.2  0.743476
 6235.9  0.743382
 6236.5  0.741615
 6237.2  0.742137
 6237.8  0.739414
 6238.4  0.739628
 6239.1  0.739156
 6239.7  0.739732
 6240.4  0.738136
 6241.0  0.736477
 6241.6  0.740075
 6242.3  0.738777
 6242.9  0.738349
 6243.6  0.735593
 6244.2  0.736215
 6244.9  0.735590
 6245.5  0.733609
 6246.1  0.735256
 6246.8  0.734403
 6247.4  0.734755
 6248.1  0.733613
 6248.7  0.731629
 6249.3  0.731450
 6250.0  0.730218
 6250.6  0.731351
 6251.3  0.729156
 6251.9  0.728670
 6252.5  0.732274
 6253.2  0.731677
 6253.8  0.729451
 6254.5  0.729390
 6255.1  0.726155
 6255.7  0.727207
 6256.4  0.726665
 6257.0  0.726478
 6257.6  0.725797
 6258.3  0.726427
 6258.9  0.725826
 6259.6  0.723673
 6260.2  0.723987
 6260.8  0.724634
 6261.5  0.724445
 6262.1  0.722423
 6262.7  0.723922
 6263.4  0.722274
 6264.0  0.721656
 6264.7  0.721054
 6265.3  0.721432
 6265.9  0.720551
 6266.6  0.719661
 6267.2  0.720280
 6267.8  0.719963
 6268.5  0.719430
 6269.1  0.719248
 6269.8  0.717307
 6270.4  0.720774
 6271.0  0.716834
 6271.7  0.719727
 6272.3  0.720674
 6272.9  0.719054
 6273.6  0.716570
 6274.2  0.714298
 6274.8  0.717024
 6275.5  0.717272
 6276.1  0.716192
 6276.8  0.717036
 6277.4  0.717751
 6278.0  0.715584
 6278.7  0.674787
 6279.3  0.667325
 6279.9  0.676987
 6280.6  0.678801
 6281.2  0.682798
 6281.8  0.682519
 6282.5  0.691584
 6283.1  0.698797
 6283.7  0.693956
 6284.4  0.699490
 6285.0  0.710417
 6285.6  0.706539
 6286.3  0.706826
 6286.9  0.713747
 6287.5  0.714685
 6288.2  0.712835
 6288.8  0.710767
 6289.4  0.708251
 6290.1  0.711511
 6290.7  0.706212
 6291.3  0.702304
 6292.0  0.701592
 6292.6  0.709539
 6293.2  0.711130
 6293.9  0.701518
 6294.5  0.699021
 6295.1  0.698712
 6295.8  0.711997
 6296.4  0.708063
 6297.0  0.699410
 6297.7  0.698429
 6298.3  0.702791
 6298.9  0.712250
 6299.6  0.706793
 6300.2  0.701520
 6300.8  0.699489
 6301.4  0.706465
 6302.1  0.716392
 6302.7  0.716499
 6303.3  0.712493
 6304.0  0.698968
 6304.6  0.703662
 6305.2  0.711054
 6305.9  0.718373
 6306.5  0.715988
 6307.1  0.713727
 6307.7  0.707442
 6308.4  0.707046
 6309.0  0.719285
 6309.6  0.720891
 6310.3  0.721408
 6310.9  0.720601
 6311.5  0.713575
 6312.2  0.709759
 6312.8  0.717262
 6313.4  0.722161
 6314.0  0.721457
 6314.7  0.722152
 6315.3  0.719705
 6315.9  0.717147
 6316.6  0.719037
 6317.2  0.720578
 6317.8  0.720319
 6318.4  0.721996
 6319.1  0.725053
 6319.7  0.725088
 6320.3  0.724521
 6320.9  0.719291
 6321.6  0.723843
 6322.2  0.725355
 6322.8  0.727709
 6323.5  0.728413
 6324.1  0.728133
 6324.7  0.726356
 6325.3  0.726202
 6326.0  0.724780
 6326.6  0.727634
 6327.2  0.730162
 6327.8  0.729365
 6328.5  0.731335
 6329.1  0.733267
 6329.7  0.732245
 6330.3  0.731482
 6331.0  0.732215
 6331.6  0.733226
 6332.2  0.735282
 6332.8  0.734592
 6333.5  0.734899
 6334.1  0.735836
 6334.7  0.735714
 6335.3  0.736972
 6336.0  0.736998
 6336.6  0.737957
 6337.2  0.738313
 6337.8  0.738769
 6338.5  0.737273
 6339.1  0.739679
 6339.7  0.740311
 6340.3  0.741840
 6341.0  0.739012
 6341.6  0.741388
 6342.2  0.741180
 6342.8  0.742827
 6343.5  0.739944
 6344.1  0.740329
 6344.7  0.742355
 6345.3  0.742889
 6346.0  0.742575
 6346.6  0.743765
 6347.2  0.744770
 6347.8  0.745420
 6348.4  0.745611
 6349.1  0.746604
 6349.7  0.746962
 6350.3  0.747215
 6350.9  0.748101
 6351.5  0.747136
 6352.2  0.749583
 6352.8  0.747382
 6353.4  0.749552
 6354.0  0.751801
 6354.7  0.750236
 6355.3  0.749231
 6355.9  0.749118
 6356.5  0.750655
 6357.1  0.749841
 6357.8  0.750297
 6358.4  0.751305
 6359.0  0.751266
 6359.6  0.752781
 6360.2  0.750776
 6360.9  0.752371
 6361.5  0.753567
 6362.1  0.752806
 6362.7  0.753164
 6363.3  0.753035
 6364.0  0.753581
 6364.6  0.755708
 6365.2  0.753670
 6365.8  0.753241
 6366.4  0.755927
 6367.1  0.756718
 6367.7  0.757261
 6368.3  0.758578
 6368.9  0.755417
 6369.5  0.758040
 6370.1  0.756688
 6370.8  0.757998
 6371.4  0.759756
 6372.0  0.757667
 6372.6  0.757681
 6373.2  0.757613
 6373.8  0.759039
 6374.5  0.758299
 6375.1  0.757351
 6375.7  0.758041
 6376.3  0.757194
 6376.9  0.760345
 6377.5  0.761435
 6378.2  0.759007
 6378.8  0.760357
 6379.4  0.758704
 6380.0  0.759966
 6380.6  0.759636
 6381.2  0.760574
 6381.9  0.759378
 6382.5  0.760317
 6383.1  0.760018
 6383.7  0.760221
 6384.3  0.759845
 6384.9  0.761527
 6385.5  0.760034
 6386.2  0.761588
 6386.8  0.760129
 6387.4  0.760500
 6388.0  0.761808
 6388.6  0.761459
 6389.2  0.760393
 6389.8  0.761123
 6390.7  0.762073
 6391.4  0.762456
 6392.0  0.762184
 6392.6  0.760727
 6393.3  0.762689
 6393.9  0.763005
 6394.5  0.762996
 6395.2  0.760037
 6395.8  0.762159
 6396.4  0.762529
 6397.1  0.764056
 6397.7  0.762228
 6398.3  0.760296
 6399.0  0.762098
 6399.6  0.763763
 6400.2  0.761478
 6400.9  0.764589
 6401.5  0.761981
 6402.1  0.762911
 6402.8  0.763916
 6403.4  0.761244
 6404.0  0.762348
 6404.7  0.763152
 6405.3  0.760038
 6405.9  0.762799
 6406.5  0.762036
 6407.2  0.761340
 6407.8  0.762804
 6408.4  0.762166
 6409.1  0.761575
 6409.7  0.761067
 6410.3  0.762726
 6411.0  0.761178
 6411.6  0.762512
 6412.2  0.763999
 6412.9  0.762838
 6413.5  0.762924
 6414.1  0.763407
 6414.7  0.763667
 6415.4  0.760388
 6416.0  0.762038
 6416.6  0.762741
 6417.3  0.762052
 6417.9  0.761020
 6418.5  0.760451
 6419.1  0.761738
 6419.8  0.762628
 6420.4  0.763775
 6421.0  0.763501
 6421.7  0.763601
 6422.3  0.762896
 6422.9  0.763550
 6423.5  0.763057
 6424.2  0.766458
 6424.8  0.761285
 6425.4  0.763837
 6426.1  0.761945
 6426.7  0.762299
 6427.3  0.761535
 6427.9  0.764242
 6428.6  0.764598
 6429.2  0.764045
 6429.8  0.765598
 6430.4  0.763865
 6431.1  0.762422
 6431.7  0.763351
 6432.3  0.764611
 6433.0  0.764099
 6433.6  0.762732
 6434.2  0.764585
 6434.8  0.762520
 6435.5  0.763502
 6436.1  0.764378
 6436.7  0.764336
 6437.3  0.766902
 6438.0  0.764653
 6438.6  0.763916
 6439.2  0.764432
 6439.8  0.764929
 6440.5  0.765795
 6441.1  0.763594
 6441.7  0.765991
 6442.3  0.762800
 6443.0  0.764738
 6443.6  0.765114
 6444.2  0.764789
 6444.8  0.764020
 6445.5  0.763514
 6446.1  0.766535
 6446.7  0.765525
 6447.3  0.765319
 6448.0  0.765534
 6448.6  0.766170
 6449.2  0.765731
 6449.8  0.766476
 6450.5  0.764512
 6451.1  0.768097
 6451.7  0.767328
 6452.3  0.766861
 6453.0  0.768979
 6453.6  0.764459
 6454.2  0.766466
 6454.8  0.766599
 6455.5  0.767508
 6456.1  0.766175
 6456.7  0.767678
 6457.3  0.768619
 6457.9  0.767012
 6458.6  0.768772
 6459.2  0.766579
 6459.8  0.767927
 6460.4  0.765008
 6461.1  0.764060
 6461.7  0.766136
 6462.3  0.765718
 6462.9  0.768678
 6463.5  0.767589
 6464.2  0.767820
 6464.8  0.766524
 6465.4  0.766434
 6466.0  0.764423
 6466.7  0.767792
 6467.3  0.768100
 6467.9  0.765415
 6468.5  0.766335
 6469.1  0.767546
 6469.8  0.767696
 6470.4  0.766302
 6471.0  0.765158
 6471.6  0.767061
 6472.2  0.768491
 6472.9  0.768900
 6473.5  0.768271
 6474.1  0.765594
 6474.7  0.765936
 6475.3  0.765896
 6476.0  0.768568
 6476.6  0.760132
 6477.2  0.757808
 6477.8  0.758817
 6478.4  0.763453
 6479.1  0.767582
 6479.7  0.773076
 6480.3  0.771992
 6480.9  0.770048
 6481.5  0.764152
 6482.2  0.762362
 6482.8  0.768606
 6483.4  0.771867
 6484.0  0.771799
 6484.6  0.765863
 6485.2  0.763102
 6485.9  0.762797
 6486.5  0.766872
 6487.1  0.770124
 6487.7  0.771519
 6488.3  0.769697
 6489.0  0.765279
 6489.6  0.769806
 6490.2  0.773154
 6490.8  0.769859
 6491.4  0.771379
 6492.0  0.771996
 6492.7  0.766135
 6493.3  0.765553
 6493.9  0.772303
 6494.5  0.766567
 6495.1  0.764744
 6495.7  0.769796
 6496.4  0.772826
 6497.0  0.772024
 6497.6  0.768253
 6498.2  0.765041
 6498.8  0.769321
 6499.4  0.770920
 6500.0  0.773320
 6500.7  0.774384
 6501.3  0.773925
 6501.9  0.773171
 6502.5  0.776178
 6503.1  0.776228
 6503.7  0.773970
 6504.4  0.774755
 6505.0  0.773255
 6505.6  0.775145
 6506.2  0.773341
 6506.8  0.774831
 6507.4  0.774730
 6508.0  0.774848
 6508.7  0.773096
 6509.3  0.773664
 6509.9  0.771363
 6510.5  0.774147
 6511.1  0.773198
 6511.7  0.775384
 6512.3  0.776460
 6512.9  0.773787
 6513.6  0.771386
 6514.2  0.772982
 6514.8  0.773215
 6515.4  0.771445
 6516.0  0.768515
 6516.6  0.768872
 6517.2  0.766855
 6517.9  0.753672
 6518.5  0.760299
 6519.1  0.768988
 6519.7  0.770993
 6520.3  0.773150
 6520.9  0.765887
 6521.5  0.770860
 6522.1  0.777213
 6522.7  0.774251
 6523.4  0.773234
 6524.0  0.773810
 6524.6  0.772698
 6525.2  0.772851
 6525.8  0.770539
 6526.4  0.771345
 6527.0  0.777329
 6527.6  0.775478
 6528.2  0.775752
 6528.9  0.773348
 6529.5  0.776139
 6530.1  0.776192
 6530.7  0.776947
 6531.3  0.775898
 6531.9  0.774202
 6532.5  0.774534
 6533.1  0.776969
 6533.7  0.770140
 6534.3  0.770563
 6535.0  0.775080
 6535.6  0.772277
 6536.2  0.771756
 6536.8  0.774664
 6537.4  0.775175
 6538.0  0.776579
 6538.6  0.775930
 6539.2  0.775580
 6539.8  0.774004
 6540.4  0.775777
 6541.0  0.777073
 6541.6  0.777659
 6542.3  0.775342
 6542.9  0.776515
 6543.5  0.774476
 6544.1  0.773637
 6544.7  0.775802
 6545.3  0.774184
 6545.9  0.765265
 6546.5  0.769371
 6547.1  0.775473
 6547.7  0.775978
 6548.3  0.775073
 6548.9  0.775034
 6549.5  0.772113
 6550.1  0.769575
 6550.7  0.771612
 6551.4  0.775623
 6552.0  0.775780
 6552.6  0.775971
 6553.2  0.774477
 6553.8  0.768833
 6554.4  0.770507
 6555.0  0.774125
 6555.6  0.771185
 6556.2  0.774173
 6556.8  0.774370
 6557.4  0.776456
 6558.0  0.776377
 6558.6  0.773106
 6559.2  0.771722
 6559.8  0.772463
 6560.4  0.776864
 6561.0  0.776063
 6561.6  0.774567
 6562.2  0.774654
 6562.8  0.776017
 6563.4  0.774850
 6564.1  0.775224
 6564.7  0.775338
 6565.3  0.771773
 6565.9  0.768729
 6566.5  0.772495
 6567.1  0.775712
 6567.7  0.777400
 6568.3  0.774287
 6568.9  0.777492
 6569.5  0.777386
 6570.1  0.777175
 6570.7  0.774907
 6571.3  0.775729
 6571.9  0.776573
 6572.5  0.776917
 6573.1  0.775934
 6573.7  0.771784
 6574.3  0.772109
 6574.9  0.776207
 6575.5  0.777614
 6576.1  0.777633
 6576.7  0.771190
 6577.3  0.768656
 6577.9  0.775656
 6578.5  0.778351
 6579.1  0.777692
 6579.7  0.779103
 6580.3  0.776836
 6580.9  0.776495
 6581.5  0.778445
 6582.1  0.776840
 6582.7  0.776793
 6583.3  0.774807
 6583.9  0.778384
 6584.5  0.775909
 6585.1  0.775077
 6585.7  0.776322
 6586.3  0.777187
 6586.9  0.778042
 6587.5  0.774797
 6588.1  0.772941
 6588.7  0.776090
 6589.3  0.775847
 6589.9  0.776362
 6590.5  0.777968
 6591.1  0.779536
 6591.7  0.777912
 6592.3  0.777330
 6592.9  0.777575
 6593.5  0.777786
 6594.1  0.777601
 6594.7  0.778266
 6595.3  0.775016
 6595.9  0.775201
 6596.5  0.777462
 6597.1  0.777318
 6597.7  0.779053
 6598.2  0.776410
 6598.8  0.776810
 6599.4  0.777839
 6600.0  0.776318
 6600.6  0.778968
 6601.2  0.774072
 6601.8  0.775354
 6602.4  0.776970
 6603.0  0.779434
 6603.6  0.775386
 6604.2  0.776393
 6604.8  0.778643
 6605.4  0.778151
 6606.0  0.777656
 6606.6  0.776808
 6607.2  0.774354
 6607.8  0.775965
 6608.4  0.777519
 6609.0  0.777559
 6609.6  0.778743
 6610.2  0.774861
 6610.7  0.776889
 6611.3  0.778040
 6611.9  0.776711
 6612.5  0.775757
 6613.1  0.777948
 6613.7  0.778217
 6614.3  0.776455
 6614.9  0.775185
 6615.5  0.775352
 6616.1  0.777431
 6616.7  0.777092
 6617.3  0.778368
 6617.9  0.776370
 6618.5  0.776782
 6619.0  0.775779
 6619.6  0.775696
 6620.2  0.775501
 6620.8  0.776255
 6621.4  0.775693
 6622.0  0.776884
 6622.6  0.776053
 6623.2  0.774360
 6623.8  0.774897
 6624.4  0.775830
 6625.0  0.775653
 6625.6  0.775993
 6626.1  0.777030
 6626.7  0.776697
 6627.3  0.776587
 6627.9  0.775776
 6628.5  0.776416
 6629.1  0.775723
 6629.7  0.775485
 6630.3  0.775994
 6630.9  0.776692
 6631.4  0.775384
 6632.0  0.776582
 6632.6  0.775447
 6633.2  0.774605
 6633.8  0.775747
 6634.4  0.777491
 6635.0  0.775785
 6635.6  0.775083
 6636.2  0.775918
 6636.7  0.774704
 6637.3  0.777177
 6637.9  0.775220
 6638.5  0.775145
 6639.1  0.775352
 6639.7  0.774086
 6640.3  0.773423
 6640.9  0.775056
 6641.4  0.774466
 6642.0  0.774465
 6642.6  0.773897
 6643.2  0.773293
 6643.8  0.774509
 6644.4  0.775275
 6645.0  0.775216
 6645.6  0.775011
 6646.1  0.774333
 6646.7  0.773043
 6647.3  0.774888
 6647.9  0.775127
 6648.5  0.774212
 6649.1  0.774272
 6649.7  0.773986
 6650.2  0.772795
 6650.8  0.773505
 6651.4  0.774255
 6652.0  0.772178
 6652.6  0.772113
 6653.2  0.774932
 6653.7  0.774128
 6654.3  0.774653
 6654.9  0.772709
 6655.5  0.774603
 6656.1  0.775953
 6656.7  0.771491
 6657.2  0.773781
 6657.8  0.771348
 6658.4  0.774305
 6659.0  0.772415
 6659.6  0.773914
 6660.2  0.773041
 6660.7  0.773526
 6661.3  0.773646
 6661.9  0.772592
 6662.5  0.774441
 6663.1  0.775009
 6663.7  0.772426
 6664.2  0.771805
 6664.8  0.772747
 6665.4  0.773268
 6666.0  0.774002
 6666.6  0.772671
 6667.1  0.775638
 6667.7  0.774084
 6668.3  0.772025
 6668.9  0.772915
 6669.5  0.772013
 6670.0  0.775416
 6670.6  0.774657
 6671.2  0.774709
 6671.8  0.773791
 6672.4  0.772803
 6672.9  0.774497
 6673.5  0.775014
 6674.1  0.773513
 6674.7  0.772206
 6675.3  0.774202
 6675.8  0.773406
 6676.4  0.773749
 6677.0  0.774499
 6677.6  0.774069
 6678.2  0.771477
 6678.7  0.773611
 6679.3  0.772862
 6679.9  0.774495
 6680.5  0.773408
 6681.0  0.772287
 6681.6  0.775039
 6682.2  0.772092
 6682.8  0.773169
 6683.4  0.774475
 6683.9  0.772071
 6684.5  0.774400
 6685.1  0.772234
 6685.7  0.772499
 6686.2  0.772120
 6686.8  0.774797
 6687.4  0.772584
 6688.0  0.771416
 6688.5  0.774936
 6689.1  0.773831
 6689.7  0.773922
 6690.3  0.774624
 6690.8  0.771907
 6691.4  0.776448
 6692.0  0.774808
 6692.6  0.773228
 6693.1  0.775763
 6693.7  0.773990
 6694.3  0.775057
 6694.9  0.773382
 6695.4  0.771743
 6696.0  0.775373
 6696.6  0.775109
 6697.2  0.774841
 6697.7  0.775373
 6698.3  0.774535
 6698.9  0.774975
 6699.5  0.774991
 6700.0  0.773712
 6700.6  0.775111
 6701.2  0.773105
 6701.8  0.775396
 6702.3  0.774500
 6702.9  0.775282
 6703.5  0.773870
 6704.0  0.775006
 6704.6  0.773648
 6705.2  0.774880
 6705.8  0.775943
 6706.3  0.774554
 6706.9  0.775277
 6707.5  0.773776
 6708.0  0.772846
 6708.6  0.774527
 6709.2  0.775021
 6709.8  0.773953
 6710.3  0.773608
 6710.9  0.775212
 6711.5  0.773906
 6712.0  0.773750
 6712.6  0.774236
 6713.2  0.772913
 6713.7  0.775016
 6714.3  0.773243
 6714.9  0.773797
 6715.5  0.773257
 6716.0  0.773536
 6716.6  0.775868
 6717.2  0.773289
 6717.7  0.774190
 6718.3  0.774917
 6718.9  0.771806
 6719.4  0.773817
 6720.0  0.773076
 6720.6  0.773591
 6721.1  0.772366
 6721.7  0.773451
 6722.3  0.772018
 6722.8  0.772758
 6723.4  0.773077
 6724.0  0.772375
 6724.5  0.773551
 6725.1  0.773341
 6725.7  0.772171
 6726.2  0.773227
 6726.8  0.772848
 6727.4  0.772282
 6727.9  0.772678
 6728.5  0.773506
 6729.1  0.773083
 6729.6  0.773558
 6730.2  0.771663
 6730.8  0.772284
 6731.3  0.770670
 6731.9  0.771948
 6732.5  0.772434
 6733.0  0.773252
 6733.6  0.772463
 6734.2  0.773102
 6734.7  0.773234
 6735.3  0.771276
 6735.8  0.771584
 6736.4  0.771616
 6737.0  0.770962
 6737.5  0.771150
 6738.1  0.771744
 6738.7  0.771397
 6739.2  0.770286
 6739.8  0.769409
 6740.4  0.769152
 6740.9  0.772140
 6741.5  0.771615
 6742.0  0.768464
 6742.6  0.771869
 6743.2  0.770255
 6743.7  0.770696
 6744.3  0.771868
 6744.8  0.772072
 6745.4  0.769531
 6746.0  0.769486
 6746.5  0.772750
 6747.1  0.770098
 6747.7  0.771216
 6748.2  0.769271
 6748.8  0.769728
 6749.3  0.771173
 6749.9  0.768786
 6750.5  0.770361
 6751.0  0.770529
 6751.6  0.769917
 6752.1  0.768945
 6752.7  0.769898
 6753.3  0.769153
 6753.8  0.768844
 6754.4  0.768516
 6754.9  0.768897
 6755.5  0.768817
 6756.0  0.766474
 6756.6  0.767844
 6757.2  0.767661
 6757.7  0.767603
 6758.3  0.766929
 6758.8  0.767627
 6759.4  0.770388
 6760.0  0.768054
 6760.5  0.770089
 6761.1  0.766994
 6761.6  0.766331
 6762.2  0.766868
 6762.7  0.768586
 6763.3  0.768203
 6763.9  0.769142
 6764.4  0.766591
 6765.0  0.769198
 6765.5  0.765049
 6766.1  0.765789
 6766.6  0.768557
 6767.2  0.764879
 6767.7  0.766181
 6768.3  0.766162
 6768.9  0.766003
 6769.4  0.764629
 6770.0  0.766805
 6770.5  0.764700
 6771.1  0.766587
 6771.6  0.765713
 6772.2  0.764060
 6772.7  0.766383
 6773.3  0.767059
 6773.8  0.765738
 6774.4  0.766016
 6774.9  0.765207
 6775.5  0.764647
 6776.1  0.765114
 6776.6  0.766980
 6777.2  0.764620
 6777.7  0.764631
 6778.3  0.763969
 6778.8  0.764620
 6779.4  0.764482
 6779.9  0.763906
 6780.5  0.764811
 6781.0  0.763961
 6781.6  0.766246
 6782.1  0.766033
 6782.7  0.763970
 6783.2  0.763943
 6783.8  0.762690
 6784.3  0.765105
 6784.9  0.763691
 6785.4  0.762901
 6786.0  0.763423
 6786.5  0.765262
 6787.1  0.764075
 6787.6  0.765285
 6788.2  0.762221
 6788.7  0.763777
 6789.3  0.763418
 6789.8  0.764014
 6790.4  0.762219
 6790.9  0.763867
 6791.5  0.764161
 6792.0  0.762257
 6792.6  0.763261
 6793.1  0.763591
 6793.7  0.762258
 6794.2  0.764043
 6794.8  0.763161
 6795.3  0.762546
 6795.9  0.761285
 6796.4  0.762446
 6796.9  0.763618
 6797.5  0.763331
 6798.0  0.762616
 6798.6  0.762272
 6799.1  0.763406
 6799.7  0.763464
 6800.2  0.762543
 6800.8  0.762622
 6801.3  0.764434
 6801.9  0.762850
 6802.4  0.763310
 6803.0  0.766674
 6803.5  0.761434
 6804.0  0.762902
 6804.6  0.763426
 6805.1  0.762307
 6805.7  0.763493
 6806.2  0.762845
 6806.8  0.763070
 6807.3  0.763130
 6807.9  0.762318
 6808.4  0.762924
 6808.9  0.763573
 6809.5  0.761836
 6810.0  0.762303
 6810.6  0.763654
 6811.1  0.763614
 6811.7  0.762066
 6812.2  0.763585
 6812.7  0.763922
 6813.3  0.762709
 6813.8  0.765832
 6814.4  0.761590
 6814.9  0.762219
 6815.4  0.763153
 6816.0  0.762789
 6816.5  0.764060
 6817.1  0.764414
 6817.6  0.763544
 6818.2  0.763247
 6818.7  0.761732
 6819.2  0.764329
 6819.8  0.763834
 6820.3  0.763841
 6820.9  0.762310
 6821.4  0.762910
 6821.9  0.763639
 6822.5  0.762660
 6823.0  0.763157
 6823.6  0.762983
 6824.1  0.764513
 6824.6  0.762047
 6825.2  0.763421
 6825.7  0.762929
 6826.2  0.764306
 6826.8  0.765754
 6827.3  0.763019
 6827.9  0.761294
 6828.4  0.763816
 6828.9  0.763838
 6829.5  0.763336
 6830.0  0.764259
 6830.5  0.764144
 6831.1  0.764409
 6831.6  0.765458
 6832.2  0.763652
 6832.7  0.764256
 6833.2  0.764702
 6833.8  0.764823
 6834.3  0.765206
 6834.8  0.762648
 6835.4  0.764677
 6835.9  0.763517
 6836.4  0.764961
 6837.0  0.763897
 6837.5  0.764946
 6838.0  0.764850
 6838.6  0.763996
 6839.1  0.765035
 6839.6  0.764869
 6840.2  0.762281
 6840.7  0.766568
 6841.3  0.763229
 6841.8  0.766207
 6842.3  0.764843
 6842.9  0.767656
 6843.4  0.767295
 6843.9  0.765806
 6844.4  0.765447
 6845.0  0.765048
 6845.5  0.765698
 6846.0  0.767154
 6846.6  0.764307
 6847.1  0.764121
 6847.6  0.764788
 6848.2  0.766192
 6848.7  0.765545
 6849.2  0.766227
 6849.8  0.763524
 6850.3  0.767681
 6850.8  0.766135
 6851.4  0.766439
 6851.9  0.765126
 6852.4  0.763572
 6852.9  0.766201
 6853.5  0.765903
 6854.0  0.768119
 6854.5  0.768180
 6855.1  0.767711
 6855.6  0.766191
 6856.1  0.766641
 6856.7  0.766551
 6857.2  0.765510
 6857.7  0.766032
 6858.2  0.765742
 6858.8  0.767247
 6859.3  0.765898
 6859.8  0.765769
 6860.4  0.767631
 6860.9  0.767345
 6861.4  0.767935
 6861.9  0.764798
 6862.5  0.768044
 6863.0  0.765374
 6863.5  0.766443
 6864.0  0.765856
 6864.6  0.766661
 6865.1  0.767761
 6865.6  0.764909
 6866.1  0.767391
 6866.5  0.766280
 6867.1  0.768082
 6867.7  0.765272
 6868.3  0.710574
 6868.9  0.597944
 6869.4  0.528985
 6870.0  0.454082
 6870.6  0.495641
 6871.2  0.525060
 6871.8  0.535121
 6872.4  0.515931
 6872.9  0.488231
 6873.5  0.542586
 6874.1  0.602648
 6874.7  0.595227
 6875.3  0.586703
 6875.9  0.569171
 6876.4  0.570328
 6877.0  0.571207
 6877.6  0.632223
 6878.2  0.655392
 6878.8  0.613366
 6879.4  0.631672
 6879.9  0.669214
 6880.5  0.662200
 6881.1  0.655982
 6881.7  0.681137
 6882.3  0.713205
 6882.9  0.760533
 6883.4  0.767962
 6884.0  0.765067
 6884.6  0.765863
 6885.2  0.742976
 6885.8  0.681446
 6886.4  0.699211
 6886.9  0.748022
 6887.5  0.696090
 6888.1  0.633201
 6888.7  0.628324
 6889.3  0.665840
 6889.8  0.729933
 6890.4  0.700820
 6891.0  0.614569
 6891.6  0.606050
 6892.2  0.632585
 6892.8  0.726347
 6893.3  0.714815
 6893.9  0.629207
 6894.5  0.600516
 6895.1  0.608065
 6895.7  0.708386
 6896.2  0.754886
 6896.8  0.757306
 6897.4  0.698782
 6898.0  0.610587
 6898.6  0.609155
 6899.1  0.622034
 6899.7  0.716571
 6900.3  0.761267
 6900.9  0.763158
 6901.4  0.706465
 6902.0  0.622586
 6902.6  0.622078
 6903.2  0.652105
 6903.8  0.735200
 6904.3  0.764989
 6904.9  0.763543
 6905.5  0.704018
 6906.1  0.641597
 6906.7  0.638305
 6907.2  0.663276
 6907.8  0.738522
 6908.4  0.763615
 6909.0  0.766395
 6909.5  0.725509
 6910.1  0.682862
 6910.7  0.654121
 6911.3  0.675752
 6911.9  0.749138
 6912.4  0.761481
 6913.0  0.764413
 6913.6  0.764153
 6914.2  0.749442
 6914.7  0.706965
 6915.3  0.680911
 6915.9  0.678543
 6916.5  0.723042
 6917.0  0.764564
 6917.6  0.762659
 6918.2  0.765088
 6918.8  0.765755
 6919.3  0.746494
 6919.9  0.707123
 6920.5  0.703130
 6921.1  0.706969
 6921.6  0.740664
 6922.2  0.766063
 6922.8  0.766042
 6923.4  0.766227
 6923.9  0.761953
 6924.5  0.737177
 6925.1  0.712568
 6925.7  0.712672
 6926.2  0.725642
 6926.8  0.754004
 6927.4  0.765595
 6928.0  0.765594
 6928.5  0.762851
 6929.1  0.761109
 6929.7  0.764104
 6930.3  0.744906
 6930.8  0.712665
 6931.4  0.717879
 6932.0  0.745879
 6932.6  0.753313
 6933.1  0.759155
 6933.7  0.757563
 6934.3  0.759242
 6934.8  0.758676
 6935.4  0.750461
 6936.0  0.734976
 6936.6  0.741392
 6937.1  0.749327
 6937.7  0.758674
 6938.3  0.765278
 6938.9  0.766650
 6939.4  0.752698
 6940.0  0.740453
 6940.6  0.751191
 6941.1  0.757646
 6941.7  0.730039
 6942.3  0.727666
 6942.9  0.743212
 6943.4  0.739777
 6944.0  0.736845
 6944.6  0.753872
 6945.1  0.760420
 6945.7  0.746665
 6946.3  0.748671
 6946.8  0.762143
 6947.4  0.765102
 6948.0  0.761934
 6948.6  0.746596
 6949.1  0.737523
 6949.7  0.747068
 6950.3  0.747881
 6950.8  0.745324
 6951.4  0.752837
 6952.0  0.763982
 6952.5  0.759714
 6953.1  0.753902
 6953.7  0.761796
 6954.3  0.761083
 6954.8  0.759757
 6955.4  0.753207
 6956.0  0.748417
 6956.5  0.757259
 6957.1  0.760236
 6957.7  0.732066
 6958.2  0.725463
 6958.8  0.752180
 6959.4  0.762003
 6959.9  0.761744
 6960.5  0.753358
 6961.1  0.745136
 6961.6  0.755553
 6962.2  0.755507
 6962.8  0.737803
 6963.3  0.741150
 6963.9  0.761247
 6964.5  0.762431
 6965.0  0.766130
 6965.6  0.759725
 6966.2  0.757272
 6966.7  0.757841
 6967.3  0.761842
 6967.9  0.763511
 6968.4  0.764302
 6969.0  0.762644
 6969.6  0.763067
 6970.1  0.761414
 6970.7  0.762841
 6971.3  0.763951
 6971.8  0.762826
 6972.4  0.758699
 6973.0  0.756015
 6973.5  0.761740
 6974.1  0.760127
 6974.6  0.763379
 6975.2  0.761425
 6975.8  0.763027
 6976.3  0.762219
 6976.9  0.762659
 6977.5  0.760194
 6978.0  0.762079
 6978.6  0.757713
 6979.2  0.755098
 6979.7  0.759936
 6980.3  0.762361
 6980.8  0.760566
 6981.4  0.760098
 6982.0  0.760748
 6982.5  0.757139
 6983.1  0.755465
 6983.7  0.758775
 6984.2  0.759240
 6984.8  0.761951
 6985.3  0.760982
 6985.9  0.761078
 6986.5  0.757934
 6987.0  0.758913
 6987.6  0.754136
 6988.2  0.750260
 6988.7  0.750141
 6989.3  0.752250
 6989.8  0.755424
 6990.4  0.745565
 6991.0  0.732620
 6991.5  0.742778
 6992.1  0.752521
 6992.6  0.755527
 6993.2  0.758552
 6993.8  0.759008
 6994.3  0.755140
 6994.9  0.744174
 6995.4  0.745286
 6996.0  0.741706
 6996.6  0.753347
 6997.1  0.759228
 6997.7  0.762271
 6998.2  0.759719
 6998.8  0.760482
 6999.4  0.758268
 6999.9  0.754972
 7000.5  0.742833
 7001.0  0.732898
 7001.6  0.747623
 7002.2  0.759167
 7002.7  0.759584
 7003.3  0.758695
 7003.8  0.756383
 7004.4  0.755982
 7004.9  0.757788
 7005.5  0.756051
 7006.1  0.750490
 7006.6  0.737825
 7007.2  0.733920
 7007.7  0.744424
 7008.3  0.752460
 7008.8  0.753602
 7009.4  0.755451
 7010.0  0.755714
 7010.5  0.755416
 7011.1  0.756065
 7011.6  0.756111
 7012.2  0.749661
 7012.7  0.744931
 7013.3  0.746611
 7013.8  0.754550
 7014.4  0.756864
 7015.0  0.757096
 7015.5  0.756550
 7016.1  0.755653
 7016.6  0.754423
 7017.2  0.744999
 7017.7  0.731891
 7018.3  0.731837
 7018.8  0.746652
 7019.4  0.754747
 7019.9  0.757606
 7020.5  0.755244
 7021.1  0.750398
 7021.6  0.752456
 7022.2  0.753407
 7022.7  0.753316
 7023.3  0.752775
 7023.8  0.753137
 7024.4  0.749266
 7024.9  0.739052
 7025.5  0.746516
 7026.0  0.754080
 7026.6  0.752678
 7027.1  0.753042
 7027.7  0.751390
 7028.2  0.745492
 7028.8  0.729589
 7029.4  0.734844
 7029.9  0.743537
 7030.5  0.751224
 7031.0  0.752447
 7031.6  0.755993
 7032.1  0.756324
 7032.7  0.755791
 7033.2  0.754144
 7033.8  0.757199
 7034.3  0.754998
 7034.9  0.757788
 7035.4  0.755921
 7036.0  0.757958
 7036.5  0.757228
 7037.1  0.755722
 7037.6  0.756653
 7038.2  0.752659
 7038.7  0.749913
 7039.3  0.744786
 7039.8  0.748964
 7040.4  0.748284
 7040.9  0.748938
 7041.5  0.743112
 7042.0  0.737313
 7042.6  0.746659
 7043.1  0.754580
 7043.7  0.752837
 7044.2  0.752028
 7044.8  0.752901
 7045.3  0.753780
 7045.9  0.754857
 7046.4  0.754413
 7046.9  0.754717
 7047.5  0.755430
 7048.0  0.756808
 7048.6  0.750374
 7049.1  0.749013
 7049.7  0.751458
 7050.2  0.754086
 7050.8  0.752689
 7051.3  0.754081
 7051.9  0.753436
 7052.4  0.747579
 7053.0  0.743898
 7053.5  0.746374
 7054.1  0.748480
 7054.6  0.745890
 7055.1  0.745657
 7055.7  0.751045
 7056.2  0.754915
 7056.8  0.752355
 7057.3  0.753671
 7057.9  0.751614
 7058.4  0.749912
 7059.0  0.747261
 7059.5  0.748480
 7060.1  0.752304
 7060.6  0.753097
 7061.1  0.753226
 7061.7  0.751816
 7062.2  0.751490
 7062.8  0.752315
 7063.3  0.751796
 7063.9  0.750842
 7064.4  0.753126
 7064.9  0.750048
 7065.5  0.749252
 7066.0  0.755415
 7066.6  0.751171
 7067.1  0.751761
 7067.7  0.747411
 7068.2  0.746301
 7068.7  0.750779
 7069.3  0.751004
 7069.8  0.753635
 7070.4  0.751594
 7070.9  0.751617
 7071.5  0.752546
 7072.0  0.753161
 7072.5  0.752770
 7073.1  0.753523
 7073.6  0.749613
 7074.2  0.752981
 7074.7  0.750400
 7075.2  0.752211
 7075.8  0.752542
 7076.3  0.751904
 7076.9  0.748606
 7077.4  0.751153
 7077.9  0.751052
 7078.5  0.751687
 7079.0  0.749227
 7079.6  0.747609
 7080.1  0.744281
 7080.6  0.744938
 7081.2  0.746132
 7081.7  0.745576
 7082.3  0.748365
 7082.8  0.749422
 7083.3  0.748510
 7083.9  0.750768
 7084.4  0.749289
 7085.0  0.750119
 7085.5  0.749220
 7086.0  0.751462
 7086.6  0.747367
 7087.1  0.745681
 7087.6  0.747371
 7088.2  0.747163
 7088.7  0.745720
 7089.3  0.745883
 7089.8  0.739264
 7090.3  0.739878
 7090.9  0.742953
 7091.4  0.743841
 7091.9  0.744189
 7092.5  0.742191
 7093.0  0.741627
 7093.5  0.739756
 7094.1  0.744354
 7094.6  0.741519
 7095.2  0.741913
 7095.7  0.738884
 7096.2  0.739055
 7096.8  0.737754
 7097.3  0.736593
 7097.8  0.738158
 7098.4  0.739402
 7098.9  0.736422
 7099.4  0.735923
 7100.0  0.736286
 7100.5  0.736640
 7101.0  0.731889
 7101.6  0.735078
 7102.1  0.732905
 7102.6  0.732750
 7103.2  0.732778
 7103.7  0.730982
 7104.2  0.729711
 7104.8  0.729758
 7105.3  0.730758
 7105.8  0.727772
 7106.4  0.729128
 7106.9  0.728305
 7107.4  0.724957
 7108.0  0.720684
 7108.5  0.720855
 7109.0  0.725753
 7109.6  0.724280
 7110.1  0.721775
 7110.6  0.721393
 7111.1  0.719597
 7111.7  0.720282
 7112.2  0.719444
 7112.7  0.720360
 7113.3  0.716553
 7113.8  0.715361
 7114.3  0.714291
 7114.9  0.715827
 7115.4  0.713118
 7115.9  0.712716
 7116.5  0.709665
 7117.0  0.711030
 7117.5  0.708813
 7118.0  0.708324
 7118.6  0.709527
 7119.1  0.707778
 7119.6  0.702449
 7120.2  0.702629
 7120.7  0.701225
 7121.2  0.701846
 7121.7  0.701109
 7122.3  0.699064
 7122.8  0.699336
 7123.3  0.698347
 7123.9  0.697759
 7124.4  0.695396
 7124.9  0.694283
 7125.4  0.694033
 7126.0  0.694370
 7126.5  0.690991
 7127.0  0.690342
 7127.5  0.690229
 7128.1  0.689195
 7128.6  0.688507
 7129.1  0.686818
 7129.6  0.683654
 7130.2  0.682409
 7130.7  0.680059
 7131.2  0.679053
 7131.7  0.678424
 7132.3  0.679384
 7132.8  0.677125
 7133.3  0.676768
 7133.8  0.675432
 7134.4  0.673958
 7134.9  0.673910
 7135.4  0.670956
 7135.9  0.668472
 7136.5  0.669087
 7137.0  0.667760
 7137.5  0.669217
 7138.0  0.666957
 7138.6  0.663414
 7139.1  0.660164
 7139.6  0.659881
 7140.1  0.662494
 7140.7  0.661498
 7141.2  0.659786
 7141.7  0.657747
 7142.2  0.653947
 7142.7  0.656473
 7143.3  0.655926
 7143.8  0.653447
 7144.3  0.651717
 7144.8  0.647746
 7145.4  0.647499
 7145.9  0.649094
 7146.4  0.647849
 7146.9  0.646303
 7147.4  0.643439
 7148.0  0.641493
 7148.5  0.641042
 7149.0  0.639393
 7149.5  0.634976
 7150.0  0.630218
 7150.6  0.635942
 7151.1  0.637290
 7151.6  0.632588
 7152.1  0.631285
 7152.6  0.626768
 7153.2  0.624551
 7153.7  0.627859
 7154.2  0.629539
 7154.7  0.627334
 7155.2  0.625903
 7155.8  0.624920
 7156.3  0.623543
 7156.8  0.624874
 7157.3  0.619663
 7157.8  0.616495
 7158.3  0.616251
 7158.9  0.617246
 7159.4  0.616247
 7159.9  0.617770
 7160.4  0.609927
 7160.9  0.606365
 7161.4  0.608563
 7162.0  0.613959
 7162.5  0.610139
 7163.0  0.608465
 7163.5  0.604624
 7164.0  0.601566
 7164.5  0.601077
 7165.1  0.601394
 7165.6  0.593767
 7166.1  0.590787
 7166.6  0.594415
 7167.1  0.595110
 7167.6  0.592892
 7168.2  0.585279
 7168.7  0.577137
 7169.2  0.567695
 7169.7  0.556066
 7170.2  0.556826
 7170.7  0.571821
 7171.2  0.576469
 7171.7  0.565174
 7172.3  0.558911
 7172.8  0.559405
 7173.3  0.564255
 7173.8  0.569806
 7174.3  0.553298
 7174.8  0.517675
 7175.3  0.512742
 7175.9  0.528547
 7176.4  0.548636
 7176.9  0.567374
 7177.4  0.557336
 7177.9  0.542441
 7178.4  0.521233
 7178.9  0.497329
 7179.4  0.503645
 7179.9  0.519907
 7180.5  0.536616
 7181.0  0.549698
 7181.5  0.552790
 7182.0  0.553675
 7182.5  0.538683
 7183.0  0.523466
 7183.5  0.506710
 7184.0  0.487491
 7184.5  0.513305
 7185.0  0.542137
 7185.6  0.501996
 7186.1  0.475259
 7186.6  0.470266
 7187.1  0.465011
 7187.6  0.451573
 7188.1  0.440297
 7188.6  0.431710
 7189.1  0.432420
 7189.6  0.475025
 7190.1  0.509789
 7190.6  0.509937
 7191.2  0.511498
 7191.7  0.510680
 7192.2  0.498326
 7192.7  0.465912
 7193.2  0.443614
 7193.7  0.438089
 7194.2  0.440732
 7194.7  0.459350
 7195.2  0.461413
 7195.7  0.437877
 7196.2  0.430742
 7196.7  0.446704
 7197.2  0.457164
 7197.7  0.459906
 7198.2  0.458279
 7198.7  0.450067
 7199.3  0.436213
 7199.8  0.424012
 7200.3  0.426625
 7200.8  0.440999
 7201.3  0.435625
 7201.8  0.416687
 7202.3  0.388093
 7202.8  0.353408
 7203.3  0.365021
 7203.8  0.405004
 7204.3  0.419830
 7204.8  0.417370
 7205.3  0.395630
 7205.8  0.359202
 7206.3  0.361546
 7206.8  0.386513
 7207.3  0.379477
 7207.8  0.350032
 7208.3  0.348860
 7208.8  0.365610
 7209.3  0.372956
 7209.8  0.374229
 7210.3  0.369337
 7210.8  0.359537
 7211.3  0.352716
 7211.8  0.348405
 7212.3  0.344336
 7212.8  0.342729
 7213.3  0.340450
 7213.8  0.338761
 7214.3  0.335095
 7214.8  0.331054
 7215.3  0.327564
 7215.8  0.322673
 7216.3  0.317374
 7216.8  0.312132
 7217.3  0.306382
 7217.8  0.298611
 7218.3  0.291244
 7218.8  0.285409
 7219.3  0.281579
 7219.8  0.279384
 7220.3  0.277292
 7220.8  0.273469
 7221.3  0.269862
 7221.8  0.266461
 7222.3  0.262339
 7222.8  0.257721
 7223.3  0.253520
 7223.8  0.249840
 7224.3  0.243491
 7224.8  0.237517
 7225.3  0.228959
 7225.8  0.218618
 7226.3  0.217129
 7226.8  0.220870
 7227.3  0.219387
 7227.8  0.215379
 7228.3  0.209752
 7228.8  0.202177
 7229.3  0.196461
 7229.8  0.191949
 7230.3  0.190040
 7230.7  0.189160
 7231.2  0.188330
 7231.7  0.184855
 7232.2  0.180705
 7232.7  0.176512
 7233.2  0.171373
 7233.7  0.165276
 7234.2  0.156920
 7234.7  0.145475
 7235.2  0.141062
 7235.7  0.145779
 7236.2  0.143317
 7236.7  0.130824
 7237.2  0.125130
 7237.7  0.129220
 7238.1  0.131698
 7238.6  0.134651
 7239.1  0.136191
 7239.6  0.133084
 7240.1  0.130373
 7240.6  0.127685
 7241.1  0.124637
 7241.6  0.119011
 7242.1  0.112814
 7242.6  0.101642
 7243.1  0.095148
 7243.6  0.104315
 7244.0  0.110615
 7244.5  0.106292
 7245.0  0.101408
 7245.5  0.094295
 7246.0  0.087735
 7246.5  0.092162
 7247.0  0.096607
 7247.5  0.092009
 7248.0  0.087250
 7248.4  0.086152
 7248.9  0.085208
 7249.4  0.085488
 7249.9  0.085857
 7250.4  0.083265
 7250.9  0.080559
 7251.4  0.078443
 7251.9  0.076787
 7252.4  0.075997
 7252.8  0.075227
 7253.3  0.071635
 7253.8  0.066044
 7254.3  0.063053
 7254.8  0.061914
 7255.3  0.061238
 7255.8  0.061078
 7256.2  0.061458
 7256.7  0.062958
 7257.2  0.063362
 7257.7  0.062175
 7258.2  0.060305
 7258.7  0.057831
 7259.2  0.055338
 7259.6  0.054372
 7260.1  0.053358
 7260.6  0.053216
 7261.1  0.053206
 7261.6  0.052089
 7262.1  0.050668
 7262.5  0.049302
 7263.0  0.047760
 7263.5  0.047154
 7264.0  0.046259
 7264.5  0.045319
 7265.0  0.044353
 7265.4  0.043520
 7265.9  0.042720
 7266.4  0.041127
 7266.9  0.038797
 7267.4  0.037167
 7267.9  0.035516
 7268.3  0.036209
 7268.8  0.038321
 7269.3  0.038644
 7269.8  0.037863
 7270.3  0.036943
 7270.7  0.036309
 7271.2  0.035112
 7271.7  0.033659
 7272.2  0.032866
 7272.7  0.033163
 7273.1  0.033078
 7273.6  0.032389
 7274.1  0.031249
 7274.6  0.028416
 7275.1  0.026390
 7275.5  0.027704
 7276.0  0.029494
 7276.5  0.027924
 7277.0  0.026554
 7277.5  0.026259
 7277.9  0.025966
 7278.4  0.024325
 7278.9  0.022323
 7279.4  0.022873
 7279.8  0.023598
 7280.3  0.024063
 7280.8  0.024206
 7281.3  0.023938
 7281.8  0.023450
 7282.2  0.022986
 7282.7  0.022521
 7283.2  0.022150
 7283.7  0.021543
 7284.1  0.021155
 7284.6  0.020976
 7285.1  0.020834
 7285.6  0.020624
 7286.0  0.020422
 7286.5  0.019943
 7287.0  0.019715
 7287.5  0.019263
 7287.9  0.018907
 7288.4  0.018110
 7288.9  0.017085
 7289.4  0.016791
 7289.8  0.016653
 7290.3  0.016643
 7290.8  0.016963
 7291.3  0.016152
 7291.7  0.015093
 7292.2  0.014451
 7292.7  0.014723
 7293.2  0.014805
 7293.6  0.014691
 7294.1  0.014654
 7294.6  0.014363
 7295.0  0.014064
 7295.5  0.014112
 7296.0  0.013998
 7296.5  0.013557
 7296.9  0.013168
 7297.4  0.013067
 7297.9  0.013062
 7298.3  0.012947
 7298.8  0.012951
 7299.3  0.012660
 7299.7  0.012496
 7300.2  0.012239
 7300.7  0.011997
 7301.2  0.011814
 7301.6  0.011316
 7302.1  0.010978
 7302.6  0.011161
 7303.0  0.011142
 7303.5  0.010833
 7304.0  0.010592
 7304.4  0.010074
 7304.9  0.009658
 7305.4  0.009305
 7305.8  0.009183
 7306.3  0.009273
 7306.8  0.009633
 7307.2  0.009618
 7307.7  0.009542
 7308.2  0.009344
 7308.6  0.009344
 7309.1  0.009189
 7309.6  0.008999
 7310.0  0.008865
 7310.5  0.008545
 7311.0  0.008233
 7311.4  0.007971
 7311.9  0.007780
 7312.4  0.007797
 7312.8  0.007866
 7313.3  0.007924
 7313.8  0.007851
 7314.2  0.007747
 7314.7  0.007454
 7315.2  0.007365
 7315.6  0.007367
 7316.1  0.007401
 7316.6  0.007229
 7317.0  0.007089
 7317.5  0.006895
 7317.9  0.006782
 7318.4  0.006616
 7318.9  0.006499
 7319.3  0.006357
 7319.8  0.006306
 7320.3  0.006265
 7320.7  0.006096
 7321.2  0.005999
 7321.6  0.006053
 7322.1  0.006172
 7322.6  0.006010
 7323.0  0.005859
 7323.5  0.005770
 7324.0  0.005888
 7324.4  0.005687
 7324.9  0.005648
 7325.3  0.005514
 7325.8  0.005378
 7326.3  0.005336
 7326.7  0.005307
 7327.2  0.005317
 7327.6  0.005225
 7328.1  0.005092
 7328.5  0.004944
 7329.0  0.004864
 7329.5  0.004837
 7329.9  0.004863
 7330.4  0.004770
 7330.8  0.004725
 7331.3  0.004673
 7331.8  0.004633
 7332.2  0.004510
 7332.7  0.004485
 7333.1  0.004311
 7333.6  0.004354
 7334.0  0.004377
 7334.5  0.004294
 7335.0  0.004159
 7335.4  0.004115
 7335.9  0.003918
 7336.3  0.003969
 7336.8  0.003922
 7337.2  0.003926
 7337.7  0.003862
 7338.1  0.003779
 7338.6  0.003859
 7339.1  0.003761
 7339.5  0.003781
 7340.0  0.003690
 7340.4  0.003642
 7340.9  0.003556
 7341.3  0.003560
 7341.8  0.003557
 7342.2  0.003469
 7342.7  0.003383
 7343.1  0.003369
 7343.6  0.003357
 7344.0  0.003331
 7344.5  0.003243
 7345.0  0.003189
 7345.4  0.003154
 7345.9  0.003055
 7346.3  0.003053
 7346.8  0.003050
 7347.2  0.003034
 7347.7  0.003055
 7348.1  0.002944
 7348.6  0.002970
 7349.0  0.002862
 7349.5  0.002811
 7349.9  0.002868
 7350.4  0.002787
 7350.8  0.002703
 7351.3  0.002657
 7351.7  0.002636
 7352.2  0.002625
 7352.6  0.002567
 7353.1  0.002592
 7353.5  0.002639
 7354.0  0.002611
 7354.4  0.002463
 7354.9  0.002432
 7355.3  0.002441
 7355.8  0.002378
 7356.2  0.002426
 7356.6  0.002349
 7357.1  0.002320
 7357.5  0.002327
 7358.0  0.002304
 7358.4  0.002257
 7358.9  0.002203
 7359.3  0.002224
 7359.8  0.002215
 7360.2  0.002202
 7360.7  0.002184
 7361.1  0.002146
 7361.6  0.002073
 7362.0  0.002040
 7362.4  0.002058
 7362.9  0.002055
 7363.3  0.001999
 7363.8  0.001961
 7364.2  0.001997
 7364.7  0.001999
 7365.1  0.001984
 7365.6  0.001881
 7366.0  0.001837
 7366.4  0.001869
 7366.9  0.001844
 7367.3  0.001822
 7367.8  0.001782
 7368.2  0.001823
 7368.7  0.001808
 7369.1  0.001842
 7369.5  0.001625
 7370.0  0.001712
 7370.4  0.001722
 7370.9  0.001684
 7371.3  0.001682
 7371.8  0.001697
 7372.2  0.001625
 7372.6  0.001604
 7373.1  0.001647
 7373.5  0.001576
 7374.0  0.001598
 7374.4  0.001548
 7374.8  0.001558
 7375.3  0.001536
 7375.7  0.001472
 7376.2  0.001513
 7376.6  0.001516
 7377.0  0.001532
 7377.5  0.001487
 7377.9  0.001391
 7378.3  0.001456
 7378.8  0.001416
 7379.2  0.001371
 7379.7  0.001425
 7380.1  0.001379
 7380.5  0.001448
 7381.0  0.001406
 7381.4  0.001325
 7381.8  0.001302
 7382.3  0.001358
 7382.7  0.001325
 7383.2  0.001329
 7383.6  0.001289
 7384.0  0.001247
 7384.5  0.001276
 7384.9  0.001212
 7385.3  0.001279
 7385.8  0.001209
 7386.2  0.001183
 7386.6  0.001240
 7387.1  0.001242
 7387.5  0.001234
 7387.9  0.001254
 7388.4  0.001187
 7388.8  0.001209
 7389.2  0.001127
 7389.7  0.001213
 7390.1  0.001194
 7390.5  0.001132
 7391.0  0.001173
 7391.4  0.001157
 7391.8  0.001133
 7392.3  0.001106
 7392.7  0.001149
 7393.1  0.001133
 7393.6  0.001137
 7394.0  0.001098
 7394.4  0.001150
