19500.0 0.001172613506
19510.0 0.001276437509
19520.0 0.001509213427
19530.0 0.00183297624
19540.0 0.001606706457999999
19550.0 0.002055285797
19560.0 0.00178568646
19570.0 0.001782169586
19580.0 0.002211862539999999
19590.0 0.0026353669759999997
19600.0 0.0025490110280000002
19610.0 0.0029133213520000003
19620.0 0.003042756265
19630.0 0.003550449836
19640.0 0.004035655743
19650.0 0.004649337429
19660.0 0.004959593653999999
19670.0 0.005111989081
19680.0 0.006105187047
19690.0 0.006840536820999999
19700.0 0.007649843311999999
19710.0 0.008456138635
19720.0 0.009855650809
19730.0 0.011612019275000001
19740.0 0.013297680525
19750.0 0.015237089392
19760.0 0.017263913818
19770.0 0.020793015621999998
19780.0 0.024885994815
19790.0 0.028773777726
19800.0 0.034232253119
19810.0 0.041066911887
19820.0 0.049746853541
19830.0 0.06008399200200001
19840.0 0.07269822464199999
19850.0 0.08927709007000001
19860.0 0.108215803906
19870.0 0.13249892980800002
19880.0 0.16141148868599997
19890.0 0.196322100814
19900.0 0.23831951061800002
19910.0 0.289830577456
19920.0 0.34430503924600003
19930.0 0.40498497010999995
19940.0 0.469590934736
19950.0 0.535782954392
19960.0 0.5999483108220001
19970.0 0.662492546058
19980.0 0.717377166758
19990.0 0.762058413676
20000.0 0.7992290588800001
20010.0 0.83000897826
20020.0 0.8523362183000001
20030.0 0.8709981780779998
20040.0 0.8854577240039998
20050.0 0.895236714176
20060.0 0.9037017303439999
20070.0 0.909578575136
20080.0 0.91473084262
20090.0 0.917805155932
20100.0 0.9210549499059999
20110.0 0.922214303626
20120.0 0.9235482406219999
20130.0 0.923821368386
20140.0 0.923088417076
20150.0 0.921526885958
20160.0 0.919447361728
20170.0 0.9168383300719999
20180.0 0.913649322558
20190.0 0.910121989448
20200.0 0.9060916168500001
20210.0 0.9017207504060001
20220.0 0.8974685409900001
20230.0 0.8926358322
20240.0 0.888770024142
20250.0 0.8843711944759999
20260.0 0.88044497373
20270.0 0.8755042251339998
20280.0 0.8717561019439998
20290.0 0.8679058456040001
20300.0 0.86369303895
20310.0 0.8603264572
20320.0 0.8566840561159998
20330.0 0.853887506066
20340.0 0.850488250724
20350.0 0.8474491531239998
20360.0 0.844157489042
20370.0 0.84193695222
20380.0 0.8388940414399998
20390.0 0.8370666351459998
20400.0 0.8348024337379998
20410.0 0.8327918457459998
20420.0 0.831029038994
20430.0 0.829486573776
20440.0 0.8290719101
20450.0 0.8276409240959999
20460.0 0.8273623382220001
20470.0 0.8272571396319998
20480.0 0.8278383117760001
20490.0 0.8282777984599999
20500.0 0.8297459442020001
20510.0 0.830768397508
20520.0 0.8327225357359999
20530.0 0.8350698043939998
20540.0 0.837057513404
20550.0 0.8400076369999998
20560.0 0.8429466949259998
20570.0 0.8462571258120001
20580.0 0.8495558929339998
20590.0 0.8527223205619998
20600.0 0.856678224136
20610.0 0.8602416702460001
20620.0 0.864480047648
20630.0 0.8677797866359999
20640.0 0.8721971587839998
20650.0 0.875992983964
20660.0 0.8796682830599998
20670.0 0.8837889007219998
20680.0 0.8873092056640001
20690.0 0.8906120101899998
20700.0 0.894165960688
20710.0 0.897542337048
20720.0 0.900452908334
20730.0 0.9032945434799999
20740.0 0.90628175204
20750.0 0.909021403486
20760.0 0.911315512044
20770.0 0.913559825136
20780.0 0.9154824859599999
20790.0 0.9170731765860001
20800.0 0.9186277542119999
20810.0 0.9202159027179999
20820.0 0.9208980864999999
20830.0 0.92161855163
20840.0 0.921958222962
20850.0 0.922131161504
20860.0 0.921774368298
20870.0 0.9210428374980001
20880.0 0.9191620467820001
20890.0 0.918701625044
20900.0 0.9167336548020001
20910.0 0.914672448732
20920.0 0.912427687094
20930.0 0.910133354214
20940.0 0.9069512253199999
20950.0 0.904028167756
20960.0 0.900737026994
20970.0 0.8975201309339998
20980.0 0.89384543003
20990.0 0.890157495108
21000.0 0.886406007382
21010.0 0.882715679888
21020.0 0.87944076381
21030.0 0.8758048675739998
21040.0 0.872253758194
21050.0 0.8691358550699998
21060.0 0.86533494565
21070.0 0.86302737885
21080.0 0.8604791336540001
21090.0 0.85779899751
21100.0 0.856202923548
21110.0 0.8540993988239998
21120.0 0.8525355499079998
21130.0 0.85131877446
21140.0 0.850779846196
21150.0 0.849919863856
21160.0 0.8495542480039998
21170.0 0.849603445474
21180.0 0.8494649750019998
21190.0 0.8499264434779998
21200.0 0.8510823577899999
21210.0 0.8514505905359998
21220.0 0.85263155208
21230.0 0.8534141495039997
21240.0 0.8548832672100001
21250.0 0.855786016848
21260.0 0.85760886232
21270.0 0.8593783981439997
21280.0 0.8605641449300001
21290.0 0.862831935098
21300.0 0.8642471450620001
21310.0 0.8663357910339998
21320.0 0.8677631881799998
21330.0 0.8697343735079999
21340.0 0.8719082549799998
21350.0 0.873258865402
21360.0 0.8753965590999998
21370.0 0.877059849596
21380.0 0.8795607665740001
21390.0 0.88113605503
21400.0 0.882955087322
21410.0 0.8853120010419998
21420.0 0.8867439590099998
21430.0 0.8892643157579998
21440.0 0.8912002106
21450.0 0.893643780526
21460.0 0.8954272980099998
21470.0 0.89761456295
21480.0 0.8995247375939998
21490.0 0.901631178308
21500.0 0.90359735417
21510.0 0.905217204304
21520.0 0.907274671968
21530.0 0.9088690262260001
21540.0 0.909993089264
21550.0 0.911987078898
21560.0 0.9124300796660001
21570.0 0.9136607619999999
21580.0 0.9144189849619999
21590.0 0.914868565352
21600.0 0.915651611322
21610.0 0.914682990984
21620.0 0.9141481750939999
21630.0 0.9136271911199999
21640.0 0.912877342258
21650.0 0.9114703567479999
21660.0 0.90949917142
21670.0 0.908428268384
21680.0 0.906041372642
21690.0 0.903860313454
21700.0 0.90148986662
21710.0 0.89876337432
21720.0 0.8960933318819998
21730.0 0.8930925903060001
21740.0 0.8903641540780001
21750.0 0.8875563888099998
21760.0 0.8842919403080001
21770.0 0.881663543656
21780.0 0.8784506850980001
21790.0 0.8759030379959998
21800.0 0.8733144927499998
21810.0 0.8703062744599999
21820.0 0.8683492202419998
21830.0 0.8660287185200001
21840.0 0.86396011051
21850.0 0.8618390151699998
21860.0 0.8598602783539998
21870.0 0.85843908696
21880.0 0.857202198776
21890.0 0.8560679672579998
21900.0 0.8545558578339998
21910.0 0.8535511993679998
21920.0 0.852928605662
21930.0 0.8523682190239998
21940.0 0.8524028366420001
21950.0 0.8520846236840001
21960.0 0.851894638042
21970.0 0.8517157928439998
21980.0 0.851933891256
21990.0 0.852326199368
22000.0 0.8523148346019999
22010.0 0.8530083831499998
22020.0 0.8532086868199998
22030.0 0.8541136794819998
22040.0 0.855096580478
22050.0 0.855370680206
22060.0 0.8570415969639998
22070.0 0.857763407928
22080.0 0.858874610916
22090.0 0.860077479576
22100.0 0.8613249100119998
22110.0 0.8626433700639999
22120.0 0.8638136398080001
22130.0 0.8653975265879998
22140.0 0.8673534591959998
22150.0 0.8686298995919998
22160.0 0.870710246238
22170.0 0.872364863538
22180.0 0.8743246841
22190.0 0.8762682800759998
22200.0 0.87818002468
22210.0 0.879989486684
22220.0 0.882509768658
22230.0 0.8840114852799998
22240.0 0.8856598220540001
22250.0 0.8874114883619998
22260.0 0.8891425186140001
22270.0 0.8906760864119998
22280.0 0.892017201222
22290.0 0.892862753258
22300.0 0.89348093569
22310.0 0.8939219177559998
22320.0 0.894645896872
22330.0 0.8937584747280001
22340.0 0.8929347549359999
22350.0 0.892268347194
22360.0 0.891441412316
22370.0 0.8895687713780001
22380.0 0.8879775573339999
22390.0 0.88565885009
22400.0 0.88279702763
22410.0 0.88026463315
22420.0 0.8769033599620001
22430.0 0.8737025390380001
22440.0 0.8705255691579998
22450.0 0.86711801449
22460.0 0.8636126632699999
22470.0 0.8602889236900001
22480.0 0.856479565396
22490.0 0.8534146728240001
22500.0 0.8496296889920001
22510.0 0.8470952759079998
22520.0 0.8447561569299998
22530.0 0.842233332836
22540.0 0.8404478714239998
22550.0 0.8383466644
22560.0 0.83682087251
22570.0 0.8360614532619998
22580.0 0.8352057327459999
22590.0 0.8353984100559998
22600.0 0.836000068708
22610.0 0.83671836549
22620.0 0.8378679245019999
22630.0 0.8394860550299998
22640.0 0.841599449138
22650.0 0.8440188690220001
22660.0 0.84681354982
22670.0 0.8502754607759998
22680.0 0.8534950485039998
22690.0 0.8569246597379998
22700.0 0.8608500579699998
22710.0 0.8644093918039998
22720.0 0.8678470779440001
22730.0 0.8713739624100001
22740.0 0.8743812836079998
22750.0 0.8772375732819998
22760.0 0.8788977233679998
22770.0 0.8801310973699998
22780.0 0.8800653015419998
22790.0 0.8792517502299998
22800.0 0.8767334121839998
22810.0 0.872134951814
22820.0 0.8663671935659998
22830.0 0.85757185213
22840.0 0.846495635958
22850.0 0.8337195678419999
22860.0 0.8165791382279999
22870.0 0.796495313992
22880.0 0.7751583023099998
22890.0 0.7501339538979999
22900.0 0.722257502764
22910.0 0.692909466578
22920.0 0.6590646545280001
22930.0 0.6241994453099999
22940.0 0.588588761166
22950.0 0.55254266508
22960.0 0.5157642158760001
22970.0 0.478903746062
22980.0 0.44384541089
22990.0 0.406698168184
23000.0 0.372649613154
23010.0 0.341199024208
23020.0 0.311023679372
23030.0 0.283121601532
23040.0 0.256841915848
23050.0 0.23214856567000003
23060.0 0.209564011342
23070.0 0.189735034146
23080.0 0.17102688638
23090.0 0.154486479798
23100.0 0.13917050305200002
23110.0 0.125861189104
23120.0 0.112858293324
23130.0 0.101753375598
23140.0 0.092535940361
23150.0 0.08321643734
23160.0 0.07502037124500001
23170.0 0.067638220973
23180.0 0.061271439744
23190.0 0.055207917790000005
23200.0 0.049972681144
23210.0 0.045565145688
23220.0 0.041558423136
23230.0 0.036990755512
23240.0 0.0338191689
23250.0 0.030728628541999998
23260.0 0.027746457486
23270.0 0.025345832442999996
23280.0 0.022372355506000002
23290.0 0.020691567042
23300.0 0.019211131286
23310.0 0.017691090654
23320.0 0.016022345683
23330.0 0.014685414386
23340.0 0.013348491261
23350.0 0.011727808146999998
23360.0 0.010694615099
23370.0 0.009971515611
23380.0 0.009423591852
23390.0 0.008313255107999998
23400.0 0.007486681281999998
23410.0 0.00721477319
23420.0 0.006222004556
23430.0 0.006116079235
23440.0 0.005285709178
23450.0 0.005162586033
23460.0 0.004635913641
23470.0 0.004474584597
23480.0 0.003519551056
23490.0 0.003387102347
23500.0 0.0034151117510000002
