1990.000000 0.00332032
1990.646362 0.00340091
1991.000000 0.00346157
1992.000000 0.00363429
1993.000000 0.00380841
1994.000000 0.00398464
1995.000000 0.00416265
1996.000000 0.00434204
1997.000000 0.0045236
1998.000000 0.00470652
1999.000000 0.00489167
2000.000000 0.00507862
2000.648193 0.00518773
2001.000000 0.00527064
2002.000000 0.00550728
2003.000000 0.0057447
2004.000000 0.00598234
2005.000000 0.00622128
2006.000000 0.00646039
2007.000000 0.00670086
2008.000000 0.0069421
2009.000000 0.00718345
2010.000000 0.00742622
2010.649902 0.00758395
2011.000000 0.00769811
2012.000000 0.0080256
2013.000000 0.00835415
2014.000000 0.00868296
2015.000000 0.0090136
2016.000000 0.0093453
2017.000000 0.00967717
2018.000000 0.010011
2019.000000 0.0103449
2020.000000 0.0106808
2020.651733 0.0109002
2021.000000 0.0110469
2022.000000 0.011468
2023.000000 0.0118915
2024.000000 0.0123163
2025.000000 0.0127413
2026.000000 0.0131688
2027.000000 0.0135963
2028.000000 0.0140265
2029.000000 0.014458
2030.000000 0.0148895
2030.653442 0.015173
2031.000000 0.0153478
2032.000000 0.0158534
2033.000000 0.016359
2034.000000 0.0168677
2035.000000 0.0173764
2036.000000 0.0178883
2037.000000 0.0184017
2038.000000 0.0189151
2039.000000 0.0194317
2040.000000 0.0199481
2040.655273 0.0202884
2041.000000 0.0204768
2042.000000 0.0210246
2043.000000 0.0215721
2044.000000 0.0221233
2045.000000 0.0226761
2046.000000 0.0232285
2047.000000 0.0237847
2048.000000 0.0243404
2049.000000 0.0248999
2050.000000 0.0254612
2050.656982 0.0258327
2051.000000 0.0260193
2052.000000 0.026567
2053.000000 0.027114
2054.000000 0.0276653
2055.000000 0.0282185
2056.000000 0.0287709
2057.000000 0.0293279
2058.000000 0.0298867
2059.000000 0.0304446
2060.000000 0.0310071
2060.658936 0.0313767
2061.000000 0.0315473
2062.000000 0.0320516
2063.000000 0.0325575
2064.000000 0.0330621
2065.000000 0.0335713
2066.000000 0.0340791
2067.000000 0.0345916
2068.000000 0.0351059
2069.000000 0.0356186
2070.000000 0.0361362
2070.660889 0.0364767
2071.000000 0.0366299
2072.000000 0.037086
2073.000000 0.0375435
2074.000000 0.0379991
2075.000000 0.0384595
2076.000000 0.0389215
2077.000000 0.0393813
2078.000000 0.0398461
2079.000000 0.0403088
2080.000000 0.0407766
2080.662842 0.0410872
2081.000000 0.041222
2082.000000 0.0416188
2083.000000 0.0420207
2084.000000 0.0424199
2085.000000 0.0428243
2086.000000 0.0432299
2087.000000 0.0436327
2088.000000 0.0440408
2089.000000 0.044446
2090.000000 0.0448565
2090.664795 0.0451298
2091.000000 0.0452515
2092.000000 0.0456111
2093.000000 0.0459759
2094.000000 0.0463376
2095.000000 0.0467046
2096.000000 0.0470727
2097.000000 0.0474375
2098.000000 0.0478078
2099.000000 0.0481747
2100.000000 0.0485471
2100.666748 0.0488488
2101.000000 0.0489913
2102.000000 0.0494159
2103.000000 0.049847
2104.000000 0.0502757
2105.000000 0.0507112
2106.000000 0.0511487
2107.000000 0.0515837
2108.000000 0.0520256
2109.000000 0.0524696
2110.000000 0.052911
2110.668701 0.05321
2111.000000 0.0533501
2112.000000 0.0537693
2113.000000 0.0541955
2114.000000 0.0546236
2115.000000 0.0550488
2116.000000 0.055481
2117.000000 0.05591
2118.000000 0.0563463
2119.000000 0.0567846
2120.000000 0.0572197
2120.670654 0.0575155
2121.000000 0.0576563
2122.000000 0.0580798
2123.000000 0.0585106
2124.000000 0.0589433
2125.000000 0.0593726
2126.000000 0.0598092
2127.000000 0.0602424
2128.000000 0.060683
2129.000000 0.0611256
2130.000000 0.0615645
2130.672607 0.061864
2131.000000 0.0620038
2132.000000 0.0624262
2133.000000 0.0628563
2134.000000 0.0632883
2135.000000 0.0637163
2136.000000 0.064152
2137.000000 0.0645837
2138.000000 0.0650232
2139.000000 0.0654646
2140.000000 0.0659019
2140.674561 0.0662012
2141.000000 0.0663351
2142.000000 0.0667416
2143.000000 0.0671559
2144.000000 0.0675719
2145.000000 0.0679834
2146.000000 0.0684028
2147.000000 0.0688177
2148.000000 0.0692405
2149.000000 0.0696588
2150.000000 0.0700851
2150.676514 0.0703736
2151.000000 0.0704994
2152.000000 0.0708827
2153.000000 0.071274
2154.000000 0.0716602
2155.000000 0.0720545
2156.000000 0.0724503
2157.000000 0.072841
2158.000000 0.0732398
2159.000000 0.0736334
2160.000000 0.0740353
2160.678711 0.0743079
2161.000000 0.0744229
2162.000000 0.0747748
2163.000000 0.0751349
2164.000000 0.0754893
2165.000000 0.0758519
2166.000000 0.0762157
2167.000000 0.0765738
2168.000000 0.0769401
2169.000000 0.0773007
2170.000000 0.0776696
2170.680664 0.0779203
2171.000000 0.0780223
2172.000000 0.0783353
2173.000000 0.0786565
2174.000000 0.0789714
2175.000000 0.0792945
2176.000000 0.0796114
2177.000000 0.0799364
2178.000000 0.0802625
2179.000000 0.0805822
2180.000000 0.0809102
2180.682861 0.0811285
2181.000000 0.081212
2182.000000 0.0814833
2183.000000 0.0817553
2184.000000 0.0820204
2185.000000 0.0822936
2186.000000 0.08256
2187.000000 0.0828346
2188.000000 0.0831098
2189.000000 0.0833781
2190.000000 0.0836546
2190.684814 0.0838378
2191.000000 0.0839114
2192.000000 0.0841528
2193.000000 0.0843871
2194.000000 0.0846295
2195.000000 0.0848723
2196.000000 0.0851079
2197.000000 0.0853516
2198.000000 0.085588
2199.000000 0.0858327
2200.000000 0.0860779
2200.687012 0.086225
2201.000000 0.086282
2202.000000 0.0864721
2203.000000 0.0866546
2204.000000 0.0868452
2205.000000 0.087036
2206.000000 0.0872192
2207.000000 0.0874105
2208.000000 0.087594
2209.000000 0.0877858
2210.000000 0.0879698
2210.688965 0.0881006
2211.000000 0.088151
2212.000000 0.0883133
2213.000000 0.0884675
2214.000000 0.0886299
2215.000000 0.0887843
2216.000000 0.0889469
2217.000000 0.0891096
2218.000000 0.0892642
2219.000000 0.089427
2220.000000 0.0895817
2220.691162 0.0896926
2221.000000 0.0897374
2222.000000 0.0898741
2223.000000 0.090019
2224.000000 0.0901639
2225.000000 0.0903005
2226.000000 0.0904454
2227.000000 0.090582
2228.000000 0.0907269
2229.000000 0.0908718
2230.000000 0.0910083
2230.693115 0.0910738
2231.000000 0.0911037
2232.000000 0.0911926
2233.000000 0.0912897
2234.000000 0.0913783
2235.000000 0.0914752
2236.000000 0.091572
2237.000000 0.0916603
2238.000000 0.0917568
2239.000000 0.0918448
2240.000000 0.0919411
2240.695312 0.0920002
2241.000000 0.0920275
2242.000000 0.0921253
2243.000000 0.092223
2244.000000 0.0923122
2245.000000 0.0924097
2246.000000 0.0924986
2247.000000 0.0925959
2248.000000 0.0926846
2249.000000 0.0927817
2250.000000 0.0928787
2250.697510 0.0929384
2251.000000 0.0929667
2252.000000 0.0930687
2253.000000 0.0931622
2254.000000 0.0932641
2255.000000 0.0933659
2256.000000 0.0934591
2257.000000 0.0935608
2258.000000 0.0936538
2259.000000 0.0937553
2260.000000 0.0938481
2260.699707 0.093917
2261.000000 0.0939516
2262.000000 0.0940669
2263.000000 0.0941736
2264.000000 0.0942889
2265.000000 0.0943955
2266.000000 0.0945106
2267.000000 0.0946172
2268.000000 0.0947323
2269.000000 0.0948474
2270.000000 0.0949538
2270.701904 0.0950326
2271.000000 0.0950719
2272.000000 0.095195
2273.000000 0.0953269
2274.000000 0.0954501
2275.000000 0.0955821
2276.000000 0.0957141
2277.000000 0.0958373
2278.000000 0.0959694
2279.000000 0.0960927
2280.000000 0.0962248
2280.704102 0.0963098
2281.000000 0.0963473
2282.000000 0.0964828
2283.000000 0.0966184
2284.000000 0.0967452
2285.000000 0.0968809
2286.000000 0.0970078
2287.000000 0.0971436
2288.000000 0.0972705
2289.000000 0.0974064
2290.000000 0.0975423
2290.706299 0.0976303
2291.000000 0.0976739
2292.000000 0.0978314
2293.000000 0.0979801
2294.000000 0.0981379
2295.000000 0.0982868
2296.000000 0.0984448
2297.000000 0.0986028
2298.000000 0.0987521
2299.000000 0.0989104
2300.000000 0.0990598
2300.708496 0.0991226
2301.000000 0.0991492
2302.000000 0.0992315
2303.000000 0.099323
2304.000000 0.0994054
2305.000000 0.099497
2306.000000 0.0995886
2307.000000 0.0996712
2308.000000 0.0997629
2309.000000 0.0998456
2310.000000 0.0999374
2310.710449 0.0999946
2311.000000 0.10002
2312.000000 0.100117
2313.000000 0.100214
2314.000000 0.100302
2315.000000 0.100399
2316.000000 0.100487
2317.000000 0.100584
2318.000000 0.100672
2319.000000 0.10077
2320.000000 0.100867
2320.712891 0.100929
2321.000000 0.100954
2322.000000 0.10105
2323.000000 0.101138
2324.000000 0.101235
2325.000000 0.101322
2326.000000 0.101419
2327.000000 0.101507
2328.000000 0.101604
2329.000000 0.101701
2330.000000 0.101789
2330.715088 0.101858
2331.000000 0.101884
2332.000000 0.101969
2333.000000 0.102064
2334.000000 0.102149
2335.000000 0.102243
2336.000000 0.102329
2337.000000 0.102423
2338.000000 0.102518
2339.000000 0.102603
2340.000000 0.102698
2340.717285 0.102758
2341.000000 0.102779
2342.000000 0.102865
2343.000000 0.102941
2344.000000 0.103027
2345.000000 0.103113
2346.000000 0.103189
2347.000000 0.103275
2348.000000 0.103352
2349.000000 0.103438
2350.000000 0.103514
2350.719482 0.103575
2351.000000 0.103594
2352.000000 0.103652
2353.000000 0.10372
2354.000000 0.103787
2355.000000 0.103845
2356.000000 0.103913
2357.000000 0.103971
2358.000000 0.104039
2359.000000 0.104097
2360.000000 0.104165
2360.721680 0.104206
2361.000000 0.104217
2362.000000 0.104267
2363.000000 0.104317
2364.000000 0.104358
2365.000000 0.104408
2366.000000 0.104449
2367.000000 0.104499
2368.000000 0.104539
2369.000000 0.104589
2370.000000 0.10463
2370.723877 0.104665
2371.000000 0.104673
2372.000000 0.104693
2373.000000 0.104723
2374.000000 0.104752
2375.000000 0.104772
2376.000000 0.104802
2377.000000 0.104822
2378.000000 0.104851
2379.000000 0.104871
2380.000000 0.1049
2380.726074 0.104913
2381.000000 0.104913
2382.000000 0.104921
2383.000000 0.104928
2384.000000 0.104926
2385.000000 0.104934
2386.000000 0.104932
2387.000000 0.104939
2388.000000 0.104937
2389.000000 0.104945
2390.000000 0.104942
2390.728516 0.104947
2391.000000 0.104942
2392.000000 0.104923
2393.000000 0.104895
2394.000000 0.104876
2395.000000 0.104848
2396.000000 0.104829
2397.000000 0.104801
2398.000000 0.104782
2399.000000 0.104753
2400.000000 0.104734
2400.730713 0.104605
2401.000000 0.104552
2402.000000 0.104363
2403.000000 0.104175
2404.000000 0.103977
2405.000000 0.103789
2406.000000 0.103591
2407.000000 0.103403
2408.000000 0.103206
2409.000000 0.103018
2410.000000 0.102821
2410.732910 0.102683
2411.000000 0.102626
2412.000000 0.102403
2413.000000 0.102189
2414.000000 0.101976
2415.000000 0.101753
2416.000000 0.10154
2417.000000 0.101318
2418.000000 0.101105
2419.000000 0.100883
2420.000000 0.10067
2420.735107 0.100507
2421.000000 0.100444
2422.000000 0.100215
2423.000000 0.0999771
2424.000000 0.0997486
2425.000000 0.0995204
2426.000000 0.0992832
2427.000000 0.0990553
2428.000000 0.0988186
2429.000000 0.098591
2430.000000 0.0983547
2430.737549 0.0981764
2431.000000 0.098106
2432.000000 0.097829
2433.000000 0.0975613
2434.000000 0.097285
2435.000000 0.0970178
2436.000000 0.0967422
2437.000000 0.0964756
2438.000000 0.0962092
2439.000000 0.0959345
2440.000000 0.0956688
2440.739746 0.0954657
2441.000000 0.0953919
2442.000000 0.095117
2443.000000 0.0948339
2444.000000 0.0945596
2445.000000 0.0942772
2446.000000 0.0940036
2447.000000 0.0937218
2448.000000 0.0934488
2449.000000 0.0931677
2450.000000 0.0928953
2450.742188 0.0926931
2451.000000 0.0926185
2452.000000 0.0923208
2453.000000 0.0920318
2454.000000 0.0917348
2455.000000 0.0914465
2456.000000 0.0911503
2457.000000 0.0908627
2458.000000 0.0905672
2459.000000 0.0902803
2460.000000 0.0899856
2460.744385 0.0897723
2461.000000 0.0896948
2462.000000 0.0893839
2463.000000 0.0890814
2464.000000 0.0887792
2465.000000 0.0884695
2466.000000 0.0881681
2467.000000 0.0878591
2468.000000 0.0875585
2469.000000 0.0872504
2470.000000 0.0869505
2470.746582 0.086721
2471.000000 0.0866404
2472.000000 0.0863305
2473.000000 0.0860133
2474.000000 0.0857042
2475.000000 0.0853878
2476.000000 0.0850795
2477.000000 0.0847639
2478.000000 0.0844565
2479.000000 0.0841494
2480.000000 0.0838351
2480.749023 0.0836057
2481.000000 0.083527
2482.000000 0.0832061
2483.000000 0.0828932
2484.000000 0.0825732
2485.000000 0.0822611
2486.000000 0.081942
2487.000000 0.0816308
2488.000000 0.0813126
2489.000000 0.0810022
2490.000000 0.0806849
2490.751221 0.0804524
2491.000000 0.0803728
2492.000000 0.0800461
2493.000000 0.079727
2494.000000 0.0794012
2495.000000 0.079083
2496.000000 0.0787653
2497.000000 0.0784409
2498.000000 0.078124
2499.000000 0.0778005
2500.000000 0.0774845
2500.753662 0.077228
2501.000000 0.0771424
2502.000000 0.076802
2503.000000 0.0764552
2504.000000 0.0761159
2505.000000 0.0757703
2506.000000 0.0754322
2507.000000 0.0750878
2508.000000 0.0747508
2509.000000 0.0744076
2510.000000 0.0740717
2510.756104 0.0738132
2511.000000 0.073728
2512.000000 0.0733855
2513.000000 0.0730436
2514.000000 0.0726958
2515.000000 0.072355
2516.000000 0.0720084
2517.000000 0.0716688
2518.000000 0.0713234
2519.000000 0.070985
2520.000000 0.0706409
2520.758301 0.0703853
2521.000000 0.0703016
2522.000000 0.0699494
2523.000000 0.0696042
2524.000000 0.0692533
2525.000000 0.0689092
2526.000000 0.0685596
2527.000000 0.0682168
2528.000000 0.0678685
2529.000000 0.0675269
2530.000000 0.0671798
2530.760498 0.0669211
2531.000000 0.0668378
2532.000000 0.0664844
2533.000000 0.0661377
2534.000000 0.0657916
2535.000000 0.0654402
2536.000000 0.0650954
2537.000000 0.0647453
2538.000000 0.0644018
2539.000000 0.064053
2540.000000 0.0637107
2540.762939 0.0634457
2541.000000 0.0633624
2542.000000 0.0630169
2543.000000 0.0626664
2544.000000 0.0623222
2545.000000 0.061973
2546.000000 0.0616301
2547.000000 0.0612823
2548.000000 0.0609406
2549.000000 0.0605942
2550.000000 0.0602538
2550.765381 0.0599897
2551.000000 0.0599083
2552.000000 0.0595672
2553.000000 0.0592214
2554.000000 0.0588816
2555.000000 0.0585372
2556.000000 0.0581987
2557.000000 0.0578557
2558.000000 0.0575185
2559.000000 0.0571768
2560.000000 0.0568409
2560.767578 0.0565836
2561.000000 0.0565039
2562.000000 0.0561565
2563.000000 0.0558147
2564.000000 0.0554687
2565.000000 0.0551283
2566.000000 0.0547837
2567.000000 0.0544447
2568.000000 0.0541015
2569.000000 0.0537638
2570.000000 0.053422
2570.770020 0.053163
2571.000000 0.0530858
2572.000000 0.0527456
2573.000000 0.0524109
2574.000000 0.0520721
2575.000000 0.0517387
2576.000000 0.0514013
2577.000000 0.0510692
2578.000000 0.0507333
2579.000000 0.0504026
2580.000000 0.050068
2580.772461 0.0498137
2581.000000 0.0497392
2582.000000 0.0494078
2583.000000 0.0490816
2584.000000 0.0487516
2585.000000 0.0484267
2586.000000 0.0480982
2587.000000 0.0477746
2588.000000 0.0474475
2589.000000 0.0471253
2590.000000 0.0467995
2590.774902 0.0465509
2591.000000 0.0464781
2592.000000 0.0461508
2593.000000 0.0458284
2594.000000 0.0455025
2595.000000 0.0451814
2596.000000 0.044857
2597.000000 0.0445373
2598.000000 0.0442143
2599.000000 0.0438959
2600.000000 0.0435782
2600.777100 0.043324
2601.000000 0.0432512
2602.000000 0.042929
2603.000000 0.0426037
2604.000000 0.0422831
2605.000000 0.0419594
2606.000000 0.0416402
2607.000000 0.0413181
2608.000000 0.0410005
2609.000000 0.0406799
2610.000000 0.0403638
2610.779541 0.0401152
2611.000000 0.0400475
2612.000000 0.0397444
2613.000000 0.0394385
2614.000000 0.0391369
2615.000000 0.0388325
2616.000000 0.0385323
2617.000000 0.0382294
2618.000000 0.0379307
2619.000000 0.0376293
2620.000000 0.037332
2620.781982 0.0370975
2621.000000 0.0370318
2622.000000 0.036734
2623.000000 0.0364337
2624.000000 0.0361374
2625.000000 0.0358386
2626.000000 0.0355437
2627.000000 0.0352464
2628.000000 0.0349531
2629.000000 0.0346573
2630.000000 0.0343654
2630.784180 0.0341359
2631.000000 0.0340736
2632.000000 0.0337885
2633.000000 0.033501
2634.000000 0.0332173
2635.000000 0.0329313
2636.000000 0.032649
2637.000000 0.0323644
2638.000000 0.0320835
2639.000000 0.0318004
2640.000000 0.0315209
2640.786621 0.0312993
2641.000000 0.0312411
2642.000000 0.0309714
2643.000000 0.0306996
2644.000000 0.0304313
2645.000000 0.0301609
2646.000000 0.0298939
2647.000000 0.0296249
2648.000000 0.0293593
2649.000000 0.0290917
2650.000000 0.0288274
2650.789062 0.0286174
2651.000000 0.028564
2652.000000 0.028314
2653.000000 0.0280622
2654.000000 0.0278134
2655.000000 0.0275629
2656.000000 0.0273155
2657.000000 0.0270662
2658.000000 0.0268201
2659.000000 0.0265722
2660.000000 0.0263273
2660.791504 0.0261321
2661.000000 0.0260823
2662.000000 0.0258463
2663.000000 0.0256085
2664.000000 0.0253737
2665.000000 0.0251372
2666.000000 0.0249036
2667.000000 0.0246684
2668.000000 0.0244361
2669.000000 0.0242022
2670.000000 0.023971
2670.793701 0.0237864
2671.000000 0.023739
2672.000000 0.0235116
2673.000000 0.0232828
2674.000000 0.0230567
2675.000000 0.0228292
2676.000000 0.0226043
2677.000000 0.0223781
2678.000000 0.0221544
2679.000000 0.0219294
2680.000000 0.021707
2680.796143 0.0215289
2681.000000 0.0214846
2682.000000 0.0212698
2683.000000 0.0210538
2684.000000 0.0208402
2685.000000 0.0206253
2686.000000 0.0204129
2687.000000 0.0201993
2688.000000 0.0199881
2689.000000 0.0197758
2690.000000 0.0195657
2690.798584 0.0193971
2691.000000 0.019357
2692.000000 0.0191602
2693.000000 0.0189622
2694.000000 0.0187648
2695.000000 0.0185697
2696.000000 0.0183734
2697.000000 0.0181794
2698.000000 0.0179843
2699.000000 0.0177914
2700.000000 0.0175974
2700.801025 0.0174661
2701.000000 0.0174359
2702.000000 0.0172826
2703.000000 0.017131
2704.000000 0.0169779
2705.000000 0.0168263
2706.000000 0.0166734
2707.000000 0.016522
2708.000000 0.0163691
2709.000000 0.0162178
2710.000000 0.0160651
2710.803467 0.0159436
2711.000000 0.0159154
2712.000000 0.0157705
2713.000000 0.0156271
2714.000000 0.0154823
2715.000000 0.0153389
2716.000000 0.0151943
2717.000000 0.0150511
2718.000000 0.0149065
2719.000000 0.0147634
2720.000000 0.014619
2720.805908 0.0145037
2721.000000 0.0144781
2722.000000 0.014345
2723.000000 0.0142132
2724.000000 0.0140801
2725.000000 0.0139484
2726.000000 0.0138155
2727.000000 0.0136839
2728.000000 0.0135511
2729.000000 0.0134196
2730.000000 0.0132869
2730.808350 0.0131806
2731.000000 0.0131562
2732.000000 0.0130275
2733.000000 0.0128989
2734.000000 0.0127714
2735.000000 0.0126429
2736.000000 0.0125156
2737.000000 0.0123872
2738.000000 0.0122599
2739.000000 0.0121316
2740.000000 0.0120045
2740.810791 0.0119006
2741.000000 0.0118786
2742.000000 0.0117637
2743.000000 0.0116477
2744.000000 0.0115329
2745.000000 0.011417
2746.000000 0.0113022
2747.000000 0.0111865
2748.000000 0.0110718
2749.000000 0.0109561
2750.000000 0.0108415
2750.812988 0.0107476
2751.000000 0.0107256
2752.000000 0.0106088
2753.000000 0.0104912
2754.000000 0.0103745
2755.000000 0.010257
2756.000000 0.0101404
2757.000000 0.0100229
2758.000000 0.00990642
2759.000000 0.00978908
2760.000000 0.00967181
2760.815674 0.00957689
2761.000000 0.00955782
2762.000000 0.00945352
2763.000000 0.0093501
2764.000000 0.00924589
2765.000000 0.00914255
2766.000000 0.00903844
2767.000000 0.00893518
2768.000000 0.00883116
2769.000000 0.00872798
2770.000000 0.00862405
2770.818115 0.0085397
2771.000000 0.00852576
2772.000000 0.00844841
2773.000000 0.00837183
2774.000000 0.00829455
2775.000000 0.00821803
2776.000000 0.00814081
2777.000000 0.00806435
2778.000000 0.00798721
2779.000000 0.0079108
2780.000000 0.00783373
2780.820312 0.00777053
2781.000000 0.00775717
2782.000000 0.00768353
2783.000000 0.00760923
2784.000000 0.00753564
2785.000000 0.00746142
2786.000000 0.00738788
2787.000000 0.00731372
2788.000000 0.00724024
2789.000000 0.00716615
2790.000000 0.00709273
2790.822998 0.00703181
2791.000000 0.00701728
2792.000000 0.00693586
2793.000000 0.00685386
2794.000000 0.00677251
2795.000000 0.00669058
2796.000000 0.00660929
2797.000000 0.00652744
2798.000000 0.00644621
2799.000000 0.00636444
2800.000000 0.00628271
2800.825195 0.00621948
2801.000000 0.00620961
2802.000000 0.00615257
2803.000000 0.00609602
2804.000000 0.00603886
2805.000000 0.00598219
2806.000000 0.00592492
2807.000000 0.00586812
2808.000000 0.00581074
2809.000000 0.00575382
2810.000000 0.00569632
2810.827881 0.0056491
2811.000000 0.00563702
2812.000000 0.00556632
2813.000000 0.00549603
2814.000000 0.00542519
2815.000000 0.00535427
2816.000000 0.00528376
2817.000000 0.00521271
2818.000000 0.00514205
2819.000000 0.00507086
2820.000000 0.00500005
2820.830078 0.00494084
2821.000000 0.00493024
2822.000000 0.0048682
2823.000000 0.00480568
2824.000000 0.00474351
2825.000000 0.00468086
2826.000000 0.00461856
2827.000000 0.00455579
2828.000000 0.00449336
2829.000000 0.00443046
2830.000000 0.0043675
2830.832520 0.00431499
2831.000000 0.00431226
2832.000000 0.00429559
2833.000000 0.00427929
2834.000000 0.00426259
2835.000000 0.00424626
2836.000000 0.00422953
2837.000000 0.00421317
2838.000000 0.00419642
2839.000000 0.00418003
2840.000000 0.00416325
2840.835205 0.00414954
2841.000000 0.00414114
2842.000000 0.00408976
2843.000000 0.00403834
2844.000000 0.00398724
2845.000000 0.00393575
2846.000000 0.00388456
2847.000000 0.00383299
2848.000000 0.00378171
2849.000000 0.00373006
2850.000000 0.0036787
2850.837646 0.00363537
2851.000000 0.00363195
2852.000000 0.0036112
2853.000000 0.00359011
2854.000000 0.00356932
2855.000000 0.0035482
2856.000000 0.00352706
2857.000000 0.00350622
2858.000000 0.00348505
2859.000000 0.00346417
2860.000000 0.00344297
2860.840088 0.0034254
2861.000000 0.00341425
2862.000000 0.00334422
2863.000000 0.00327443
2864.000000 0.00320429
2865.000000 0.00313438
2866.000000 0.00306414
2867.000000 0.00299411
2868.000000 0.00292377
2869.000000 0.00285337
2870.000000 0.00278317
2870.842529 0.00272377
2871.000000 0.00271985
2872.000000 0.0026952
2873.000000 0.00267028
2874.000000 0.00264558
2875.000000 0.00262063
2876.000000 0.00259589
2877.000000 0.00257089
2878.000000 0.00254611
2879.000000 0.00252108
2880.000000 0.00249603
2880.844971 0.00247504
2881.000000 0.00247091
2882.000000 0.00244409
2883.000000 0.00241747
2884.000000 0.00239061
2885.000000 0.00236394
2886.000000 0.00233704
2887.000000 0.00231032
2888.000000 0.00228338
2889.000000 0.00225662
2890.000000 0.00222964
2890.847412 0.00220676
2891.000000 0.00220361
2892.000000 0.00218317
2893.000000 0.00216252
2894.000000 0.00214204
2895.000000 0.00212136
2896.000000 0.00210085
2897.000000 0.00208014
2898.000000 0.0020596
2899.000000 0.00203885
2900.000000 0.00201827
2900.849854 0.00200132
2901.000000 0.0019985
2902.000000 0.00197971
2903.000000 0.00196107
2904.000000 0.00194222
2905.000000 0.00192351
2906.000000 0.00190459
2907.000000 0.00188581
2908.000000 0.00186684
2909.000000 0.00184799
2910.000000 0.00182895
2910.852295 0.0018127
2911.000000 0.00181051
2912.000000 0.00179586
2913.000000 0.00178102
2914.000000 0.00176631
2915.000000 0.00175142
2916.000000 0.00173666
2917.000000 0.00172172
2918.000000 0.0017069
2919.000000 0.00169191
2920.000000 0.00167705
2920.854736 0.0016642
2921.000000 0.00166105
2922.000000 0.00163935
2923.000000 0.00161775
2924.000000 0.00159598
2925.000000 0.00157432
2926.000000 0.00155248
2927.000000 0.00153074
2928.000000 0.00150883
2929.000000 0.00148701
2930.000000 0.00146503
2930.857422 0.00144615
2931.000000 0.00144447
2932.000000 0.00143274
2933.000000 0.00142087
2934.000000 0.0014091
2935.000000 0.00139719
2936.000000 0.00138538
2937.000000 0.00137343
2938.000000 0.00136158
2939.000000 0.00134959
2940.000000 0.00133758
2940.859863 0.00132734
2941.000000 0.00132643
2942.000000 0.00131983
2943.000000 0.00131333
2944.000000 0.0013067
2945.000000 0.00130018
2946.000000 0.00129353
2947.000000 0.00128699
2948.000000 0.00128032
2949.000000 0.00127363
2950.000000 0.00126705
2950.862305 0.00126127
2951.000000 0.00125947
2952.000000 0.00124651
2953.000000 0.00123341
2954.000000 0.0012204
2955.000000 0.00120726
2956.000000 0.00119421
2957.000000 0.00118103
2958.000000 0.00116783
2959.000000 0.00115471
2960.000000 0.00114146
2960.864746 0.00113008
2961.000000 0.00112842
2962.000000 0.00111607
2963.000000 0.00110379
2964.000000 0.00109139
2965.000000 0.00107898
2966.000000 0.00106664
2967.000000 0.00105418
2968.000000 0.0010418
2969.000000 0.00102931
2970.000000 0.00101688
2970.867188 0.00100601
2971.000000 0.00100415
2972.000000 0.000990151
2973.000000 0.000976046
2974.000000 0.00096192
2975.000000 0.000947857
2976.000000 0.000933687
2977.000000 0.000919578
2978.000000 0.000905364
2979.000000 0.000891208
2980.000000 0.000876951
2980.869629 0.000864534
2981.000000 0.000863633
2982.000000 0.000856792
2983.000000 0.000849864
2984.000000 0.000843
2985.000000 0.000836049
2986.000000 0.000829162
2987.000000 0.000822189
2988.000000 0.000815278
2989.000000 0.000808284
2990.000000 0.000801279
2990.872314 0.00079522
2991.000000 0.000794855
2992.000000 0.000791924
2993.000000 0.000789057
2994.000000 0.000786116
2995.000000 0.000783239
2996.000000 0.000780287
2997.000000 0.000777331
2998.000000 0.000774438
2999.000000 0.000771471
3000.000000 0.000768568
3000.874756 0.000765473
3001.000000 0.000764011
3002.000000 0.000752406
3003.000000 0.000740734
3004.000000 0.000729062
3005.000000 0.000717455
3006.000000 0.000705784
3007.000000 0.000694174
3008.000000 0.000682504
3009.000000 0.000670892
3010.000000 0.000659222
3010.877197 0.000648984
3011.000000 0.00064868
3012.000000 0.000646259
3013.000000 0.000643782
3014.000000 0.00064136
3015.000000 0.000638883
3016.000000 0.000636461
3017.000000 0.000633983
3018.000000 0.000631506
3019.000000 0.000629084
3020.000000 0.000626606
3020.879639 0.000624475
3021.000000 0.000624486
3022.000000 0.000624521
3023.000000 0.00062461
3024.000000 0.000624645
3025.000000 0.00062468
3026.000000 0.00062477
3027.000000 0.000624805
3028.000000 0.000624895
3029.000000 0.00062493
3030.000000 0.00062502
3030.882080 0.000625048
3031.000000 0.000623994
3032.000000 0.000615057
3033.000000 0.000606174
3034.000000 0.000597237
3035.000000 0.000588353
3036.000000 0.000579417
3037.000000 0.000570531
3038.000000 0.000561596
3039.000000 0.00055266
3040.000000 0.000543774
3040.884766 0.000535868
3041.000000 0.000534579
3042.000000 0.00052344
3043.000000 0.000512254
3044.000000 0.000501113
3045.000000 0.000489928
3046.000000 0.000478743
3047.000000 0.000467601
3048.000000 0.000456417
3049.000000 0.000445273
3050.000000 0.00043409
3050.887207 0.000424169
3051.000000 0.000424079
3052.000000 0.000423318
3053.000000 0.00042252
3054.000000 0.000421759
3055.000000 0.000420961
3056.000000 0.0004202
3057.000000 0.000419402
3058.000000 0.000418604
3059.000000 0.000417843
3060.000000 0.000417045
3060.889648 0.000416368
3061.000000 0.000416485
3062.000000 0.000417511
3063.000000 0.000418574
3064.000000 0.0004196
3065.000000 0.000420626
3066.000000 0.000421688
3067.000000 0.000422714
3068.000000 0.000423777
3069.000000 0.000424803
3070.000000 0.000425828
3070.892090 0.000426777
3071.000000 0.00042588
3072.000000 0.000417536
3073.000000 0.000409228
3074.000000 0.000400883
3075.000000 0.000392575
3076.000000 0.000384231
3077.000000 0.000375888
3078.000000 0.000367578
3079.000000 0.000359236
3080.000000 0.000350925
3080.894775 0.00034346
3081.000000 0.000343461
3082.000000 0.000343468
3083.000000 0.000343506
3084.000000 0.000343513
3085.000000 0.000343551
3086.000000 0.000343558
3087.000000 0.000343596
3088.000000 0.000343603
3089.000000 0.000343611
3090.000000 0.000343648
3090.897217 0.000343655
3091.000000 0.000343671
3092.000000 0.000343856
3093.000000 0.00034401
3094.000000 0.000344165
3095.000000 0.00034435
3096.000000 0.000344505
3097.000000 0.00034469
3098.000000 0.000344844
3099.000000 0.000345029
3100.000000 0.000345184
3100.899658 0.000345323
3101.000000 0.000344432
3102.000000 0.000335581
3103.000000 0.000326701
3104.000000 0.000317849
3105.000000 0.000308969
3106.000000 0.00030009
3107.000000 0.000291237
3108.000000 0.000282358
3109.000000 0.000273505
3110.000000 0.000264627
3110.902100 0.000256618
3111.000000 0.000256185
3112.000000 0.000251786
3113.000000 0.000247364
3114.000000 0.000242963
3115.000000 0.000238542
3116.000000 0.000234141
3117.000000 0.00022972
3118.000000 0.000225299
3119.000000 0.000220898
3120.000000 0.000216477
3120.904785 0.000212494
3121.000000 0.000212334
3122.000000 0.000210638
3123.000000 0.000208942
3124.000000 0.000207264
3125.000000 0.000205568
3126.000000 0.00020389
3127.000000 0.000202194
3128.000000 0.000200498
3129.000000 0.00019882
3130.000000 0.000197124
3131.000000 0.000195446
3132.000000 0.00019375
3133.000000 0.000192054
3134.000000 0.000190376
3135.000000 0.00018868
3136.000000 0.000187001
3137.000000 0.000185306
3138.000000 0.000183627
3139.000000 0.000181932
3140.000000 0.000180237
3140.909912 0.000178709
3141.000000 0.000178597
3142.000000 0.000177344
3143.000000 0.000176105
3144.000000 0.000174852
3145.000000 0.000173598
3146.000000 0.00017236
3147.000000 0.000171106
3148.000000 0.000169868
3149.000000 0.000168615
3150.000000 0.000167361
3151.000000 0.000166123
3152.000000 0.000164869
3153.000000 0.000163631
3154.000000 0.000162378
3155.000000 0.000161124
3156.000000 0.000159886
3157.000000 0.000158633
3158.000000 0.000157394
3159.000000 0.000156141
3160.000000 0.000154888
3160.914795 0.000153754
3161.000000 0.00015366
3162.000000 0.000152542
3163.000000 0.000151438
3164.000000 0.00015032
3165.000000 0.000149203
3166.000000 0.000148098
3167.000000 0.000146981
3168.000000 0.000145876
3169.000000 0.000144759
3170.000000 0.000143641
3171.000000 0.000142537
3172.000000 0.000141419
3173.000000 0.000140314
3174.000000 0.000139197
3175.000000 0.00013808
3176.000000 0.000136975
3177.000000 0.000135858
3178.000000 0.000134753
3179.000000 0.000133636
3180.000000 0.000132519
3180.919922 0.000131503
3181.000000 0.000131428
3182.000000 0.000130488
3183.000000 0.000129559
3184.000000 0.000128619
3185.000000 0.000127679
3186.000000 0.00012675
3187.000000 0.00012581
3188.000000 0.000124881
3189.000000 0.000123941
3190.000000 0.000123001
3191.000000 0.000122072
3192.000000 0.000121132
3193.000000 0.000120203
3194.000000 0.000119263
3195.000000 0.000118324
3196.000000 0.000117394
3197.000000 0.000116455
3198.000000 0.000115515
3199.000000 0.000114586
3200.000000 0.000113646
3200.924805 0.000112779
3201.000000 0.00011272
3202.000000 0.000111921
3203.000000 0.000111123
3204.000000 0.000110335
3205.000000 0.000109537
3206.000000 0.000108748
3207.000000 0.000107951
3208.000000 0.000107153
3209.000000 0.000106365
3210.000000 0.000105568
3211.000000 0.00010478
3212.000000 0.000103983
3213.000000 0.000103187
3214.000000 0.000102399
3215.000000 0.000101603
3216.000000 0.000100815
3217.000000 0.000100019
3218.000000 9.92231e-05
3219.000000 9.8436e-05
3220.000000 9.76404e-05
3220.929932 9.69086e-05
3221.000000 9.68615e-05
3222.000000 9.61813e-05
3223.000000 9.55013e-05
3224.000000 9.48298e-05
3225.000000 9.415e-05
3226.000000 9.34705e-05
3227.000000 9.27991e-05
3228.000000 9.21198e-05
3229.000000 9.14486e-05
3230.000000 9.07696e-05
3231.000000 9.00906e-05
3232.000000 8.94196e-05
3233.000000 8.8741e-05
3234.000000 8.80701e-05
3235.000000 8.73917e-05
3236.000000 8.67134e-05
3237.000000 8.60428e-05
3238.000000 8.53648e-05
3239.000000 8.46869e-05
3240.000000 8.40166e-05
3240.935059 8.3383e-05
3241.000000 8.33481e-05
3242.000000 8.28192e-05
3243.000000 8.22831e-05
3244.000000 8.17472e-05
3245.000000 8.12184e-05
3246.000000 8.06827e-05
3247.000000 8.0154e-05
3248.000000 7.96185e-05
3249.000000 7.9083e-05
3250.000000 7.85546e-05
3251.000000 7.80193e-05
3252.000000 7.7491e-05
3253.000000 7.69559e-05
3254.000000 7.6421e-05
3255.000000 7.58929e-05
3256.000000 7.53582e-05
3257.000000 7.48236e-05
3258.000000 7.42956e-05
3259.000000 7.37612e-05
3260.000000 7.32333e-05
3260.940186 7.27311e-05
3261.000000 7.27052e-05
3262.000000 7.22728e-05
3263.000000 7.18468e-05
3264.000000 7.14145e-05
3265.000000 7.09823e-05
3266.000000 7.05564e-05
3267.000000 7.01244e-05
3268.000000 6.96986e-05
3269.000000 6.92668e-05
3270.000000 6.8835e-05
3271.000000 6.84094e-05
3272.000000 6.79778e-05
3273.000000 6.75523e-05
3274.000000 6.71209e-05
3275.000000 6.66896e-05
3276.000000 6.62641e-05
3277.000000 6.5833e-05
3278.000000 6.5402e-05
3279.000000 6.49767e-05
3280.000000 6.45458e-05
3280.945312 6.41439e-05
3281.000000 6.4123e-05
3282.000000 6.37354e-05
3283.000000 6.33478e-05
3284.000000 6.29659e-05
3285.000000 6.25785e-05
3286.000000 6.21912e-05
3287.000000 6.18094e-05
3288.000000 6.14222e-05
3289.000000 6.10405e-05
3290.000000 6.06535e-05
3291.000000 6.02666e-05
3292.000000 5.9885e-05
3293.000000 5.94982e-05
3294.000000 5.91115e-05
3295.000000 5.87301e-05
3296.000000 5.83436e-05
3297.000000 5.79622e-05
3298.000000 5.75758e-05
3299.000000 5.71895e-05
3300.000000 5.68083e-05
3300.950195 5.64414e-05
3301.000000 5.64246e-05
3302.000000 5.60877e-05
3303.000000 5.57557e-05
3304.000000 5.5419e-05
3305.000000 5.50871e-05
3306.000000 5.47504e-05
3307.000000 5.44139e-05
3308.000000 5.40821e-05
3309.000000 5.37457e-05
3310.000000 5.34093e-05
3311.000000 5.30777e-05
3312.000000 5.27414e-05
3313.000000 5.24099e-05
3314.000000 5.20738e-05
3315.000000 5.17378e-05
3316.000000 5.14064e-05
3317.000000 5.10705e-05
3318.000000 5.07347e-05
3319.000000 5.04034e-05
3320.000000 5.00677e-05
3320.955322 4.97512e-05
3321.000000 4.97391e-05
3322.000000 4.94637e-05
3323.000000 4.91883e-05
3324.000000 4.89172e-05
3325.000000 4.86419e-05
3326.000000 4.83667e-05
3327.000000 4.80957e-05
3328.000000 4.78206e-05
3329.000000 4.75456e-05
3330.000000 4.72747e-05
3331.000000 4.69997e-05
3332.000000 4.67289e-05
3333.000000 4.64541e-05
3334.000000 4.61793e-05
3335.000000 4.59086e-05
3336.000000 4.56339e-05
3337.000000 4.53593e-05
3338.000000 4.50887e-05
3339.000000 4.48142e-05
3340.000000 4.45436e-05
3340.960449 4.42801e-05
3341.000000 4.42702e-05
3342.000000 4.40211e-05
3343.000000 4.37759e-05
3344.000000 4.35269e-05
3345.000000 4.32779e-05
3346.000000 4.30328e-05
3347.000000 4.27839e-05
3348.000000 4.25351e-05
3349.000000 4.229e-05
3350.000000 4.20413e-05
3351.000000 4.17963e-05
3352.000000 4.15477e-05
3353.000000 4.12991e-05
3354.000000 4.10542e-05
3355.000000 4.08057e-05
3356.000000 4.05573e-05
3357.000000 4.03125e-05
3358.000000 4.00642e-05
3359.000000 3.98159e-05
3360.000000 3.95712e-05
3360.965576 3.93316e-05
3361.000000 3.9324e-05
3362.000000 3.91078e-05
3363.000000 3.88882e-05
3364.000000 3.86686e-05
3365.000000 3.84525e-05
3366.000000 3.8233e-05
3367.000000 3.80135e-05
3368.000000 3.77975e-05
3369.000000 3.75781e-05
3370.000000 3.73588e-05
3371.000000 3.71428e-05
3372.000000 3.69237e-05
3373.000000 3.67077e-05
3374.000000 3.64886e-05
3375.000000 3.62696e-05
3376.000000 3.60537e-05
3377.000000 3.58347e-05
3378.000000 3.56158e-05
3379.000000 3.54e-05
3380.000000 3.51812e-05
3380.970703 3.49688e-05
3381.000000 3.49636e-05
3382.000000 3.47896e-05
3383.000000 3.46125e-05
3384.000000 3.44355e-05
3385.000000 3.42614e-05
3386.000000 3.40845e-05
3387.000000 3.39105e-05
3388.000000 3.37336e-05
3389.000000 3.35567e-05
3390.000000 3.33828e-05
3391.000000 3.3206e-05
3392.000000 3.30293e-05
3393.000000 3.28554e-05
3394.000000 3.26787e-05
3395.000000 3.25021e-05
3396.000000 3.23283e-05
3397.000000 3.21517e-05
3398.000000 3.19752e-05
3399.000000 3.18015e-05
3400.000000 3.1625e-05
3400.975830 3.14402e-05
3401.000000 3.14364e-05
3402.000000 3.12783e-05
3403.000000 3.11204e-05
3404.000000 3.09653e-05
3405.000000 3.08077e-05
3406.000000 3.06503e-05
3407.000000 3.04957e-05
3408.000000 3.03386e-05
3409.000000 3.01817e-05
3410.000000 3.00275e-05
3411.000000 2.98709e-05
3412.000000 2.97145e-05
3413.000000 2.95608e-05
3414.000000 2.94047e-05
3415.000000 2.92488e-05
3416.000000 2.90956e-05
3417.000000 2.894e-05
3418.000000 2.87871e-05
3419.000000 2.86318e-05
3420.000000 2.84767e-05
3420.980957 2.83271e-05
3421.000000 2.83244e-05
3422.000000 2.81773e-05
3423.000000 2.80303e-05
3424.000000 2.78859e-05
3425.000000 2.77392e-05
3426.000000 2.75927e-05
3427.000000 2.74488e-05
3428.000000 2.73026e-05
3429.000000 2.71566e-05
3430.000000 2.70131e-05
3431.000000 2.68672e-05
3432.000000 2.67215e-05
3433.000000 2.65783e-05
3434.000000 2.64329e-05
3435.000000 2.629e-05
3436.000000 2.61449e-05
3437.000000 2.6e-05
3438.000000 2.58575e-05
3439.000000 2.57129e-05
3440.000000 2.55685e-05
3440.986084 2.54284e-05
3441.000000 2.54267e-05
3442.000000 2.53063e-05
3443.000000 2.51861e-05
3444.000000 2.50681e-05
3445.000000 2.49481e-05
3446.000000 2.48282e-05
3447.000000 2.47106e-05
3448.000000 2.4591e-05
3449.000000 2.44715e-05
3450.000000 2.43543e-05
3451.000000 2.42351e-05
3452.000000 2.4116e-05
3453.000000 2.39991e-05
3454.000000 2.38802e-05
3455.000000 2.37615e-05
3456.000000 2.3645e-05
3457.000000 2.35266e-05
3458.000000 2.34082e-05
3459.000000 2.32921e-05
3460.000000 2.3174e-05
3460.991211 2.30591e-05
3461.000000 2.3058e-05
3462.000000 2.29321e-05
3463.000000 2.28062e-05
3464.000000 2.26825e-05
3465.000000 2.2557e-05
3466.000000 2.24316e-05
3467.000000 2.23082e-05
3468.000000 2.21831e-05
3469.000000 2.20581e-05
3470.000000 2.19352e-05
3471.000000 2.18105e-05
3472.000000 2.16859e-05
3473.000000 2.15634e-05
3474.000000 2.14391e-05
3475.000000 2.1315e-05
3476.000000 2.11928e-05
3477.000000 2.1069e-05
