2953.000000 4.11255e-05
2954.000000 4.57214e-05
2955.000000 5.03204e-05
2956.000000 5.49308e-05
2957.000000 5.95435e-05
2958.000000 6.41629e-05
2959.000000 6.8795e-05
2960.000000 7.34281e-05
2960.864746 7.74458e-05
2961.000000 7.86732e-05
2962.000000 8.77486e-05
2963.000000 9.68456e-05
2964.000000 0.000105948
2965.000000 0.000115063
2966.000000 0.000124203
2967.000000 0.000133345
2968.000000 0.000142514
2969.000000 0.000151683
2970.000000 0.00016088
2970.867188 0.000168854
2971.000000 0.000170954
2972.000000 0.000186792
2973.000000 0.000202637
2974.000000 0.000218505
2975.000000 0.000234416
2976.000000 0.000250331
2977.000000 0.000266292
2978.000000 0.000282253
2979.000000 0.000298263
2980.000000 0.000314271
2980.869629 0.000328211
2981.000000 0.000330723
2982.000000 0.000350042
2983.000000 0.000369358
2984.000000 0.000388736
2985.000000 0.000408109
2986.000000 0.000427547
2987.000000 0.000446976
2988.000000 0.000466474
2989.000000 0.00048596
2990.000000 0.000505472
2990.872314 0.000522556
2991.000000 0.000527987
2992.000000 0.000570511
2993.000000 0.000613149
2994.000000 0.000655797
2995.000000 0.000698566
2996.000000 0.000741337
2997.000000 0.000784168
2998.000000 0.000827132
2999.000000 0.000870087
3000.000000 0.000913182
3000.874756 0.000950252
3001.000000 0.000959551
3002.000000 0.00103389
3003.000000 0.00110814
3004.000000 0.00118238
3005.000000 0.00125673
3006.000000 0.00133097
3007.000000 0.00140533
3008.000000 0.00147957
3009.000000 0.00155395
3010.000000 0.00162819
3010.877197 0.0016933
3011.000000 0.00170752
3012.000000 0.00182342
3013.000000 0.00193917
3014.000000 0.0020551
3015.000000 0.00217084
3016.000000 0.00228678
3017.000000 0.00240253
3018.000000 0.00251826
3019.000000 0.00263422
3020.000000 0.00274996
3020.879639 0.00285198
3021.000000 0.002879
3022.000000 0.00310322
3023.000000 0.00332773
3024.000000 0.00355196
3025.000000 0.00377617
3026.000000 0.00400071
3027.000000 0.00422492
3028.000000 0.0044495
3029.000000 0.0046737
3030.000000 0.00489831
3030.882080 0.00509604
3031.000000 0.00513976
3032.000000 0.00551051
3033.000000 0.00588175
3034.000000 0.00625248
3035.000000 0.00662377
3036.000000 0.00699448
3037.000000 0.00736581
3038.000000 0.0077365
3039.000000 0.00810717
3040.000000 0.00847856
3040.884766 0.00880649
3041.000000 0.00887811
3042.000000 0.00950049
3043.000000 0.010122
3044.000000 0.0107445
3045.000000 0.011366
3046.000000 0.0119875
3047.000000 0.01261
3048.000000 0.0132315
3049.000000 0.0138541
3050.000000 0.0144755
3050.887207 0.0150268
3051.000000 0.0151388
3052.000000 0.0161329
3053.000000 0.0171257
3054.000000 0.01812
3055.000000 0.0191127
3056.000000 0.0201071
3057.000000 0.0210997
3058.000000 0.0220923
3059.000000 0.0230868
3060.000000 0.0240794
3060.889648 0.0249642
3061.000000 0.0251413
3062.000000 0.0267439
3063.000000 0.0283489
3064.000000 0.0299514
3065.000000 0.0315538
3066.000000 0.033159
3067.000000 0.0347613
3068.000000 0.0363667
3069.000000 0.0379689
3070.000000 0.039571
3070.892090 0.0410033
3071.000000 0.0412521
3072.000000 0.0435538
3073.000000 0.0458595
3074.000000 0.0481611
3075.000000 0.050467
3076.000000 0.0527685
3077.000000 0.0550698
3078.000000 0.057376
3079.000000 0.0596772
3080.000000 0.0619836
3080.894775 0.0640425
3081.000000 0.06437
3082.000000 0.0674816
3083.000000 0.0705992
3084.000000 0.0737107
3085.000000 0.0768287
3086.000000 0.0799399
3087.000000 0.0830582
3088.000000 0.0861693
3089.000000 0.0892801
3090.000000 0.0923988
3090.897217 0.0951897
3091.000000 0.0955131
3092.000000 0.0986683
3093.000000 0.101815
3094.000000 0.104961
3095.000000 0.108117
3096.000000 0.111263
3097.000000 0.114419
3098.000000 0.117565
3099.000000 0.120721
3100.000000 0.123867
3100.899658 0.126696
3101.000000 0.126964
3102.000000 0.129638
3103.000000 0.132302
3104.000000 0.134977
3105.000000 0.13764
3106.000000 0.140303
3107.000000 0.142978
3108.000000 0.145641
3109.000000 0.148317
3110.000000 0.150979
3110.902100 0.153381
3111.000000 0.153562
3112.000000 0.15542
3113.000000 0.157264
3114.000000 0.159123
3115.000000 0.160967
3116.000000 0.162826
3117.000000 0.16467
3118.000000 0.166514
3119.000000 0.168373
3120.000000 0.170217
3120.904785 0.171899
3121.000000 0.171955
3122.000000 0.172534
3123.000000 0.173114
3124.000000 0.173708
3125.000000 0.174287
3126.000000 0.174882
3127.000000 0.175461
3128.000000 0.17604
3129.000000 0.176634
3130.000000 0.177214
3130.907227 0.177753
3131.000000 0.177815
3132.000000 0.178466
3133.000000 0.179117
3134.000000 0.179783
3135.000000 0.180434
3136.000000 0.181101
3137.000000 0.181752
3138.000000 0.182419
3139.000000 0.18307
3140.000000 0.18372
3140.909912 0.184327
3141.000000 0.18434
3142.000000 0.184468
3143.000000 0.184612
3144.000000 0.18474
3145.000000 0.184868
3146.000000 0.185012
3147.000000 0.18514
3148.000000 0.185285
3149.000000 0.185413
3150.000000 0.185541
3150.912354 0.185672
3151.000000 0.185684
3152.000000 0.185803
3153.000000 0.185939
3154.000000 0.186058
3155.000000 0.186177
3156.000000 0.186313
3157.000000 0.186432
3158.000000 0.186568
3159.000000 0.186687
3160.000000 0.186806
3160.914795 0.18693
3161.000000 0.18697
3162.000000 0.187426
3163.000000 0.187899
3164.000000 0.188355
3165.000000 0.188811
3166.000000 0.189283
3167.000000 0.189739
3168.000000 0.190212
3169.000000 0.190667
3170.000000 0.191123
3170.917236 0.191557
3171.000000 0.191585
3172.000000 0.191913
3173.000000 0.192257
3174.000000 0.192585
3175.000000 0.192913
3176.000000 0.193257
3177.000000 0.193585
3178.000000 0.19393
3179.000000 0.194257
3180.000000 0.194585
3180.919922 0.194902
3181.000000 0.19492
3182.000000 0.195132
3183.000000 0.195361
3184.000000 0.195573
3185.000000 0.195784
3186.000000 0.196013
3187.000000 0.196225
3188.000000 0.196454
3189.000000 0.196666
3190.000000 0.196877
3190.922363 0.197088
3191.000000 0.19712
3192.000000 0.197506
3193.000000 0.19791
3194.000000 0.198297
3195.000000 0.198683
3196.000000 0.199087
3197.000000 0.199474
3198.000000 0.19986
3199.000000 0.200264
3200.000000 0.20065
3200.924805 0.20101
3201.000000 0.200997
3202.000000 0.200813
3203.000000 0.200629
3204.000000 0.200463
3205.000000 0.200279
3206.000000 0.200112
3207.000000 0.199928
3208.000000 0.199744
3209.000000 0.199577
3210.000000 0.199394
3210.927490 0.199239
3211.000000 0.199258
3212.000000 0.199494
3213.000000 0.199731
3214.000000 0.199985
3215.000000 0.200221
3216.000000 0.200475
3217.000000 0.200712
3218.000000 0.200948
3219.000000 0.201202
3220.000000 0.201438
3220.929932 0.201674
3221.000000 0.201667
3222.000000 0.201549
3223.000000 0.20143
3224.000000 0.20133
3225.000000 0.201211
3226.000000 0.201093
3227.000000 0.200993
3228.000000 0.200874
3229.000000 0.200774
3230.000000 0.200656
3230.932617 0.200545
3231.000000 0.200545
3232.000000 0.200559
3233.000000 0.200555
3234.000000 0.200569
3235.000000 0.200565
3236.000000 0.200562
3237.000000 0.200575
3238.000000 0.200572
3239.000000 0.200568
3240.000000 0.200582
3240.935059 0.200578
3241.000000 0.200584
3242.000000 0.200683
3243.000000 0.200764
3244.000000 0.200846
3245.000000 0.200945
3246.000000 0.201027
3247.000000 0.201126
3248.000000 0.201207
3249.000000 0.201289
3250.000000 0.201388
3250.937500 0.201464
3251.000000 0.201468
3252.000000 0.201552
3253.000000 0.201618
3254.000000 0.201685
3255.000000 0.201768
3256.000000 0.201834
3257.000000 0.201901
3258.000000 0.201984
3259.000000 0.20205
3260.000000 0.202134
3260.940186 0.202196
3261.000000 0.202199
3262.000000 0.202245
3263.000000 0.202308
3264.000000 0.202354
3265.000000 0.2024
3266.000000 0.202463
3267.000000 0.202509
3268.000000 0.202572
3269.000000 0.202618
3270.000000 0.202664
3270.942627 0.202723
3271.000000 0.202723
3272.000000 0.202707
3273.000000 0.202708
3274.000000 0.202692
3275.000000 0.202675
3276.000000 0.202676
3277.000000 0.20266
3278.000000 0.202644
3279.000000 0.202645
3280.000000 0.202628
3280.945312 0.202629
3281.000000 0.202628
3282.000000 0.20259
3283.000000 0.202552
3284.000000 0.202532
3285.000000 0.202494
3286.000000 0.202456
3287.000000 0.202435
3288.000000 0.202397
3289.000000 0.202377
3290.000000 0.202339
3290.947754 0.202303
3291.000000 0.2023
3292.000000 0.202273
3293.000000 0.202229
3294.000000 0.202184
3295.000000 0.202157
3296.000000 0.202112
3297.000000 0.202085
3298.000000 0.20204
3299.000000 0.201996
3300.000000 0.201969
3300.950195 0.201926
3301.000000 0.201922
3302.000000 0.201836
3303.000000 0.201768
3304.000000 0.201682
3305.000000 0.201614
3306.000000 0.201528
3307.000000 0.201442
3308.000000 0.201374
3309.000000 0.201288
3310.000000 0.201202
3310.952881 0.201137
3311.000000 0.201139
3312.000000 0.201171
3313.000000 0.201221
3314.000000 0.201253
3315.000000 0.201285
3316.000000 0.201335
3317.000000 0.201367
3318.000000 0.201399
3319.000000 0.201449
3320.000000 0.201481
3320.955322 0.201528
3321.000000 0.201534
3322.000000 0.201663
3323.000000 0.201791
3324.000000 0.201937
3325.000000 0.202066
3326.000000 0.202194
3327.000000 0.20234
3328.000000 0.202468
3329.000000 0.202597
3330.000000 0.202742
3330.958008 0.202865
3331.000000 0.20287
3332.000000 0.203001
3333.000000 0.203114
3334.000000 0.203227
3335.000000 0.203358
3336.000000 0.203472
3337.000000 0.203585
3338.000000 0.203715
3339.000000 0.203829
3340.000000 0.203959
3340.960449 0.204068
3341.000000 0.204071
3342.000000 0.204143
3343.000000 0.204234
3344.000000 0.204307
3345.000000 0.204379
3346.000000 0.20447
3347.000000 0.204542
3348.000000 0.204615
3349.000000 0.204705
3350.000000 0.204777
3350.962891 0.204864
3351.000000 0.204863
3352.000000 0.204813
3353.000000 0.204763
3354.000000 0.204731
3355.000000 0.204681
3356.000000 0.204631
3357.000000 0.204599
3358.000000 0.204549
3359.000000 0.204499
3360.000000 0.204466
3360.965576 0.204418
3361.000000 0.204413
3362.000000 0.204295
3363.000000 0.20416
3364.000000 0.204024
3365.000000 0.203906
3366.000000 0.20377
3367.000000 0.203635
3368.000000 0.203517
3369.000000 0.203381
3370.000000 0.203246
3370.968018 0.203132
3371.000000 0.203126
3372.000000 0.202936
3373.000000 0.202764
3374.000000 0.202574
3375.000000 0.202384
3376.000000 0.202211
3377.000000 0.202022
3378.000000 0.201832
3379.000000 0.201659
3380.000000 0.20147
3380.970703 0.201285
3381.000000 0.201278
3382.000000 0.201032
3383.000000 0.200768
3384.000000 0.200505
3385.000000 0.200259
3386.000000 0.199996
3387.000000 0.19975
3388.000000 0.199487
3389.000000 0.199224
3390.000000 0.198978
3390.973145 0.198722
3391.000000 0.198719
3392.000000 0.198602
3393.000000 0.198502
3394.000000 0.198385
3395.000000 0.198268
3396.000000 0.198169
3397.000000 0.198052
3398.000000 0.197935
3399.000000 0.197835
3400.000000 0.197718
3400.975830 0.197524
3401.000000 0.197523
3402.000000 0.197459
3403.000000 0.197395
3404.000000 0.197348
3405.000000 0.197284
3406.000000 0.197219
3407.000000 0.197172
3408.000000 0.197107
3409.000000 0.197043
3410.000000 0.196995
3410.978271 0.196932
3411.000000 0.196931
3412.000000 0.196892
3413.000000 0.196871
3414.000000 0.196832
3415.000000 0.196793
3416.000000 0.196771
3417.000000 0.196732
3418.000000 0.19671
3419.000000 0.19667
3420.000000 0.196631
3420.980957 0.196609
3421.000000 0.196608
3422.000000 0.196551
3423.000000 0.196495
3424.000000 0.196455
3425.000000 0.196398
3426.000000 0.196341
3427.000000 0.196301
3428.000000 0.196244
3429.000000 0.196187
3430.000000 0.196147
3430.983398 0.196089
3431.000000 0.196089
3432.000000 0.196062
3433.000000 0.196053
3434.000000 0.196026
3435.000000 0.196016
3436.000000 0.195989
3437.000000 0.195962
3438.000000 0.195951
3439.000000 0.195924
3440.000000 0.195896
3440.986084 0.195886
3441.000000 0.195884
3442.000000 0.19574
3443.000000 0.195596
3444.000000 0.195469
3445.000000 0.195325
3446.000000 0.195182
3447.000000 0.195055
3448.000000 0.194911
3449.000000 0.194767
3450.000000 0.19464
3450.988525 0.194498
3451.000000 0.194496
3452.000000 0.194281
3453.000000 0.194083
3454.000000 0.193868
3455.000000 0.193653
3456.000000 0.193456
3457.000000 0.193241
3458.000000 0.193027
3459.000000 0.192829
3460.000000 0.192615
3460.991211 0.19242
3461.000000 0.192418
3462.000000 0.192149
3463.000000 0.19188
3464.000000 0.191628
3465.000000 0.191359
3466.000000 0.191091
3467.000000 0.19084
3468.000000 0.190572
3469.000000 0.190304
3470.000000 0.190053
3470.993652 0.189787
3471.000000 0.189786
3472.000000 0.189544
3473.000000 0.189318
3474.000000 0.189077
3475.000000 0.188835
3476.000000 0.18861
3477.000000 0.188369
3478.000000 0.188128
3479.000000 0.187904
3480.000000 0.187663
3480.996338 0.187423
3481.000000 0.187422
3482.000000 0.187173
3483.000000 0.186908
3484.000000 0.186643
3485.000000 0.186394
3486.000000 0.18613
3487.000000 0.185865
3488.000000 0.185617
3489.000000 0.185353
3490.000000 0.185089
3490.998779 0.184841
3491.000000 0.184841
3492.000000 0.18456
3493.000000 0.18428
3494.000000 0.184016
3495.000000 0.183735
3496.000000 0.183455
3497.000000 0.183192
3498.000000 0.182912
3499.000000 0.182633
3500.000000 0.182369
3501.000000 0.182067
3501.001465 0.182066
3502.000000 0.18173
3503.000000 0.18141
3504.000000 0.181074
3505.000000 0.180738
3506.000000 0.180419
3507.000000 0.180084
3508.000000 0.179749
3509.000000 0.17943
3510.000000 0.179096
3511.000000 0.178762
3511.003906 0.178761
3512.000000 0.178453
3513.000000 0.178128
3514.000000 0.177803
3515.000000 0.177494
3516.000000 0.17717
3517.000000 0.176847
3518.000000 0.176539
3519.000000 0.176215
3520.000000 0.175893
3521.000000 0.175585
3521.006592 0.175583
3522.000000 0.175248
3523.000000 0.174911
3524.000000 0.174589
3525.000000 0.174253
3526.000000 0.173916
3527.000000 0.173595
3528.000000 0.17326
3529.000000 0.172924
3530.000000 0.172604
3531.000000 0.172269
3531.009033 0.172266
3532.000000 0.171929
3533.000000 0.171603
3534.000000 0.171263
3535.000000 0.170923
3536.000000 0.170598
3537.000000 0.170259
3538.000000 0.16992
3539.000000 0.169596
3540.000000 0.169258
3541.000000 0.16892
3541.011719 0.168916
3542.000000 0.168602
3543.000000 0.16827
3544.000000 0.167938
3545.000000 0.167621
3546.000000 0.16729
3547.000000 0.166959
3548.000000 0.166643
3549.000000 0.166313
3550.000000 0.165983
3551.000000 0.165668
3551.014404 0.165663
3552.000000 0.165286
3553.000000 0.164904
3554.000000 0.164537
3555.000000 0.164156
3556.000000 0.163776
3557.000000 0.16341
3558.000000 0.16303
3559.000000 0.16265
3560.000000 0.162285
3561.000000 0.161907
3561.016846 0.1619
3562.000000 0.16145
3563.000000 0.161007
3564.000000 0.16055
3565.000000 0.160094
3566.000000 0.159652
3567.000000 0.159196
3568.000000 0.158742
3569.000000 0.158301
3570.000000 0.157847
3571.000000 0.157394
3571.019287 0.157385
3572.000000 0.1568
3573.000000 0.156217
3574.000000 0.155622
3575.000000 0.155027
3576.000000 0.154446
3577.000000 0.153853
3578.000000 0.15326
3579.000000 0.152682
3580.000000 0.152091
3581.000000 0.1515
3581.021973 0.151488
3582.000000 0.15083
3583.000000 0.150145
3584.000000 0.149461
3585.000000 0.148791
3586.000000 0.148109
3587.000000 0.147428
3588.000000 0.146761
3589.000000 0.146082
3590.000000 0.145403
3591.000000 0.144739
3591.024658 0.144722
3592.000000 0.144027
3593.000000 0.143316
3594.000000 0.142618
3595.000000 0.141909
3596.000000 0.1412
3597.000000 0.140493
3598.000000 0.139799
3599.000000 0.139094
3600.000000 0.138389
3601.000000 0.137846
3601.027100 0.137831
3602.000000 0.137442
3603.000000 0.137041
3604.000000 0.136653
3605.000000 0.136252
3606.000000 0.135851
3607.000000 0.135461
3608.000000 0.13506
3609.000000 0.134658
3610.000000 0.134268
3611.000000 0.133866
3611.029785 0.133854
3612.000000 0.133574
3613.000000 0.133296
3614.000000 0.133007
3615.000000 0.132717
3616.000000 0.132427
3617.000000 0.132149
3618.000000 0.131859
3619.000000 0.131569
3620.000000 0.13129
3621.000000 0.131
3621.032227 0.13099
3622.000000 0.130436
3623.000000 0.129873
3624.000000 0.129299
3625.000000 0.128725
3626.000000 0.128162
3627.000000 0.127587
3628.000000 0.127012
3629.000000 0.126448
3630.000000 0.125873
3631.000000 0.125295
3631.034912 0.125275
3632.000000 0.123703
3633.000000 0.122085
3634.000000 0.120455
3635.000000 0.118825
3636.000000 0.117204
3637.000000 0.115572
3638.000000 0.11394
3639.000000 0.112316
3640.000000 0.110682
3641.000000 0.109048
3641.037598 0.108987
3642.000000 0.106187
3643.000000 0.103267
3644.000000 0.100346
3645.000000 0.0974236
3646.000000 0.0945084
3647.000000 0.0915836
3648.000000 0.0886577
3649.000000 0.085738
3650.000000 0.0828094
3651.000000 0.0798797
3651.040039 0.0797626
3652.000000 0.0766999
3653.000000 0.0735013
3654.000000 0.0703014
3655.000000 0.0671061
3656.000000 0.0639034
3657.000000 0.0606994
3658.000000 0.0574942
3659.000000 0.0542923
3660.000000 0.0510842
3661.000000 0.0478749
3661.042480 0.0477387
3662.000000 0.0454983
3663.000000 0.0431535
3664.000000 0.0408077
3665.000000 0.0384644
3666.000000 0.0361165
3667.000000 0.0337678
3668.000000 0.0314208
3669.000000 0.02907
3670.000000 0.0267182
3671.000000 0.0243655
3671.045166 0.0242593
3672.000000 0.0230402
3673.000000 0.0217608
3674.000000 0.0204809
3675.000000 0.0192022
3676.000000 0.0179212
3677.000000 0.0166397
3678.000000 0.015359
3679.000000 0.0140764
3680.000000 0.0127932
3681.000000 0.0115096
3681.047852 0.0114482
3682.000000 0.010887
3683.000000 0.0102965
3684.000000 0.00970571
3685.000000 0.00911548
3686.000000 0.00852418
3687.000000 0.00793264
3688.000000 0.0073415
3689.000000 0.00674944
3690.000000 0.00615714
3691.000000 0.00556461
3691.050293 0.00553483
3692.000000 0.00527388
3693.000000 0.00499853
3694.000000 0.00472306
3695.000000 0.00444787
3696.000000 0.00417217
3697.000000 0.00389635
3698.000000 0.00362074
3699.000000 0.00334468
3700.000000 0.00306852
3701.000000 0.00279224
3701.052979 0.00277762
3702.000000 0.00265479
3703.000000 0.00252481
3704.000000 0.00239477
3705.000000 0.00226488
3706.000000 0.00213473
3707.000000 0.00200453
3708.000000 0.00187444
3709.000000 0.00174412
3710.000000 0.00161375
3711.000000 0.00148333
3711.055664 0.00147608
3712.000000 0.0014148
3713.000000 0.00134975
3714.000000 0.00128467
3715.000000 0.00121967
3716.000000 0.00115454
3717.000000 0.00108938
3718.000000 0.0010242
3719.000000 0.000959071
3720.000000 0.000893829
3721.000000 0.000828562
3721.058105 0.000824773
3722.000000 0.000792592
3723.000000 0.000758341
3724.000000 0.000724077
3725.000000 0.000689858
3726.000000 0.000655564
3727.000000 0.000621256
3728.000000 0.000586935
3729.000000 0.000552647
3730.000000 0.000518296
3731.000000 0.000483931
3731.060791 0.000481844
3732.000000 0.000463704
3733.000000 0.000444342
3734.000000 0.000424971
3735.000000 0.000405593
3736.000000 0.000386241
3737.000000 0.000366846
3738.000000 0.000347443
3739.000000 0.000328061
3740.000000 0.000308641
3741.000000 0.000289214
3741.063232 0.000287985
3742.000000 0.000277693
3743.000000 0.000266725
3744.000000 0.000255728
3745.000000 0.000244728
3746.000000 0.000233743
3747.000000 0.000222732
3748.000000 0.000211718
3749.000000 0.000200716
3750.000000 0.000189692
3751.000000 0.000178663
3751.065918 0.000177936
3752.000000 0.000171756
3753.000000 0.000165152
3754.000000 0.000158531
3755.000000 0.000151907
3756.000000 0.000145293
3757.000000 0.000138663
3758.000000 0.00013203
3759.000000 0.000125395
3760.000000 0.000118768
3761.000000 0.000112127
3761.068604 0.000111672
3762.000000 0.000108004
3763.000000 0.000104073
3764.000000 0.000100131
3765.000000 9.61884e-05
3766.000000 9.22438e-05
3767.000000 8.83053e-05
3768.000000 8.43573e-05
3769.000000 8.04077e-05
3770.000000 7.64632e-05
3771.000000 7.25102e-05
3771.071045 7.22293e-05
3772.000000 6.94945e-05
3773.000000 6.65495e-05
3774.000000 6.36089e-05
3775.000000 6.06613e-05
3776.000000 5.77126e-05
3777.000000 5.47675e-05
3778.000000 5.18162e-05
3779.000000 4.88638e-05
3780.000000 4.59103e-05
3781.000000 4.29593e-05
3781.073730 4.27413e-05
3782.000000 4.13303e-05
