3778.000000 4.93674e-05
3779.000000 5.10851e-05
3780.000000 5.28035e-05
3781.000000 5.45273e-05
3781.073730 5.46541e-05
3782.000000 5.61134e-05
3783.000000 5.76894e-05
3784.000000 5.9266e-05
3785.000000 6.08485e-05
3786.000000 6.24265e-05
3787.000000 6.40051e-05
3788.000000 6.559e-05
3789.000000 6.71699e-05
3790.000000 6.87505e-05
3791.000000 7.03316e-05
3791.076416 7.0453e-05
3792.000000 7.19196e-05
3793.000000 7.35021e-05
3794.000000 7.50853e-05
3795.000000 7.66756e-05
3796.000000 7.82601e-05
3797.000000 7.98452e-05
3798.000000 8.14309e-05
3799.000000 8.30243e-05
3800.000000 8.46113e-05
3801.000000 8.62276e-05
3801.078857 8.63557e-05
3802.000000 8.94132e-05
3803.000000 9.27283e-05
3804.000000 9.60469e-05
3805.000000 9.93689e-05
3806.000000 0.000102703
3807.000000 0.000106032
3808.000000 0.000109365
3809.000000 0.000112701
3810.000000 0.00011605
3811.000000 0.000119393
3811.081543 0.000119666
3812.000000 0.000124058
3813.000000 0.000128856
3814.000000 0.000133648
3815.000000 0.000138445
3816.000000 0.000143247
3817.000000 0.000148067
3818.000000 0.000152879
3819.000000 0.000157696
3820.000000 0.000162518
3821.000000 0.000167359
3821.083984 0.000167765
3822.000000 0.000173469
3823.000000 0.000179702
3824.000000 0.000185957
3825.000000 0.000192203
3826.000000 0.000198455
3827.000000 0.000204714
3828.000000 0.000210997
3829.000000 0.000217269
3830.000000 0.000223547
3831.000000 0.000229852
3831.086670 0.000230397
3832.000000 0.000238479
3833.000000 0.000247338
3834.000000 0.000256205
3835.000000 0.000265104
3836.000000 0.00027399
3837.000000 0.000282885
3838.000000 0.000291789
3839.000000 0.000300727
3840.000000 0.00030965
3841.000000 0.000318582
3841.089355 0.00031938
3842.000000 0.000331148
3843.000000 0.000344112
3844.000000 0.000357061
3845.000000 0.000370022
3846.000000 0.00038303
3847.000000 0.000396019
3848.000000 0.000409021
3849.000000 0.000422037
3850.000000 0.000435102
3851.000000 0.000448145
3851.091797 0.000449342
3852.000000 0.000466708
3853.000000 0.000485847
3854.000000 0.000505049
3855.000000 0.000524229
3856.000000 0.000543427
3857.000000 0.000562694
3858.000000 0.000581932
3859.000000 0.000601191
3860.000000 0.000620468
3861.000000 0.000639819
3861.094482 0.000641644
3862.000000 0.000667871
3863.000000 0.000696864
3864.000000 0.000725885
3865.000000 0.000755
3866.000000 0.000784082
3867.000000 0.000813192
3868.000000 0.000842332
3869.000000 0.000871576
3870.000000 0.000900776
3871.000000 0.000930005
3871.097168 0.000932855
3872.000000 0.000973818
3873.000000 0.00101915
3874.000000 0.00106453
3875.000000 0.00110996
3876.000000 0.00115553
3877.000000 0.00120105
3878.000000 0.00124661
3879.000000 0.00129222
3880.000000 0.00133799
3881.000000 0.0013837
3881.099609 0.00138825
3882.000000 0.00144989
3883.000000 0.0015184
3884.000000 0.00158713
3885.000000 0.00165579
3886.000000 0.00172451
3887.000000 0.00179331
3888.000000 0.00186233
3889.000000 0.00193127
3890.000000 0.00200027
3891.000000 0.00206952
3891.102295 0.00207659
3892.000000 0.00217094
3893.000000 0.00227613
3894.000000 0.00238143
3895.000000 0.00248705
3896.000000 0.00259256
3897.000000 0.00269818
3898.000000 0.00280391
3899.000000 0.00290998
3900.000000 0.00301592
3901.000000 0.00312196
3901.104980 0.0031331
3902.000000 0.00328402
3903.000000 0.00345309
3904.000000 0.00362205
3905.000000 0.00379117
3906.000000 0.00396046
3907.000000 0.00413026
3908.000000 0.0042999
3909.000000 0.00446969
3910.000000 0.00463966
3911.000000 0.00481019
3911.107422 0.00482848
3912.000000 0.00507711
3913.000000 0.00535592
3914.000000 0.005635
3915.000000 0.00591486
3916.000000 0.00619451
3917.000000 0.00647443
3918.000000 0.0067552
3919.000000 0.00703568
3920.000000 0.00731644
3921.000000 0.00759746
3921.110107 0.00762849
3922.000000 0.00804373
3923.000000 0.00851013
3924.000000 0.00897697
3925.000000 0.00944426
3926.000000 0.00991286
3927.000000 0.0103811
3928.000000 0.0108498
3929.000000 0.0113189
3930.000000 0.0117895
3931.000000 0.0122596
3931.112793 0.0123126
3932.000000 0.0129618
3933.000000 0.0136941
3934.000000 0.0144283
3935.000000 0.0151621
3936.000000 0.0158966
3937.000000 0.0166318
3938.000000 0.0173692
3939.000000 0.0181059
3940.000000 0.0188432
3941.000000 0.0195813
3941.115479 0.0196668
3942.000000 0.0207206
3943.000000 0.0219115
3944.000000 0.0231034
3945.000000 0.0242966
3946.000000 0.025493
3947.000000 0.0266885
3948.000000 0.0278851
3949.000000 0.0290829
3950.000000 0.0302844
3951.000000 0.0314845
3951.117920 0.031626
3952.000000 0.033261
3953.000000 0.0351162
3954.000000 0.0369763
3955.000000 0.0388352
3956.000000 0.0406958
3957.000000 0.0425582
3958.000000 0.0444262
3959.000000 0.0462923
3960.000000 0.0481601
3961.000000 0.0500296
3961.120605 0.0502557
3962.000000 0.052566
3963.000000 0.0551911
3964.000000 0.0578186
3965.000000 0.0604487
3966.000000 0.0630866
3967.000000 0.0657218
3968.000000 0.0683595
3969.000000 0.0709996
3970.000000 0.0736486
3971.000000 0.0762938
3971.123291 0.0766201
3972.000000 0.079417
3973.000000 0.0826102
3974.000000 0.0858136
3975.000000 0.0890129
3976.000000 0.0922153
3977.000000 0.0954205
3978.000000 0.0986373
3979.000000 0.101849
3980.000000 0.105063
3981.000000 0.108281
3981.125732 0.108685
3982.000000 0.111439
3983.000000 0.114601
3984.000000 0.117756
3985.000000 0.120915
3986.000000 0.124076
3987.000000 0.127251
3988.000000 0.130418
3989.000000 0.133588
3990.000000 0.136761
3991.000000 0.139949
3991.128418 0.140357
3992.000000 0.142543
3993.000000 0.145053
3994.000000 0.147566
3995.000000 0.150093
3996.000000 0.15261
3997.000000 0.15513
3998.000000 0.157652
3999.000000 0.160189
4000.000000 0.162716
4001.000000 0.165186
4001.131104 0.16551
4002.000000 0.166831
4003.000000 0.168366
4004.000000 0.169888
4005.000000 0.171409
4006.000000 0.172931
4007.000000 0.174468
4008.000000 0.175991
4009.000000 0.177514
4010.000000 0.179038
4011.000000 0.180561
4011.133545 0.180767
4012.000000 0.181437
4013.000000 0.182196
4014.000000 0.182955
4015.000000 0.183715
4016.000000 0.18449
4017.000000 0.18525
4018.000000 0.186009
4019.000000 0.186769
4020.000000 0.187546
4021.000000 0.188306
4021.136230 0.188409
4022.000000 0.188716
4023.000000 0.189072
4024.000000 0.189444
4025.000000 0.1898
4026.000000 0.190156
4027.000000 0.190512
4028.000000 0.190868
4029.000000 0.191241
4030.000000 0.191597
4031.000000 0.191965
4031.138916 0.192016
4032.000000 0.192049
4033.000000 0.192104
4034.000000 0.192142
4035.000000 0.19218
4036.000000 0.192219
4037.000000 0.192273
4038.000000 0.192312
4039.000000 0.19235
4040.000000 0.192388
4041.000000 0.192442
4041.141602 0.192448
4042.000000 0.192391
4043.000000 0.192326
4044.000000 0.19226
4045.000000 0.192194
4046.000000 0.192145
4047.000000 0.192079
4048.000000 0.192013
4049.000000 0.191947
4050.000000 0.191898
4051.000000 0.191831
4051.144043 0.191822
4052.000000 0.191776
4053.000000 0.191722
4054.000000 0.191684
4055.000000 0.19163
4056.000000 0.191577
4057.000000 0.191523
4058.000000 0.191469
4059.000000 0.191431
4060.000000 0.191377
4061.000000 0.191323
4061.146729 0.191315
4062.000000 0.191419
4063.000000 0.191558
4064.000000 0.19168
4065.000000 0.191803
4066.000000 0.191925
4067.000000 0.192048
4068.000000 0.192187
4069.000000 0.192309
4070.000000 0.192432
4071.000000 0.192554
4071.149414 0.192575
4072.000000 0.192817
4073.000000 0.193085
4074.000000 0.193353
4075.000000 0.193621
4076.000000 0.193906
4077.000000 0.194174
4078.000000 0.194442
4079.000000 0.194711
4080.000000 0.194979
4081.000000 0.195264
4081.151855 0.195305
4082.000000 0.195518
4083.000000 0.195769
4084.000000 0.196021
4085.000000 0.196289
4086.000000 0.196541
4087.000000 0.196792
4088.000000 0.197044
4089.000000 0.197296
4090.000000 0.197564
4091.000000 0.197816
4091.154541 0.197855
4092.000000 0.198028
4093.000000 0.198233
4094.000000 0.198455
4095.000000 0.19866
4096.000000 0.198865
4097.000000 0.199071
4098.000000 0.199276
4099.000000 0.199498
4100.000000 0.199704
4101.000000 0.199909
4101.157227 0.199941
4102.000000 0.200031
4103.000000 0.200154
4104.000000 0.20026
4105.000000 0.200367
4106.000000 0.200473
4107.000000 0.20058
4108.000000 0.200703
4109.000000 0.20081
4110.000000 0.200916
4111.000000 0.201022
4111.159668 0.201042
4112.000000 0.20118
4113.000000 0.201327
4114.000000 0.201473
4115.000000 0.20162
4116.000000 0.201767
4117.000000 0.201932
4118.000000 0.202079
4119.000000 0.202226
4120.000000 0.202373
4121.000000 0.20252
4121.162598 0.202547
4122.000000 0.202718
4123.000000 0.202905
4124.000000 0.203092
4125.000000 0.203279
4126.000000 0.203483
4127.000000 0.203671
4128.000000 0.203858
4129.000000 0.204045
4130.000000 0.204233
4131.000000 0.204437
4131.165039 0.204468
4132.000000 0.204631
4133.000000 0.204826
4134.000000 0.20502
4135.000000 0.205233
4136.000000 0.205428
4137.000000 0.205623
4138.000000 0.205818
4139.000000 0.206013
4140.000000 0.206226
4141.000000 0.206421
4141.167480 0.206454
4142.000000 0.206595
4143.000000 0.206764
4144.000000 0.206934
4145.000000 0.207121
4146.000000 0.207291
4147.000000 0.207461
4148.000000 0.207631
4149.000000 0.2078
4150.000000 0.207988
4151.000000 0.208158
4151.170410 0.208187
4152.000000 0.208262
4153.000000 0.208352
4154.000000 0.20846
4155.000000 0.20855
4156.000000 0.20864
4157.000000 0.20873
4158.000000 0.208821
4159.000000 0.208929
4160.000000 0.209019
4161.000000 0.209109
4161.172852 0.209125
4162.000000 0.20925
4163.000000 0.209401
4164.000000 0.209569
4165.000000 0.20972
4166.000000 0.209871
4167.000000 0.210022
4168.000000 0.210173
4169.000000 0.210342
4170.000000 0.210493
4171.000000 0.210644
4171.175293 0.21067
4172.000000 0.210769
4173.000000 0.210907
4174.000000 0.211027
4175.000000 0.211148
4176.000000 0.211268
4177.000000 0.211388
4178.000000 0.211526
4179.000000 0.211646
4180.000000 0.211766
4181.000000 0.211886
4181.178223 0.211908
4182.000000 0.212013
4183.000000 0.212159
4184.000000 0.212288
4185.000000 0.212416
4186.000000 0.212544
4187.000000 0.212672
4188.000000 0.212819
4189.000000 0.212947
4190.000000 0.213075
4191.000000 0.213203
4191.180664 0.213227
4192.000000 0.213239
4193.000000 0.213271
4194.000000 0.213286
4195.000000 0.213301
4196.000000 0.213315
4197.000000 0.21333
4198.000000 0.213363
4199.000000 0.213377
4200.000000 0.213392
4201.000000 0.213406
4201.183594 0.213409
4202.000000 0.213345
4203.000000 0.213284
4204.000000 0.213205
4205.000000 0.213126
4206.000000 0.213047
4207.000000 0.212967
4208.000000 0.212906
4209.000000 0.212827
4210.000000 0.212748
4211.000000 0.212669
4211.186035 0.212654
4212.000000 0.212624
4213.000000 0.212605
4214.000000 0.212568
4215.000000 0.212531
4216.000000 0.212494
4217.000000 0.212457
4218.000000 0.212438
4219.000000 0.212401
4220.000000 0.212364
4221.000000 0.212327
4221.188477 0.21232
4222.000000 0.21237
4223.000000 0.212449
4224.000000 0.212511
4225.000000 0.212573
4226.000000 0.212635
4227.000000 0.212696
4228.000000 0.212776
4229.000000 0.212838
4230.000000 0.2129
4231.000000 0.212953
4231.191406 0.212963
4232.000000 0.213135
4233.000000 0.213364
4234.000000 0.213576
4235.000000 0.213788
4236.000000 0.214
4237.000000 0.214211
4238.000000 0.214442
4239.000000 0.214654
4240.000000 0.214866
4241.000000 0.215077
4241.193848 0.215118
4242.000000 0.215292
4243.000000 0.215526
4244.000000 0.215742
4245.000000 0.215958
4246.000000 0.216173
4247.000000 0.216389
4248.000000 0.216605
4249.000000 0.216839
4250.000000 0.217055
4251.000000 0.217271
4251.196289 0.217313
4252.000000 0.217429
4253.000000 0.217573
4254.000000 0.217736
4255.000000 0.21788
4256.000000 0.218024
4257.000000 0.218169
4258.000000 0.218313
4259.000000 0.218476
4260.000000 0.21862
4261.000000 0.218764
4261.199219 0.218793
4262.000000 0.218857
4263.000000 0.218936
4264.000000 0.219034
4265.000000 0.219113
4266.000000 0.219192
4267.000000 0.219271
4268.000000 0.219351
4269.000000 0.21943
4270.000000 0.219528
4271.000000 0.219607
4271.201660 0.219623
4272.000000 0.219679
4273.000000 0.219749
4274.000000 0.219819
4275.000000 0.219908
4276.000000 0.219978
4277.000000 0.220048
4278.000000 0.220118
4279.000000 0.220188
4280.000000 0.220276
4281.000000 0.220346
4281.204590 0.220361
4282.000000 0.220496
4283.000000 0.220666
4284.000000 0.220836
4285.000000 0.221006
4286.000000 0.221195
4287.000000 0.221365
4288.000000 0.221535
4289.000000 0.221705
4290.000000 0.221876
4291.000000 0.222065
4291.207031 0.2221
4292.000000 0.222269
4293.000000 0.222483
4294.000000 0.222697
4295.000000 0.222911
4296.000000 0.223144
4297.000000 0.223358
4298.000000 0.223572
4299.000000 0.223786
4300.000000 0.224
4301.000000 0.224215
4301.209473 0.224263
4302.000000 0.224458
4303.000000 0.224685
4304.000000 0.224913
4305.000000 0.22514
4306.000000 0.225367
4307.000000 0.225614
4308.000000 0.225842
4309.000000 0.226069
4310.000000 0.226297
4311.000000 0.226524
4311.212402 0.226572
4312.000000 0.226658
4313.000000 0.226785
4314.000000 0.226893
4315.000000 0.227001
4316.000000 0.22711
4317.000000 0.227218
4318.000000 0.227345
4319.000000 0.227454
4320.000000 0.227562
4321.000000 0.22767
4321.214844 0.227693
4322.000000 0.227709
4323.000000 0.22773
4324.000000 0.227769
4325.000000 0.22779
4326.000000 0.22781
4327.000000 0.22783
4328.000000 0.22785
4329.000000 0.227871
4330.000000 0.22791
4331.000000 0.22793
4331.217773 0.227935
4332.000000 0.22793
4333.000000 0.227924
4334.000000 0.227917
4335.000000 0.227931
4336.000000 0.227924
4337.000000 0.227918
4338.000000 0.227912
4339.000000 0.227906
4340.000000 0.227899
4341.000000 0.227912
4341.220215 0.227911
4342.000000 0.227952
4343.000000 0.228005
4344.000000 0.228058
4345.000000 0.228111
4346.000000 0.228164
4347.000000 0.228237
4348.000000 0.22829
4349.000000 0.228343
4350.000000 0.228396
4351.000000 0.228449
4351.222656 0.228461
4352.000000 0.228553
4353.000000 0.228691
4354.000000 0.22881
4355.000000 0.228929
4356.000000 0.229048
4357.000000 0.229167
4358.000000 0.229305
4359.000000 0.229424
4360.000000 0.229543
4361.000000 0.229662
4361.225586 0.229689
4362.000000 0.229764
4363.000000 0.22986
4364.000000 0.229976
4365.000000 0.230073
4366.000000 0.230169
4367.000000 0.230266
4368.000000 0.230363
4369.000000 0.230459
4370.000000 0.230576
4371.000000 0.230672
4371.228027 0.230694
4372.000000 0.230698
4373.000000 0.230703
4374.000000 0.230708
4375.000000 0.230713
4376.000000 0.230737
4377.000000 0.230742
4378.000000 0.230747
4379.000000 0.230752
4380.000000 0.230757
4381.000000 0.230762
4381.230469 0.230767
4382.000000 0.230703
4383.000000 0.230599
4384.000000 0.230495
4385.000000 0.230391
4386.000000 0.230288
4387.000000 0.230184
4388.000000 0.230099
4389.000000 0.229996
4390.000000 0.229892
4391.000000 0.229788
4391.233398 0.229763
4392.000000 0.22964
4393.000000 0.229478
4394.000000 0.229336
4395.000000 0.229175
4396.000000 0.229013
4397.000000 0.228852
4398.000000 0.22869
4399.000000 0.228528
4400.000000 0.228386
4401.000000 0.228224
4401.235840 0.228186
4402.000000 0.228147
4403.000000 0.228096
4404.000000 0.228045
4405.000000 0.227994
4406.000000 0.227962
4407.000000 0.227911
4408.000000 0.22786
4409.000000 0.227808
4410.000000 0.227757
4411.000000 0.227706
4411.238770 0.227694
4412.000000 0.227723
4413.000000 0.22778
4414.000000 0.227819
4415.000000 0.227857
4416.000000 0.227896
4417.000000 0.227934
4418.000000 0.227972
4419.000000 0.22803
4420.000000 0.228068
4421.000000 0.228107
4421.241211 0.228116
4422.000000 0.228268
4423.000000 0.228468
4424.000000 0.228668
4425.000000 0.228888
4426.000000 0.229088
4427.000000 0.229289
4428.000000 0.229489
4429.000000 0.229689
4430.000000 0.22989
4431.000000 0.230119
4431.244141 0.23017
4432.000000 0.230404
4433.000000 0.230714
4434.000000 0.231025
4435.000000 0.231335
4436.000000 0.231646
4437.000000 0.231956
4438.000000 0.232287
4439.000000 0.232598
4440.000000 0.232908
4441.000000 0.233219
4441.246582 0.233296
4442.000000 0.233498
4443.000000 0.233765
4444.000000 0.234053
4445.000000 0.23432
4446.000000 0.234588
4447.000000 0.234856
4448.000000 0.235124
4449.000000 0.235392
4450.000000 0.23566
4451.000000 0.235948
4451.249023 0.236015
4452.000000 0.236201
4453.000000 0.236448
4454.000000 0.236695
4455.000000 0.236942
4456.000000 0.23719
4457.000000 0.237457
4458.000000 0.237705
4459.000000 0.237952
4460.000000 0.2382
4461.000000 0.238448
4461.251953 0.23851
4462.000000 0.238603
4463.000000 0.238728
4464.000000 0.238873
4465.000000 0.238998
4466.000000 0.239123
4467.000000 0.239248
4468.000000 0.239373
4469.000000 0.239498
4470.000000 0.239643
4471.000000 0.239768
4471.254395 0.2398
4472.000000 0.23984
4473.000000 0.239895
4474.000000 0.23995
4475.000000 0.240005
4476.000000 0.240059
4477.000000 0.240135
4478.000000 0.240189
4479.000000 0.240244
4480.000000 0.240299
4481.000000 0.240354
4481.257324 0.240368
4482.000000 0.240408
4483.000000 0.240463
4484.000000 0.240538
4485.000000 0.240593
4486.000000 0.240647
4487.000000 0.240702
4488.000000 0.240756
4489.000000 0.240811
4490.000000 0.240866
4491.000000 0.240941
4491.259766 0.240955
4492.000000 0.241008
4493.000000 0.241081
4494.000000 0.241153
4495.000000 0.241226
4496.000000 0.241298
4497.000000 0.241371
4498.000000 0.241464
4499.000000 0.241536
4500.000000 0.241609
4501.000000 0.241666
4501.262207 0.241681
4502.000000 0.241744
4503.000000 0.24183
4504.000000 0.241936
4505.000000 0.242021
4506.000000 0.242107
4507.000000 0.242192
4508.000000 0.242278
4509.000000 0.242363
4510.000000 0.242449
4511.000000 0.242555
4511.265137 0.242577
4512.000000 0.242563
4513.000000 0.242543
4514.000000 0.242524
4515.000000 0.242504
4516.000000 0.242485
4517.000000 0.242465
4518.000000 0.242446
4519.000000 0.242447
4520.000000 0.242427
4521.000000 0.242408
4521.267578 0.242402
4522.000000 0.242284
4523.000000 0.242122
4524.000000 0.241961
4525.000000 0.241799
4526.000000 0.241658
4527.000000 0.241496
4528.000000 0.241334
4529.000000 0.241172
4530.000000 0.241011
4531.000000 0.240849
4531.270508 0.240805
4532.000000 0.240592
4533.000000 0.24032
4534.000000 0.240027
4535.000000 0.239735
4536.000000 0.239442
4537.000000 0.239149
4538.000000 0.238857
4539.000000 0.238564
4540.000000 0.238291
4541.000000 0.237999
4541.272949 0.237919
4542.000000 0.237715
4543.000000 0.237435
4544.000000 0.237155
4545.000000 0.236875
4546.000000 0.236594
4547.000000 0.236314
4548.000000 0.236054
4549.000000 0.235774
4550.000000 0.235493
4551.000000 0.235213
4551.275391 0.235135
4552.000000 0.235
4553.000000 0.234814
4554.000000 0.234628
4555.000000 0.234461
4556.000000 0.234275
4557.000000 0.234088
4558.000000 0.233902
4559.000000 0.233715
4560.000000 0.233529
4561.000000 0.233342
4561.278320 0.233296
4562.000000 0.233169
4563.000000 0.232975
4564.000000 0.23278
4565.000000 0.232586
4566.000000 0.232391
4567.000000 0.232196
4568.000000 0.232002
4569.000000 0.231807
4570.000000 0.231632
4571.000000 0.231437
4571.280762 0.231382
4572.000000 0.231067
4573.000000 0.230628
4574.000000 0.230189
4575.000000 0.22975
4576.000000 0.229311
4577.000000 0.228872
4578.000000 0.228453
4579.000000 0.228014
4580.000000 0.227574
4581.000000 0.227135
4581.283691 0.227011
4582.000000 0.226442
4583.000000 0.225647
4584.000000 0.224852
4585.000000 0.224057
4586.000000 0.223281
4587.000000 0.222486
4588.000000 0.221691
4589.000000 0.220895
4590.000000 0.2201
4591.000000 0.219304
4591.286133 0.219077
4592.000000 0.218467
4593.000000 0.217631
4594.000000 0.216776
4595.000000 0.215922
4596.000000 0.215067
4597.000000 0.214212
4598.000000 0.213357
4599.000000 0.212502
4600.000000 0.211646
4601.000000 0.210809
4601.288574 0.210562
4602.000000 0.210275
4603.000000 0.209872
4604.000000 0.209468
4605.000000 0.209065
4606.000000 0.208661
4607.000000 0.208257
4608.000000 0.207854
4609.000000 0.207468
4610.000000 0.207064
4611.000000 0.20666
4611.291504 0.206542
4612.000000 0.206872
4613.000000 0.207338
4614.000000 0.207805
4615.000000 0.208271
4616.000000 0.208737
4617.000000 0.209204
4618.000000 0.209688
4619.000000 0.210155
4620.000000 0.210621
4621.000000 0.211088
4621.293945 0.211225
4622.000000 0.211889
4623.000000 0.21283
4624.000000 0.213771
4625.000000 0.214712
4626.000000 0.215672
4627.000000 0.216613
4628.000000 0.217555
4629.000000 0.218497
4630.000000 0.219439
4631.000000 0.220376
4631.296875 0.220654
4632.000000 0.220199
4633.000000 0.219551
4634.000000 0.218922
4635.000000 0.218274
4636.000000 0.217626
4637.000000 0.216978
4638.000000 0.21633
4639.000000 0.215682
4640.000000 0.215034
4641.000000 0.214385
4641.299316 0.214191
4642.000000 0.21134
4643.000000 0.207287
4644.000000 0.203216
4645.000000 0.199145
4646.000000 0.195074
4647.000000 0.191002
4648.000000 0.186929
4649.000000 0.182856
4650.000000 0.178783
4651.000000 0.174725
4651.301758 0.173495
4652.000000 0.168969
4653.000000 0.162486
4654.000000 0.156003
4655.000000 0.149519
4656.000000 0.143034
4657.000000 0.136549
4658.000000 0.130063
4659.000000 0.123576
4660.000000 0.117099
4661.000000 0.110611
4661.304688 0.108634
4662.000000 0.104835
4663.000000 0.0993716
4664.000000 0.0939074
4665.000000 0.0884427
4666.000000 0.0829775
4667.000000 0.0775117
4668.000000 0.0720455
4669.000000 0.0665843
4670.000000 0.0611166
4671.000000 0.0556483
4671.307129 0.0539687
4672.000000 0.0518551
4673.000000 0.0488045
4674.000000 0.0457535
4675.000000 0.0427023
4676.000000 0.0396507
4677.000000 0.0365989
4678.000000 0.0335497
4679.000000 0.030497
4680.000000 0.027444
4681.000000 0.0243908
4681.310059 0.0234441
4682.000000 0.0225274
4683.000000 0.0211988
4684.000000 0.0198699
4685.000000 0.018541
4686.000000 0.0172119
4687.000000 0.0158841
4688.000000 0.0145547
4689.000000 0.0132251
4690.000000 0.0118955
4691.000000 0.0105657
4691.312500 0.0101501
4692.000000 0.00976489
4693.000000 0.0092046
4694.000000 0.00864426
4695.000000 0.00808386
4696.000000 0.00752405
4697.000000 0.0069635
4698.000000 0.0064029
4699.000000 0.00584224
4700.000000 0.00528153
4701.000000 0.00472077
4701.315430 0.00454388
4702.000000 0.00437765
4703.000000 0.00413482
4704.000000 0.00389195
4705.000000 0.00364907
4706.000000 0.00340645
4707.000000 0.0031635
4708.000000 0.00292053
4709.000000 0.00267754
4710.000000 0.00243452
4711.000000 0.00219148
4711.317871 0.00211422
4712.000000 0.00204307
4713.000000 0.00193876
4714.000000 0.00183444
4715.000000 0.00173011
4716.000000 0.00162591
4717.000000 0.00152155
4718.000000 0.00141718
4719.000000 0.0013128
4720.000000 0.00120841
4721.000000 0.00110401
4721.320312 0.00107057
4722.000000 0.00103692
4723.000000 0.000987399
4724.000000 0.000937876
4725.000000 0.000888424
4726.000000 0.000838888
4727.000000 0.000789347
4728.000000 0.000739801
4729.000000 0.00069025
4730.000000 0.000640695
4731.000000 0.000591136
4731.323242 0.000575115
4732.000000 0.000558054
4733.000000 0.000532843
4734.000000 0.000507629
4735.000000 0.000482454
4736.000000 0.000457233
4737.000000 0.00043201
4738.000000 0.000406785
4739.000000 0.000381557
4740.000000 0.000356327
4741.000000 0.000331094
4741.325684 0.000322876
4742.000000 0.000313188
4743.000000 0.00029882
4744.000000 0.000284451
4745.000000 0.00027008
4746.000000 0.00025573
4747.000000 0.000241355
4748.000000 0.000226979
4749.000000 0.000212602
4750.000000 0.000198223
4751.000000 0.000183843
4751.328613 0.000179117
4752.000000 0.00017438
4753.000000 0.000167325
4754.000000 0.000160269
4755.000000 0.000153212
4756.000000 0.000146166
4757.000000 0.000139107
4758.000000 0.000132048
4759.000000 0.000124988
4760.000000 0.000117927
4761.000000 0.000110865
4761.331055 0.000108527
4762.000000 0.000105431
4763.000000 0.000100803
4764.000000 9.61739e-05
4765.000000 9.15446e-05
4766.000000 8.69148e-05
4767.000000 8.22916e-05
4768.000000 7.76606e-05
4769.000000 7.30291e-05
4770.000000 6.83972e-05
4771.000000 6.37649e-05
4771.333984 6.22177e-05
4772.000000 6.06953e-05
4773.000000 5.84094e-05
4774.000000 5.61233e-05
4775.000000 5.3837e-05
4776.000000 5.15504e-05
4777.000000 4.92678e-05
