5342.000000 5.64191e-05
5343.000000 6.07351e-05
5344.000000 6.50509e-05
5345.000000 6.93666e-05
5346.000000 7.36822e-05
5347.000000 7.79976e-05
5348.000000 8.23129e-05
5349.000000 8.66281e-05
5350.000000 9.09431e-05
5351.000000 9.5258e-05
5351.487793 9.73627e-05
5352.000000 0.000100457
5353.000000 0.000106498
5354.000000 0.000112538
5355.000000 0.000118578
5356.000000 0.000124619
5357.000000 0.000130658
5358.000000 0.000136698
5359.000000 0.000142738
5360.000000 0.000148777
5361.000000 0.000154816
5361.490723 0.00015778
5362.000000 0.000162644
5363.000000 0.000172195
5364.000000 0.000181745
5365.000000 0.000191295
5366.000000 0.000200845
5367.000000 0.000210395
5368.000000 0.000219944
5369.000000 0.000229493
5370.000000 0.000239042
5371.000000 0.00024859
5371.493164 0.000253299
5372.000000 0.000262556
5373.000000 0.000280822
5374.000000 0.000299087
5375.000000 0.000317351
5376.000000 0.000335614
5377.000000 0.000353877
5378.000000 0.000372139
5379.000000 0.000390401
5380.000000 0.000408662
5381.000000 0.000426887
5381.496094 0.000435945
5382.000000 0.000451352
5383.000000 0.000481926
5384.000000 0.0005125
5385.000000 0.000543073
5386.000000 0.000573645
5387.000000 0.000604215
5388.000000 0.000634785
5389.000000 0.000665354
5390.000000 0.000695921
5391.000000 0.000726488
5391.498535 0.000741726
5392.000000 0.000768851
5393.000000 0.00082294
5394.000000 0.000877028
5395.000000 0.000931114
5396.000000 0.000985198
5397.000000 0.00103928
5398.000000 0.00109336
5399.000000 0.00114744
5400.000000 0.00120152
5401.000000 0.00125559
5401.501465 0.00128271
5402.000000 0.00133207
5403.000000 0.00143108
5404.000000 0.00153008
5405.000000 0.00162908
5406.000000 0.00172808
5407.000000 0.00182708
5408.000000 0.00192607
5409.000000 0.00202506
5410.000000 0.00212405
5411.000000 0.00222303
5411.503906 0.0022729
5412.000000 0.0023608
5413.000000 0.00253796
5414.000000 0.00271512
5415.000000 0.00289227
5416.000000 0.00306916
5417.000000 0.00324629
5418.000000 0.00342341
5419.000000 0.00360052
5420.000000 0.00377763
5421.000000 0.00395472
5421.506836 0.00404448
5422.000000 0.00420068
5423.000000 0.0045174
5424.000000 0.00483411
5425.000000 0.0051508
5426.000000 0.00546748
5427.000000 0.00578416
5428.000000 0.00610082
5429.000000 0.00641747
5430.000000 0.00673411
5431.000000 0.00705072
5431.509277 0.00721197
5432.000000 0.00749975
5433.000000 0.00808618
5434.000000 0.00867258
5435.000000 0.00925897
5436.000000 0.00984533
5437.000000 0.0104317
5438.000000 0.011018
5439.000000 0.0116043
5440.000000 0.0121905
5441.000000 0.0127768
5441.512207 0.0130771
5442.000000 0.0135985
5443.000000 0.0146675
5444.000000 0.0157364
5445.000000 0.0168039
5446.000000 0.0178726
5447.000000 0.0189414
5448.000000 0.02001
5449.000000 0.0210787
5450.000000 0.0221473
5451.000000 0.0232158
5451.514648 0.0237657
5452.000000 0.0246629
5453.000000 0.0265113
5454.000000 0.0283597
5455.000000 0.030208
5456.000000 0.0320562
5457.000000 0.0339044
5458.000000 0.0357524
5459.000000 0.0376004
5460.000000 0.0394484
5461.000000 0.0412962
5461.517578 0.0422526
5462.000000 0.0436457
5463.000000 0.0465334
5464.000000 0.0494209
5465.000000 0.0523084
5466.000000 0.0551957
5467.000000 0.0580829
5468.000000 0.06097
5469.000000 0.063857
5470.000000 0.0667438
5471.000000 0.0696246
5471.520020 0.0711256
5472.000000 0.0730553
5473.000000 0.0770755
5474.000000 0.0810955
5475.000000 0.0851154
5476.000000 0.089135
5477.000000 0.0931546
5478.000000 0.0971739
5479.000000 0.101193
5480.000000 0.105212
5481.000000 0.109231
5481.522461 0.11133
5482.000000 0.113546
5483.000000 0.118187
5484.000000 0.122827
5485.000000 0.127467
5486.000000 0.132106
5487.000000 0.136746
5488.000000 0.141385
5489.000000 0.146024
5490.000000 0.150663
5491.000000 0.155302
5491.525391 0.157739
5492.000000 0.159702
5493.000000 0.163825
5494.000000 0.167962
5495.000000 0.172098
5496.000000 0.176234
5497.000000 0.18037
5498.000000 0.184506
5499.000000 0.188641
5500.000000 0.192776
5501.000000 0.196911
5501.527832 0.199093
5502.000000 0.200502
5503.000000 0.203484
5504.000000 0.206466
5505.000000 0.209448
5506.000000 0.21243
5507.000000 0.215411
5508.000000 0.218393
5509.000000 0.221374
5510.000000 0.224356
5511.000000 0.227337
5511.530762 0.228919
5512.000000 0.229766
5513.000000 0.231571
5514.000000 0.233356
5515.000000 0.23516
5516.000000 0.236965
5517.000000 0.238769
5518.000000 0.240574
5519.000000 0.242378
5520.000000 0.244182
5521.000000 0.245986
5521.533203 0.246948
5522.000000 0.247391
5523.000000 0.248341
5524.000000 0.249291
5525.000000 0.250241
5526.000000 0.251191
5527.000000 0.25214
5528.000000 0.25309
5529.000000 0.25404
5530.000000 0.254989
5531.000000 0.255939
5531.536133 0.256448
5532.000000 0.256653
5533.000000 0.257075
5534.000000 0.257518
5535.000000 0.257961
5536.000000 0.258404
5537.000000 0.258847
5538.000000 0.259291
5539.000000 0.259734
5540.000000 0.260177
5541.000000 0.26062
5541.538574 0.260858
5542.000000 0.261007
5543.000000 0.261331
5544.000000 0.261655
5545.000000 0.261978
5546.000000 0.262302
5547.000000 0.262626
5548.000000 0.262949
5549.000000 0.263273
5550.000000 0.263596
5551.000000 0.263897
5551.541504 0.264073
5552.000000 0.264239
5553.000000 0.264602
5554.000000 0.264965
5555.000000 0.265327
5556.000000 0.26569
5557.000000 0.266053
5558.000000 0.266416
5559.000000 0.266778
5560.000000 0.267141
5561.000000 0.267503
5561.543945 0.267701
5562.000000 0.267846
5563.000000 0.268165
5564.000000 0.268484
5565.000000 0.268803
5566.000000 0.269122
5567.000000 0.26944
5568.000000 0.269736
5569.000000 0.270055
5570.000000 0.270374
5571.000000 0.270692
5571.546875 0.270867
5572.000000 0.271015
5573.000000 0.271343
5574.000000 0.271671
5575.000000 0.271998
5576.000000 0.272326
5577.000000 0.272654
5578.000000 0.272981
5579.000000 0.273309
5580.000000 0.273637
5581.000000 0.273964
5581.549316 0.274144
5582.000000 0.27425
5583.000000 0.274485
5584.000000 0.274697
5585.000000 0.274932
5586.000000 0.275166
5587.000000 0.275401
5588.000000 0.275636
5589.000000 0.275871
5590.000000 0.276106
5591.000000 0.276341
5591.552246 0.27647
5592.000000 0.276551
5593.000000 0.27673
5594.000000 0.276909
5595.000000 0.277088
5596.000000 0.277267
5597.000000 0.277446
5598.000000 0.277625
5599.000000 0.277781
5600.000000 0.27796
5601.000000 0.278139
5601.554688 0.278238
5602.000000 0.27826
5603.000000 0.278309
5604.000000 0.278358
5605.000000 0.278406
5606.000000 0.278455
5607.000000 0.278504
5608.000000 0.278553
5609.000000 0.278602
5610.000000 0.27865
5611.000000 0.278699
5611.557617 0.278726
5612.000000 0.278679
5613.000000 0.278573
5614.000000 0.278444
5615.000000 0.278338
5616.000000 0.278232
5617.000000 0.278126
5618.000000 0.27802
5619.000000 0.277914
5620.000000 0.277808
5621.000000 0.277702
5621.560059 0.277642
5622.000000 0.277573
5623.000000 0.277416
5624.000000 0.277259
5625.000000 0.277102
5626.000000 0.276945
5627.000000 0.276788
5628.000000 0.276608
5629.000000 0.276451
5630.000000 0.276294
5631.000000 0.27613
5631.562988 0.276037
5632.000000 0.275915
5633.000000 0.275637
5634.000000 0.275358
5635.000000 0.275079
5636.000000 0.274801
5637.000000 0.274522
5638.000000 0.274243
5639.000000 0.273965
5640.000000 0.273686
5641.000000 0.273408
5641.565430 0.273237
5642.000000 0.27308
5643.000000 0.27274
5644.000000 0.272401
5645.000000 0.272061
5646.000000 0.271722
5647.000000 0.271383
5648.000000 0.271044
5649.000000 0.270704
5650.000000 0.270365
5651.000000 0.270026
5651.567871 0.269834
5652.000000 0.269658
5653.000000 0.269253
5654.000000 0.268847
5655.000000 0.268419
5656.000000 0.268013
5657.000000 0.267608
5658.000000 0.267203
5659.000000 0.266797
5660.000000 0.266392
5661.000000 0.265987
5661.570801 0.265755
5662.000000 0.265632
5663.000000 0.265343
5664.000000 0.265055
5665.000000 0.264767
5666.000000 0.264479
5667.000000 0.264191
5668.000000 0.263881
5669.000000 0.263593
5670.000000 0.263305
5671.000000 0.263017
5671.573730 0.262851
5672.000000 0.262768
5673.000000 0.262571
5674.000000 0.262375
5675.000000 0.262179
5676.000000 0.261982
5677.000000 0.261786
5678.000000 0.26159
5679.000000 0.261394
5680.000000 0.261175
5681.000000 0.260979
5681.576172 0.260866
5682.000000 0.260804
5683.000000 0.260658
5684.000000 0.260513
5685.000000 0.260367
5686.000000 0.260222
5687.000000 0.260076
5688.000000 0.259931
5689.000000 0.259785
5690.000000 0.259639
5691.000000 0.259494
5691.578613 0.259397
5692.000000 0.259342
5693.000000 0.259234
5694.000000 0.259126
5695.000000 0.259018
5696.000000 0.25891
5697.000000 0.258802
5698.000000 0.258695
5699.000000 0.258587
5700.000000 0.258479
5701.000000 0.258371
5701.581543 0.258308
5702.000000 0.258322
5703.000000 0.258355
5704.000000 0.258366
5705.000000 0.258399
5706.000000 0.258433
5707.000000 0.258466
5708.000000 0.258499
5709.000000 0.258532
5710.000000 0.258565
5711.000000 0.258598
5711.583984 0.258617
5712.000000 0.258699
5713.000000 0.258896
5714.000000 0.259093
5715.000000 0.259268
5716.000000 0.259464
5717.000000 0.259661
5718.000000 0.259858
5719.000000 0.260055
5720.000000 0.260251
5721.000000 0.260448
5721.586914 0.260563
5722.000000 0.260691
5723.000000 0.260998
5724.000000 0.261306
5725.000000 0.261614
5726.000000 0.2619
5727.000000 0.262208
5728.000000 0.262516
5729.000000 0.262823
5730.000000 0.263131
5731.000000 0.263439
5731.589355 0.26362
5732.000000 0.263741
5733.000000 0.264037
5734.000000 0.264333
5735.000000 0.264629
5736.000000 0.264924
5737.000000 0.265197
5738.000000 0.265493
5739.000000 0.265788
5740.000000 0.266084
5741.000000 0.266379
5741.592285 0.266554
5742.000000 0.266674
5743.000000 0.266968
5744.000000 0.267261
5745.000000 0.267555
5746.000000 0.267848
5747.000000 0.268142
5748.000000 0.268413
5749.000000 0.268706
5750.000000 0.269
5751.000000 0.269293
5751.594727 0.269467
5752.000000 0.269621
5753.000000 0.27
5754.000000 0.270379
5755.000000 0.270758
5756.000000 0.271137
5757.000000 0.271516
5758.000000 0.271872
5759.000000 0.272251
5760.000000 0.272629
5761.000000 0.273008
5761.597656 0.273234
5762.000000 0.27336
5763.000000 0.273672
5764.000000 0.273984
5765.000000 0.274296
5766.000000 0.274609
5767.000000 0.274921
5768.000000 0.275209
5769.000000 0.275521
5770.000000 0.275833
5771.000000 0.276145
5771.600098 0.276332
5772.000000 0.276409
5773.000000 0.276602
5774.000000 0.276795
5775.000000 0.276988
5776.000000 0.277181
5777.000000 0.277374
5778.000000 0.277543
5779.000000 0.277736
5780.000000 0.277929
5781.000000 0.278121
5781.603027 0.278237
5782.000000 0.278267
5783.000000 0.278341
5784.000000 0.278415
5785.000000 0.278489
5786.000000 0.278563
5787.000000 0.278637
5788.000000 0.278688
5789.000000 0.278762
5790.000000 0.278836
5791.000000 0.27891
5791.605469 0.278955
5792.000000 0.278952
5793.000000 0.278946
5794.000000 0.27894
5795.000000 0.278934
5796.000000 0.278928
5797.000000 0.278922
5798.000000 0.278892
5799.000000 0.278886
5800.000000 0.27888
5801.000000 0.278874
5801.608398 0.278871
5802.000000 0.278809
5803.000000 0.278651
5804.000000 0.278492
5805.000000 0.278334
5806.000000 0.278176
5807.000000 0.277995
5808.000000 0.277837
5809.000000 0.277679
5810.000000 0.277521
5811.000000 0.277363
5811.610840 0.277266
5812.000000 0.277148
5813.000000 0.276843
5814.000000 0.276538
5815.000000 0.276233
5816.000000 0.275905
5817.000000 0.275601
5818.000000 0.275296
5819.000000 0.274991
5820.000000 0.274687
5821.000000 0.274382
5821.613770 0.274196
5822.000000 0.274055
5823.000000 0.273691
5824.000000 0.273326
5825.000000 0.272962
5826.000000 0.272575
5827.000000 0.272211
5828.000000 0.271847
5829.000000 0.271483
5830.000000 0.271119
5831.000000 0.270759
5831.616211 0.270538
5832.000000 0.270412
5833.000000 0.270085
5834.000000 0.269757
5835.000000 0.269407
5836.000000 0.26908
5837.000000 0.268752
5838.000000 0.268425
5839.000000 0.268098
5840.000000 0.267771
5841.000000 0.267444
5841.619141 0.267241
5842.000000 0.267121
5843.000000 0.266782
5844.000000 0.266467
5845.000000 0.266151
5846.000000 0.265836
5847.000000 0.26552
5848.000000 0.265205
5849.000000 0.264889
5850.000000 0.264574
5851.000000 0.264258
5851.621582 0.264049
5852.000000 0.263908
5853.000000 0.263561
5854.000000 0.263213
5855.000000 0.262866
5856.000000 0.262518
5857.000000 0.26217
5858.000000 0.261823
5859.000000 0.261475
5860.000000 0.261128
5861.000000 0.260758
5861.624512 0.260541
5862.000000 0.260423
5863.000000 0.26011
5864.000000 0.259796
5865.000000 0.259482
5866.000000 0.259169
5867.000000 0.258855
5868.000000 0.258541
5869.000000 0.258206
5870.000000 0.257892
5871.000000 0.257579
5871.626953 0.257382
5872.000000 0.257321
5873.000000 0.257157
5874.000000 0.256993
5875.000000 0.256829
5876.000000 0.256666
5877.000000 0.256502
5878.000000 0.256316
5879.000000 0.256152
5880.000000 0.255989
5881.000000 0.255825
5881.629883 0.255722
5882.000000 0.255733
5883.000000 0.255762
5884.000000 0.255792
5885.000000 0.255821
5886.000000 0.255829
5887.000000 0.255858
5888.000000 0.255888
5889.000000 0.255917
5890.000000 0.255947
5891.000000 0.255977
5891.632324 0.255995
5892.000000 0.256033
5893.000000 0.256135
5894.000000 0.256215
5895.000000 0.256317
5896.000000 0.256418
5897.000000 0.25652
5898.000000 0.256622
5899.000000 0.256724
5900.000000 0.256826
5901.000000 0.256928
5901.634766 0.256979
5902.000000 0.257008
5903.000000 0.257111
5904.000000 0.257213
5905.000000 0.257316
5906.000000 0.257419
5907.000000 0.257521
5908.000000 0.257624
5909.000000 0.257727
5910.000000 0.257807
5911.000000 0.25791
5911.637695 0.257976
5912.000000 0.258039
5913.000000 0.258214
5914.000000 0.258389
5915.000000 0.258564
5916.000000 0.258739
5917.000000 0.258913
5918.000000 0.259066
5919.000000 0.259241
5920.000000 0.259416
5921.000000 0.259591
5921.640625 0.259703
5922.000000 0.259814
5923.000000 0.260125
5924.000000 0.260436
5925.000000 0.260747
5926.000000 0.261036
5927.000000 0.261347
5928.000000 0.261658
5929.000000 0.261969
5930.000000 0.26228
5931.000000 0.26259
5931.643066 0.26279
5932.000000 0.26293
5933.000000 0.263298
5934.000000 0.263689
5935.000000 0.264079
5936.000000 0.26447
5937.000000 0.26486
5938.000000 0.26525
5939.000000 0.265641
5940.000000 0.266031
5941.000000 0.266399
5941.645508 0.266651
5942.000000 0.26677
5943.000000 0.267107
5944.000000 0.267443
5945.000000 0.267779
5946.000000 0.268116
5947.000000 0.268452
5948.000000 0.268788
5949.000000 0.269101
5950.000000 0.269437
5951.000000 0.269774
5951.648438 0.269992
5952.000000 0.270076
5953.000000 0.270316
5954.000000 0.270556
5955.000000 0.270796
5956.000000 0.271013
5957.000000 0.271252
5958.000000 0.271492
5959.000000 0.271732
5960.000000 0.271972
5961.000000 0.272212
5961.650879 0.272368
5962.000000 0.272438
5963.000000 0.272616
5964.000000 0.272817
5965.000000 0.273017
5966.000000 0.273218
5967.000000 0.273419
5968.000000 0.27362
5969.000000 0.273821
5970.000000 0.274022
5971.000000 0.274199
5971.653809 0.274331
5972.000000 0.274379
5973.000000 0.274517
5974.000000 0.274655
5975.000000 0.274794
5976.000000 0.274932
5977.000000 0.275071
5978.000000 0.275186
5979.000000 0.275324
5980.000000 0.275462
5981.000000 0.275601
5981.656738 0.275691
5982.000000 0.275702
5983.000000 0.275732
5984.000000 0.275762
5985.000000 0.275768
5986.000000 0.275799
5987.000000 0.275829
5988.000000 0.275859
5989.000000 0.275889
5990.000000 0.275919
5991.000000 0.275949
5991.659180 0.275953
5992.000000 0.275891
5993.000000 0.275733
5994.000000 0.275575
5995.000000 0.275416
5996.000000 0.275258
5997.000000 0.2751
5998.000000 0.274942
5999.000000 0.27476
6000.000000 0.274602
6001.000000 0.274471
6001.661621 0.274384
6002.000000 0.274316
6003.000000 0.274114
6004.000000 0.273911
6005.000000 0.273709
6006.000000 0.273483
6007.000000 0.273281
6008.000000 0.273078
6009.000000 0.272876
6010.000000 0.272673
6011.000000 0.272471
6011.664551 0.272337
6012.000000 0.272262
6013.000000 0.272016
6014.000000 0.271794
6015.000000 0.271572
6016.000000 0.271349
6017.000000 0.271127
6018.000000 0.270905
6019.000000 0.270682
6020.000000 0.270437
6021.000000 0.270214
6021.666992 0.270066
6022.000000 0.269985
6023.000000 0.269743
6024.000000 0.269501
6025.000000 0.269259
6026.000000 0.268994
6027.000000 0.268751
6028.000000 0.268509
6029.000000 0.268267
6030.000000 0.268025
6031.000000 0.267779
6031.669922 0.267615
6032.000000 0.267495
6033.000000 0.267111
6034.000000 0.266749
6035.000000 0.266387
6036.000000 0.266025
6037.000000 0.265663
6038.000000 0.265301
6039.000000 0.264939
6040.000000 0.264554
6041.000000 0.264192
6041.672363 0.263948
6042.000000 0.263816
6043.000000 0.263411
6044.000000 0.263006
6045.000000 0.262601
6046.000000 0.262173
6047.000000 0.261768
6048.000000 0.261363
6049.000000 0.260958
6050.000000 0.260553
6051.000000 0.260148
6051.675293 0.259874
6052.000000 0.259785
6053.000000 0.259489
6054.000000 0.259215
6055.000000 0.258941
6056.000000 0.258667
6057.000000 0.258393
6058.000000 0.258119
6059.000000 0.257823
6060.000000 0.257549
6061.000000 0.257274
6061.677734 0.257089
6062.000000 0.257033
6063.000000 0.256862
6064.000000 0.25669
6065.000000 0.256519
6066.000000 0.256326
6067.000000 0.256154
6068.000000 0.255982
6069.000000 0.255811
6070.000000 0.255639
6071.000000 0.255468
6071.680664 0.255336
6072.000000 0.2553
6073.000000 0.255207
6074.000000 0.255114
6075.000000 0.255021
6076.000000 0.254928
6077.000000 0.254835
6078.000000 0.254742
6079.000000 0.254628
6080.000000 0.254535
6081.000000 0.254442
6081.683105 0.254378
6082.000000 0.254343
6083.000000 0.254232
6084.000000 0.254121
6085.000000 0.253989
6086.000000 0.253878
6087.000000 0.253767
6088.000000 0.253656
6089.000000 0.253545
6090.000000 0.253434
6091.000000 0.253302
6091.686035 0.253225
6092.000000 0.253201
6093.000000 0.253122
6094.000000 0.253044
6095.000000 0.252965
6096.000000 0.252886
6097.000000 0.252786
6098.000000 0.252707
6099.000000 0.252629
6100.000000 0.25255
6101.000000 0.252471
6101.688477 0.252417
6102.000000 0.252432
6103.000000 0.252459
6104.000000 0.252508
6105.000000 0.252557
6106.000000 0.252605
6107.000000 0.252654
6108.000000 0.252703
6109.000000 0.25273
6110.000000 0.252778
6111.000000 0.252827
6111.691406 0.252861
6112.000000 0.252924
6113.000000 0.253131
6114.000000 0.253337
6115.000000 0.253543
6116.000000 0.253728
6117.000000 0.253934
6118.000000 0.25414
6119.000000 0.254346
6120.000000 0.254553
6121.000000 0.254759
6121.693848 0.254887
6122.000000 0.254951
6123.000000 0.255181
6124.000000 0.255411
6125.000000 0.255641
6126.000000 0.255871
6127.000000 0.25608
6128.000000 0.25631
6129.000000 0.25654
6130.000000 0.25677
6131.000000 0.257
6131.696777 0.257161
6132.000000 0.257207
6133.000000 0.25734
6134.000000 0.257494
6135.000000 0.257649
6136.000000 0.257803
6137.000000 0.257958
6138.000000 0.258112
6139.000000 0.258245
6140.000000 0.2584
6141.000000 0.258554
6141.699219 0.258662
6142.000000 0.258707
6143.000000 0.258854
6144.000000 0.259001
6145.000000 0.259126
6146.000000 0.259274
6147.000000 0.259421
6148.000000 0.259569
6149.000000 0.259716
6150.000000 0.259863
6151.000000 0.259989
6151.702148 0.260092
6152.000000 0.260145
6153.000000 0.260322
6154.000000 0.2605
6155.000000 0.260677
6156.000000 0.260855
6157.000000 0.26101
6158.000000 0.261188
6159.000000 0.261365
6160.000000 0.261543
6161.000000 0.261721
6161.704590 0.26183
6162.000000 0.261896
6163.000000 0.262144
6164.000000 0.262391
6165.000000 0.262639
6166.000000 0.262886
6167.000000 0.263134
6168.000000 0.263359
6169.000000 0.263606
6170.000000 0.263854
6171.000000 0.264101
6171.707520 0.264276
6172.000000 0.26432
6173.000000 0.264467
6174.000000 0.264592
6175.000000 0.264739
6176.000000 0.264887
6177.000000 0.265034
6178.000000 0.265181
6179.000000 0.265306
6180.000000 0.265454
6181.000000 0.265601
6181.709961 0.265706
6182.000000 0.265718
6183.000000 0.265758
6184.000000 0.265799
6185.000000 0.265816
6186.000000 0.265857
6187.000000 0.265897
6188.000000 0.265938
6189.000000 0.265979
6190.000000 0.266019
6191.000000 0.266037
6191.712891 0.266066
6192.000000 0.266056
6193.000000 0.266021
6194.000000 0.265987
6195.000000 0.265952
6196.000000 0.265895
6197.000000 0.265861
6198.000000 0.265827
6199.000000 0.265792
6200.000000 0.265758
6201.000000 0.265723
6201.715332 0.265682
6202.000000 0.265672
6203.000000 0.265656
6204.000000 0.265641
6205.000000 0.265626
6206.000000 0.265611
6207.000000 0.265573
6208.000000 0.265558
6209.000000 0.265543
6210.000000 0.265528
6211.000000 0.265513
6211.718262 0.265502
6212.000000 0.265506
6213.000000 0.265496
6214.000000 0.265509
6215.000000 0.265522
6216.000000 0.265535
6217.000000 0.265548
6218.000000 0.265538
6219.000000 0.265551
6220.000000 0.265564
6221.000000 0.265577
6221.720703 0.265586
6222.000000 0.265564
6223.000000 0.265462
6224.000000 0.265383
6225.000000 0.265304
6226.000000 0.265225
6227.000000 0.265146
6228.000000 0.265067
6229.000000 0.264966
6230.000000 0.264887
6231.000000 0.264809
6231.723633 0.264753
6232.000000 0.264706
6233.000000 0.264533
6234.000000 0.264337
6235.000000 0.264165
6236.000000 0.263992
6237.000000 0.263819
6238.000000 0.263646
6239.000000 0.263451
6240.000000 0.263278
6241.000000 0.263105
6241.726074 0.262979
6242.000000 0.262933
6243.000000 0.262766
6244.000000 0.262599
6245.000000 0.262409
6246.000000 0.262242
6247.000000 0.262074
6248.000000 0.261907
6249.000000 0.261739
6250.000000 0.26155
6251.000000 0.261382
6251.729004 0.26126
6252.000000 0.261244
6253.000000 0.261183
6254.000000 0.261122
6255.000000 0.261039
6256.000000 0.260978
6257.000000 0.260917
6258.000000 0.260856
6259.000000 0.260796
6260.000000 0.260712
6261.000000 0.260651
6261.731445 0.260607
6262.000000 0.260609
6263.000000 0.260616
6264.000000 0.260624
6265.000000 0.260609
6266.000000 0.260616
6267.000000 0.260623
6268.000000 0.260631
6269.000000 0.260638
6270.000000 0.260645
6271.000000 0.26063
6271.734375 0.260636
6272.000000 0.260621
6273.000000 0.260563
6274.000000 0.260506
6275.000000 0.260449
6276.000000 0.260369
6277.000000 0.260312
6278.000000 0.260255
6279.000000 0.260198
6280.000000 0.26014
6281.000000 0.260061
6281.736816 0.260019
6282.000000 0.259995
6283.000000 0.259907
6284.000000 0.259819
6285.000000 0.259731
6286.000000 0.259621
6287.000000 0.259533
6288.000000 0.259445
6289.000000 0.259357
6290.000000 0.259269
6291.000000 0.259158
6291.739746 0.259093
6292.000000 0.259073
6293.000000 0.258997
6294.000000 0.258921
6295.000000 0.258845
6296.000000 0.258747
6297.000000 0.258671
6298.000000 0.258594
6299.000000 0.258518
6300.000000 0.258442
6301.000000 0.258344
6301.742188 0.258287
6302.000000 0.258302
6303.000000 0.258358
6304.000000 0.258415
6305.000000 0.258472
6306.000000 0.258506
6307.000000 0.258563
6308.000000 0.25862
6309.000000 0.258677
6310.000000 0.258733
6311.000000 0.258768
6311.745117 0.25881
6312.000000 0.258842
6313.000000 0.258969
6314.000000 0.259096
6315.000000 0.259223
6316.000000 0.259328
6317.000000 0.259454
6318.000000 0.259581
6319.000000 0.259708
6320.000000 0.259813
6321.000000 0.25994
6321.747559 0.260034
6322.000000 0.260053
6323.000000 0.260127
6324.000000 0.260202
6325.000000 0.260253
6326.000000 0.260328
6327.000000 0.260402
6328.000000 0.260476
6329.000000 0.26055
6330.000000 0.260602
6331.000000 0.260676
6331.750488 0.260732
6332.000000 0.26073
6333.000000 0.260724
6334.000000 0.260717
6335.000000 0.260689
6336.000000 0.260682
6337.000000 0.260676
6338.000000 0.260669
6339.000000 0.260663
6340.000000 0.260634
6341.000000 0.260628
6341.752930 0.260623
6342.000000 0.260616
6343.000000 0.260586
6344.000000 0.260557
6345.000000 0.260505
6346.000000 0.260476
6347.000000 0.260446
6348.000000 0.260417
6349.000000 0.260365
6350.000000 0.260335
6351.000000 0.260306
6351.755859 0.260283
6352.000000 0.260295
6353.000000 0.260341
6354.000000 0.260365
6355.000000 0.260411
6356.000000 0.260458
6357.000000 0.260504
6358.000000 0.26055
6359.000000 0.260574
6360.000000 0.260621
6361.000000 0.260667
6361.758301 0.260702
6362.000000 0.260718
6363.000000 0.260766
6364.000000 0.260835
6365.000000 0.260904
6366.000000 0.260974
6367.000000 0.261043
6368.000000 0.26109
6369.000000 0.261159
6370.000000 0.261229
6371.000000 0.261298
6371.761230 0.261351
6372.000000 0.261365
6373.000000 0.2614
6374.000000 0.261458
6375.000000 0.261516
6376.000000 0.261574
6377.000000 0.26161
6378.000000 0.261668
6379.000000 0.261726
6380.000000 0.261784
6381.000000 0.261841
6381.763672 0.261868
6382.000000 0.261847
6383.000000 0.261778
6384.000000 0.261709
6385.000000 0.26164
6386.000000 0.261572
6387.000000 0.26148
6388.000000 0.261411
6389.000000 0.261343
6390.000000 0.261274
6391.000000 0.261182
6391.766602 0.261129
6392.000000 0.261098
6393.000000 0.260961
6394.000000 0.260825
6395.000000 0.260688
6396.000000 0.26053
6397.000000 0.260393
6398.000000 0.260257
6399.000000 0.26012
6400.000000 0.259961
6401.000000 0.259825
6401.769043 0.25972
6402.000000 0.259706
6403.000000 0.259647
6404.000000 0.259588
6405.000000 0.259507
6406.000000 0.259448
6407.000000 0.259389
6408.000000 0.25933
6409.000000 0.259249
6410.000000 0.25919
6411.000000 0.259131
6411.771973 0.259085
6412.000000 0.259086
6413.000000 0.259093
6414.000000 0.259077
6415.000000 0.259083
6416.000000 0.259089
6417.000000 0.259095
6418.000000 0.259079
6419.000000 0.259085
6420.000000 0.259091
6421.000000 0.259097
6421.774414 0.259102
6422.000000 0.259108
6423.000000 0.259111
6424.000000 0.259137
6425.000000 0.259163
6426.000000 0.259188
6427.000000 0.259192
6428.000000 0.259218
6429.000000 0.259243
6430.000000 0.259269
6431.000000 0.25929
6431.777344 0.259289
6432.000000 0.259272
6433.000000 0.259217
6434.000000 0.259162
6435.000000 0.259108
6436.000000 0.259031
6437.000000 0.258976
6438.000000 0.258922
6439.000000 0.258867
6440.000000 0.25879
6441.000000 0.258735
6441.779785 0.258693
6442.000000 0.258673
6443.000000 0.258582
6444.000000 0.258491
6445.000000 0.258379
6446.000000 0.258288
6447.000000 0.258197
6448.000000 0.258107
6449.000000 0.257994
6450.000000 0.257903
6451.000000 0.257812
6451.782715 0.257741
6452.000000 0.257729
6453.000000 0.257674
6454.000000 0.257596
6455.000000 0.257541
6456.000000 0.257486
6457.000000 0.25743
6458.000000 0.257353
6459.000000 0.257297
6460.000000 0.257242
6461.000000 0.257186
6461.785156 0.257125
6462.000000 0.257142
6463.000000 0.257241
6464.000000 0.25734
6465.000000 0.25744
6466.000000 0.257517
6467.000000 0.257616
6468.000000 0.257716
6469.000000 0.257815
6470.000000 0.257914
6471.000000 0.257991
6471.788086 0.258069
6472.000000 0.258108
6473.000000 0.25829
6474.000000 0.258472
6475.000000 0.258632
6476.000000 0.258814
6477.000000 0.258996
6478.000000 0.259178
6479.000000 0.259338
6480.000000 0.25952
6481.000000 0.259702
6481.790527 0.259846
6482.000000 0.259876
6483.000000 0.260001
6484.000000 0.260147
6485.000000 0.260294
6486.000000 0.260441
6487.000000 0.260587
6488.000000 0.260712
6489.000000 0.260858
6490.000000 0.261005
6491.000000 0.261152
6491.793457 0.26125
6492.000000 0.261266
6493.000000 0.261368
6494.000000 0.261469
6495.000000 0.261571
6496.000000 0.26165
6497.000000 0.261751
6498.000000 0.261853
6499.000000 0.261954
6500.000000 0.262033
6501.000000 0.262085
6501.795898 0.262125
6502.000000 0.262133
6503.000000 0.262172
6504.000000 0.262189
6505.000000 0.262227
6506.000000 0.262266
6507.000000 0.262305
6508.000000 0.262344
6509.000000 0.26236
6510.000000 0.262399
6511.000000 0.262437
6511.798828 0.262467
6512.000000 0.262499
6513.000000 0.262631
6514.000000 0.262786
6515.000000 0.262941
6516.000000 0.263096
6517.000000 0.263229
6518.000000 0.263384
6519.000000 0.263538
6520.000000 0.263693
6521.000000 0.263825
6521.801270 0.263948
6522.000000 0.26399
6523.000000 0.264201
6524.000000 0.264411
6525.000000 0.264599
6526.000000 0.264809
6527.000000 0.265019
6528.000000 0.265229
6529.000000 0.265417
6530.000000 0.265627
6531.000000 0.265836
6531.804199 0.266005
6532.000000 0.266046
6533.000000 0.266234
6534.000000 0.266445
6535.000000 0.266655
6536.000000 0.266866
6537.000000 0.267053
6538.000000 0.267263
6539.000000 0.267474
6540.000000 0.267684
6541.000000 0.267871
6541.806641 0.26804
6542.000000 0.268063
6543.000000 0.268184
6544.000000 0.268305
6545.000000 0.268403
6546.000000 0.268523
6547.000000 0.268644
6548.000000 0.268765
6549.000000 0.268862
6550.000000 0.268983
6551.000000 0.269103
6551.809570 0.2692
6552.000000 0.26921
6553.000000 0.269236
6554.000000 0.269285
6555.000000 0.269334
6556.000000 0.269383
6557.000000 0.269409
6558.000000 0.269458
6559.000000 0.269507
6560.000000 0.269556
6561.000000 0.269582
6561.812012 0.269621
6562.000000 0.269626
6563.000000 0.269653
6564.000000 0.269679
6565.000000 0.269683
6566.000000 0.269709
6567.000000 0.269736
6568.000000 0.269762
6569.000000 0.269765
6570.000000 0.269792
6571.000000 0.269818
6571.814941 0.269839
6572.000000 0.269844
6573.000000 0.269848
6574.000000 0.269875
6575.000000 0.269902
6576.000000 0.269929
6577.000000 0.269933
6578.000000 0.26996
6579.000000 0.269987
6580.000000 0.270014
6581.000000 0.270017
6581.817383 0.270039
6582.000000 0.270041
6583.000000 0.270051
6584.000000 0.270061
6585.000000 0.270048
6586.000000 0.270059
6587.000000 0.270069
6588.000000 0.270079
6589.000000 0.270066
6590.000000 0.270076
6591.000000 0.270086
6591.820312 0.270094
6592.000000 0.270075
6593.000000 0.269944
6594.000000 0.269836
6595.000000 0.269728
6596.000000 0.26962
6597.000000 0.269489
6598.000000 0.269381
6599.000000 0.269273
6600.000000 0.269166
6601.000000 0.269035
6601.822754 0.268946
6602.000000 0.268908
6603.000000 0.268693
6604.000000 0.268455
6605.000000 0.268241
6606.000000 0.268026
6607.000000 0.267811
6608.000000 0.267574
6609.000000 0.26736
6610.000000 0.267145
6611.000000 0.266931
6611.825684 0.266735
6612.000000 0.26669
6613.000000 0.266455
6614.000000 0.26622
6615.000000 0.265985
6616.000000 0.265727
6617.000000 0.265493
6618.000000 0.265258
6619.000000 0.265023
6620.000000 0.264766
6621.000000 0.264531
6621.828125 0.264337
6622.000000 0.264298
6623.000000 0.264071
6624.000000 0.263821
6625.000000 0.263594
6626.000000 0.263368
6627.000000 0.263118
6628.000000 0.262892
6629.000000 0.262665
6630.000000 0.262438
6631.000000 0.262179
6631.831055 0.261982
6632.000000 0.26195
6633.000000 0.261755
6634.000000 0.261561
6635.000000 0.261344
6636.000000 0.261149
6637.000000 0.260955
6638.000000 0.260761
6639.000000 0.260544
6640.000000 0.26035
6641.000000 0.260156
6641.833496 0.259976
6642.000000 0.259928
6643.000000 0.259661
6644.000000 0.259395
6645.000000 0.259128
6646.000000 0.25884
6647.000000 0.258574
6648.000000 0.258308
6649.000000 0.258042
6650.000000 0.257754
6651.000000 0.257488
6651.836426 0.257266
6652.000000 0.257214
6653.000000 0.256895
6654.000000 0.256555
6655.000000 0.256237
6656.000000 0.255918
6657.000000 0.255578
6658.000000 0.255261
6659.000000 0.254943
6660.000000 0.254625
6661.000000 0.254286
6661.838867 0.25402
6662.000000 0.253966
6663.000000 0.253636
6664.000000 0.253306
6665.000000 0.252954
6666.000000 0.252624
6667.000000 0.252294
6668.000000 0.251942
6669.000000 0.251613
6670.000000 0.251283
6671.000000 0.250954
6671.841797 0.250658
6672.000000 0.250615
6673.000000 0.25036
6674.000000 0.250105
6675.000000 0.249851
6676.000000 0.249575
6677.000000 0.24932
6678.000000 0.249066
6679.000000 0.24879
6680.000000 0.248536
6681.000000 0.248282
6681.844238 0.248068
6682.000000 0.248051
6683.000000 0.247924
6684.000000 0.247818
6685.000000 0.247713
6686.000000 0.247607
6687.000000 0.24748
6688.000000 0.247375
6689.000000 0.247269
6690.000000 0.247142
6691.000000 0.247037
6691.847168 0.246947
6692.000000 0.246939
6693.000000 0.246886
6694.000000 0.246812
6695.000000 0.24676
6696.000000 0.246707
6697.000000 0.246654
6698.000000 0.246581
6699.000000 0.246528
6700.000000 0.246475
6701.000000 0.246401
6701.849609 0.246357
6702.000000 0.246348
6703.000000 0.246291
6704.000000 0.246234
6705.000000 0.246156
6706.000000 0.246099
6707.000000 0.246042
6708.000000 0.245964
6709.000000 0.245907
6710.000000 0.24585
6711.000000 0.245793
6711.852539 0.245726
6712.000000 0.245712
6713.000000 0.245637
6714.000000 0.245562
6715.000000 0.245467
6716.000000 0.245392
6717.000000 0.245317
6718.000000 0.245243
6719.000000 0.245147
6720.000000 0.245072
6721.000000 0.244998
6721.854980 0.244934
6722.000000 0.244927
6723.000000 0.24486
6724.000000 0.244814
6725.000000 0.244769
6726.000000 0.244702
6727.000000 0.244656
6728.000000 0.24461
6729.000000 0.244564
6730.000000 0.244498
6731.000000 0.244452
6731.857910 0.244412
6732.000000 0.244418
6733.000000 0.244435
6734.000000 0.244473
6735.000000 0.24451
6736.000000 0.244548
6737.000000 0.244565
6738.000000 0.244603
6739.000000 0.244641
6740.000000 0.244657
6741.000000 0.244695
6741.860352 0.244727
6742.000000 0.244751
6743.000000 0.244922
6744.000000 0.245071
6745.000000 0.245242
6746.000000 0.245412
6747.000000 0.245561
6748.000000 0.245732
6749.000000 0.245902
6750.000000 0.246072
6751.000000 0.24622
6751.863281 0.246367
6752.000000 0.246392
6753.000000 0.246576
6754.000000 0.246739
6755.000000 0.246922
6756.000000 0.247106
6757.000000 0.24729
6758.000000 0.247452
6759.000000 0.247635
6760.000000 0.247818
6761.000000 0.24798
6761.865723 0.248138
6762.000000 0.248158
6763.000000 0.248301
6764.000000 0.248424
6765.000000 0.248567
6766.000000 0.248711
6767.000000 0.248854
6768.000000 0.248976
6769.000000 0.24912
6770.000000 0.249263
6771.000000 0.249384
6771.868652 0.249508
6772.000000 0.249517
6773.000000 0.249587
6774.000000 0.249656
6775.000000 0.249703
6776.000000 0.249773
6777.000000 0.249842
6778.000000 0.249889
6779.000000 0.249958
6780.000000 0.250027
6781.000000 0.250095
6781.871094 0.250136
6782.000000 0.250135
6783.000000 0.250142
6784.000000 0.25015
6785.000000 0.250136
6786.000000 0.250144
6787.000000 0.250151
6788.000000 0.250137
6789.000000 0.250145
6790.000000 0.250152
6791.000000 0.250159
6791.874023 0.250147
6792.000000 0.250147
6793.000000 0.250164
6794.000000 0.250182
6795.000000 0.250179
6796.000000 0.250196
6797.000000 0.250214
6798.000000 0.250232
6799.000000 0.250228
6800.000000 0.250246
6801.000000 0.250264
6801.876465 0.25026
6802.000000 0.250257
6803.000000 0.250249
6804.000000 0.250242
6805.000000 0.250213
6806.000000 0.250205
6807.000000 0.250198
6808.000000 0.25019
6809.000000 0.250161
6810.000000 0.250154
6811.000000 0.250146
6811.879395 0.250121
6812.000000 0.25011
6813.000000 0.250048
6814.000000 0.249986
6815.000000 0.249902
6816.000000 0.249839
6817.000000 0.249777
6818.000000 0.249715
6819.000000 0.249631
6820.000000 0.249569
6821.000000 0.249506
6821.882324 0.249432
6822.000000 0.24941
6823.000000 0.249239
6824.000000 0.249069
6825.000000 0.248877
6826.000000 0.248706
6827.000000 0.248536
6828.000000 0.248365
6829.000000 0.248174
6830.000000 0.248004
6831.000000 0.247839
6831.884766 0.247675
6832.000000 0.247641
6833.000000 0.247373
6834.000000 0.247104
6835.000000 0.246814
6836.000000 0.246546
6837.000000 0.246278
6838.000000 0.245988
6839.000000 0.24572
6840.000000 0.245452
6841.000000 0.245184
6841.887695 0.244928
6842.000000 0.244894
6843.000000 0.244613
6844.000000 0.244332
6845.000000 0.244031
6846.000000 0.24375
6847.000000 0.24347
6848.000000 0.243169
6849.000000 0.242889
6850.000000 0.242609
6851.000000 0.242329
6851.890137 0.242061
6852.000000 0.242031
6853.000000 0.241774
6854.000000 0.241517
6855.000000 0.24124
6856.000000 0.240984
6857.000000 0.240727
6858.000000 0.24045
6859.000000 0.240194
6860.000000 0.239938
6861.000000 0.239662
6861.892578 0.239433
6862.000000 0.239411
6863.000000 0.239207
6864.000000 0.238983
6865.000000 0.238779
6866.000000 0.238575
6867.000000 0.238372
6868.000000 0.238148
6869.000000 0.237944
6870.000000 0.237741
6871.000000 0.237517
6871.895508 0.237335
6872.000000 0.237313
6873.000000 0.237104
6874.000000 0.236874
6875.000000 0.236665
6876.000000 0.236456
6877.000000 0.236226
6878.000000 0.236017
6879.000000 0.235808
6880.000000 0.2356
6881.000000 0.23537
6881.898438 0.235183
6882.000000 0.23516
6883.000000 0.234938
6884.000000 0.234695
6885.000000 0.234473
6886.000000 0.234251
6887.000000 0.234008
6888.000000 0.233786
6889.000000 0.233564
6890.000000 0.233322
6891.000000 0.2331
6891.900879 0.232901
6892.000000 0.23288
6893.000000 0.232649
6894.000000 0.232438
6895.000000 0.232227
6896.000000 0.231996
6897.000000 0.231785
6898.000000 0.231574
6899.000000 0.231364
6900.000000 0.231133
6901.000000 0.230923
6901.903809 0.230733
6902.000000 0.230716
6903.000000 0.230524
6904.000000 0.230351
6905.000000 0.230178
6906.000000 0.229986
6907.000000 0.229813
6908.000000 0.229641
6909.000000 0.229449
6910.000000 0.229276
6911.000000 0.229104
6911.906250 0.22893
6912.000000 0.228923
6913.000000 0.228865
6914.000000 0.228807
6915.000000 0.22873
6916.000000 0.228672
6917.000000 0.228614
6918.000000 0.228556
6919.000000 0.228479
6920.000000 0.228421
6921.000000 0.228363
6921.909180 0.228293
6922.000000 0.228293
6923.000000 0.22831
6924.000000 0.228327
6925.000000 0.228325
6926.000000 0.228342
6927.000000 0.228359
6928.000000 0.228357
6929.000000 0.228374
6930.000000 0.228391
6931.000000 0.228389
6931.911621 0.228404
6932.000000 0.228405
6933.000000 0.228419
6934.000000 0.228413
6935.000000 0.228427
6936.000000 0.228441
6937.000000 0.228435
6938.000000 0.228449
6939.000000 0.228463
6940.000000 0.228457
6941.000000 0.22847
6941.914551 0.228483
6942.000000 0.228479
6943.000000 0.228418
6944.000000 0.228377
6945.000000 0.228335
6946.000000 0.228274
6947.000000 0.228233
6948.000000 0.228192
6949.000000 0.228131
6950.000000 0.228089
6951.000000 0.228048
6951.916992 0.22801
6952.000000 0.228002
6953.000000 0.227887
6954.000000 0.227791
6955.000000 0.227696
6956.000000 0.227581
6957.000000 0.227485
6958.000000 0.22739
6959.000000 0.227275
6960.000000 0.22718
6961.000000 0.227084
6961.919922 0.226979
6962.000000 0.226969
6963.000000 0.22687
6964.000000 0.226771
6965.000000 0.226652
6966.000000 0.226553
6967.000000 0.226453
6968.000000 0.226335
6969.000000 0.226235
6970.000000 0.226136
6971.000000 0.226018
6971.922363 0.225927
6972.000000 0.225924
6973.000000 0.225888
6974.000000 0.225833
6975.000000 0.225797
6976.000000 0.225761
6977.000000 0.225706
6978.000000 0.22567
6979.000000 0.225634
6980.000000 0.225579
6981.000000 0.225543
6981.925293 0.22551
6982.000000 0.225518
6983.000000 0.225604
6984.000000 0.22571
6985.000000 0.225815
6986.000000 0.225901
6987.000000 0.226006
6988.000000 0.226112
6989.000000 0.226197
6990.000000 0.226303
6991.000000 0.226408
6991.927734 0.226487
6992.000000 0.226504
6993.000000 0.226758
6994.000000 0.227012
6995.000000 0.227247
6996.000000 0.227501
6997.000000 0.227755
6998.000000 0.227989
6999.000000 0.228242
7000.000000 0.228495
7001.000000 0.228716
7001.930664 0.22894
7002.000000 0.228964
7003.000000 0.229306
7004.000000 0.229629
7005.000000 0.229971
7006.000000 0.230313
7007.000000 0.230634
7008.000000 0.230976
7009.000000 0.231317
7010.000000 0.231638
7011.000000 0.231979
7011.933105 0.232297
7012.000000 0.232313
7013.000000 0.232535
7014.000000 0.232776
7015.000000 0.233018
7016.000000 0.233239
7017.000000 0.233481
7018.000000 0.233722
7019.000000 0.233943
7020.000000 0.234184
7021.000000 0.234424
7021.936035 0.234631
7022.000000 0.234606
7023.000000 0.234244
7024.000000 0.233882
7025.000000 0.2335
7026.000000 0.233138
7027.000000 0.232756
7028.000000 0.232395
7029.000000 0.232034
7030.000000 0.231653
7031.000000 0.231284
7031.938477 0.230938
7032.000000 0.230835
7033.000000 0.229148
7034.000000 0.227483
7035.000000 0.225818
7036.000000 0.224135
7037.000000 0.222472
7038.000000 0.220811
7039.000000 0.219131
7040.000000 0.217471
7041.000000 0.215813
7041.941406 0.214235
7042.000000 0.214031
7043.000000 0.21057
7044.000000 0.207111
7045.000000 0.203637
7046.000000 0.200182
7047.000000 0.19673
7048.000000 0.193263
7049.000000 0.189815
7050.000000 0.186369
7051.000000 0.182909
7051.943848 0.179661
7052.000000 0.179392
7053.000000 0.174594
7054.000000 0.169784
7055.000000 0.164993
7056.000000 0.160204
7057.000000 0.155404
7058.000000 0.150622
7059.000000 0.145829
7060.000000 0.141053
7061.000000 0.136279
7061.946777 0.131752
7062.000000 0.1315
7063.000000 0.126784
7064.000000 0.122071
7065.000000 0.11735
7066.000000 0.112643
7067.000000 0.107938
7068.000000 0.103228
7069.000000 0.0985295
7070.000000 0.093834
7071.000000 0.0891336
7071.949219 0.0846822
7072.000000 0.0845085
7073.000000 0.0810893
7074.000000 0.0776653
7075.000000 0.0742505
7076.000000 0.0708377
7077.000000 0.0674211
7078.000000 0.0640126
7079.000000 0.0606063
7080.000000 0.057197
7081.000000 0.053795
7081.952148 0.0505535
7082.000000 0.0504518
7083.000000 0.0483328
7084.000000 0.0462151
7085.000000 0.0440948
7086.000000 0.0419797
7087.000000 0.039866
7088.000000 0.0377502
7089.000000 0.0356392
7090.000000 0.0335294
7091.000000 0.0314182
7091.954590 0.0294068
7092.000000 0.0293492
7093.000000 0.0280824
7094.000000 0.026814
7095.000000 0.0255488
7096.000000 0.0242844
7097.000000 0.0230187
7098.000000 0.0217559
7099.000000 0.0204921
7100.000000 0.0192309
7101.000000 0.0179704
7101.957520 0.0167629
7102.000000 0.016733
7103.000000 0.0160323
7104.000000 0.015332
7105.000000 0.0146308
7106.000000 0.0139314
7107.000000 0.0132324
7108.000000 0.0125327
7109.000000 0.0118346
7110.000000 0.0111369
7111.000000 0.0104387
7111.959961 0.00976984
7112.000000 0.00975441
7113.000000 0.00936826
7114.000000 0.00898319
7115.000000 0.00859835
7116.000000 0.00821302
7117.000000 0.00782868
7118.000000 0.00744456
7119.000000 0.00706006
7120.000000 0.00667643
7121.000000 0.00629304
7121.962891 0.0059236
7122.000000 0.00591515
7123.000000 0.00568804
7124.000000 0.00546107
7125.000000 0.00523378
7126.000000 0.00500711
7127.000000 0.00478015
7128.000000 0.00455376
7129.000000 0.00432751
7130.000000 0.00410104
7131.000000 0.00387508
7131.965332 0.00365708
7132.000000 0.00365234
7133.000000 0.00351532
7134.000000 0.00337871
7135.000000 0.00324217
7136.000000 0.00310545
7137.000000 0.00296909
7138.000000 0.00283256
7139.000000 0.00269638
7140.000000 0.00256028
7141.000000 0.00242405
7141.968262 0.00229243
7142.000000 0.00228983
7143.000000 0.00220786
7144.000000 0.00212576
7145.000000 0.0020439
7146.000000 0.00196209
7147.000000 0.00188016
7148.000000 0.00179845
7149.000000 0.00171664
7150.000000 0.00163504
7151.000000 0.00155349
7151.970703 0.00147425
7152.000000 0.00147277
7153.000000 0.00142242
7154.000000 0.0013721
7155.000000 0.0013217
7156.000000 0.00127144
7157.000000 0.00122122
7158.000000 0.00117092
7159.000000 0.00112076
7160.000000 0.00107054
7161.000000 0.00102045
7161.973633 0.000971701
7162.000000 0.000970882
7163.000000 0.000939761
7164.000000 0.000908742
7165.000000 0.000877743
7166.000000 0.000846687
7167.000000 0.000815727
7168.000000 0.000784786
7169.000000 0.000753797
7170.000000 0.000722895
7171.000000 0.000691952
7171.976074 0.000661828
7172.000000 0.000661303
7173.000000 0.000639385
7174.000000 0.000617427
7175.000000 0.000595537
7176.000000 0.00057366
7177.000000 0.000551748
7178.000000 0.0005299
7179.000000 0.00050802
7180.000000 0.000486199
7181.000000 0.000464392
7181.979004 0.000443017
7182.000000 0.000442745
7183.000000 0.000429836
7184.000000 0.000416934
7185.000000 0.000404004
7186.000000 0.000391119
7187.000000 0.000378241
7188.000000 0.000365339
7189.000000 0.000352478
7190.000000 0.000339595
7191.000000 0.00032675
7191.981934 0.000314145
7192.000000 0.000313977
7193.000000 0.000304623
7194.000000 0.000295302
7195.000000 0.000285986
7196.000000 0.000276652
7197.000000 0.000267348
7198.000000 0.000258027
7199.000000 0.000248736
7200.000000 0.000239449
7201.000000 0.000230149
7201.984375 0.00022102
7202.000000 0.000220913
7203.000000 0.000214086
7204.000000 0.000207244
7205.000000 0.000200426
7206.000000 0.000193594
7207.000000 0.000186784
7208.000000 0.000179979
7209.000000 0.000173162
7210.000000 0.000166365
7211.000000 0.000159572
7211.987305 0.000152856
7212.000000 0.000152798
7213.000000 0.000148252
7214.000000 0.000143695
7215.000000 0.000139155
7216.000000 0.000134617
7217.000000 0.00013007
7218.000000 0.000125538
7219.000000 0.000121009
7220.000000 0.000116472
7221.000000 0.000111948
7221.989746 0.000107465
7222.000000 0.000107438
7223.000000 0.00010486
7224.000000 0.000102284
7225.000000 9.97002e-05
7226.000000 9.71271e-05
7227.000000 9.45473e-05
7228.000000 9.19775e-05
7229.000000 8.94092e-05
7230.000000 8.68349e-05
7231.000000 8.42666e-05
7231.992676 8.17188e-05
7232.000000 8.17028e-05
7233.000000 7.95175e-05
7234.000000 7.73408e-05
7235.000000 7.5159e-05
7236.000000 7.29855e-05
7237.000000 7.08134e-05
7238.000000 6.86368e-05
7239.000000 6.64678e-05
7240.000000 6.43004e-05
7241.000000 6.21289e-05
7241.995117 5.99752e-05
7242.000000 5.99658e-05
7243.000000 5.80386e-05
7244.000000 5.61181e-05
