6894.000000 4.90211e-05
6895.000000 5.20313e-05
6896.000000 5.50354e-05
6897.000000 5.80428e-05
6898.000000 6.10489e-05
6899.000000 6.40538e-05
6900.000000 6.70516e-05
6901.000000 7.00537e-05
6901.903809 7.27659e-05
6902.000000 7.32275e-05
6903.000000 7.80189e-05
6904.000000 8.28146e-05
6905.000000 8.76082e-05
6906.000000 9.23919e-05
6907.000000 9.71811e-05
6908.000000 0.000101968
6909.000000 0.000106744
6910.000000 0.000111527
6911.000000 0.000116308
6911.906250 0.000120629
6912.000000 0.000121177
6913.000000 0.000127035
6914.000000 0.00013289
6915.000000 0.000138731
6916.000000 0.000144581
6917.000000 0.000150428
6918.000000 0.000156273
6919.000000 0.000162102
6920.000000 0.000167941
6921.000000 0.000173778
6921.909180 0.000179069
6922.000000 0.000179901
6923.000000 0.000189076
6924.000000 0.000198247
6925.000000 0.000207396
6926.000000 0.000216558
6927.000000 0.000225717
6928.000000 0.000234851
6929.000000 0.000244001
6930.000000 0.000253147
6931.000000 0.000262267
6931.911621 0.000270597
6932.000000 0.000271936
6933.000000 0.000287082
6934.000000 0.000302196
6935.000000 0.000317328
6936.000000 0.000332454
6937.000000 0.000347543
6938.000000 0.000362655
6939.000000 0.000377761
6940.000000 0.000392826
6941.000000 0.000407917
6941.914551 0.000421713
6942.000000 0.000423817
6943.000000 0.000448393
6944.000000 0.000472996
6945.000000 0.000497588
6946.000000 0.000522124
6947.000000 0.000546693
6948.000000 0.000571252
6949.000000 0.000595749
6950.000000 0.000620285
6951.000000 0.000644811
6951.916992 0.000667292
6952.000000 0.000670481
6953.000000 0.000708826
6954.000000 0.000747213
6955.000000 0.000785585
6956.000000 0.000823868
6957.000000 0.000862204
6958.000000 0.000900523
6959.000000 0.000938745
6960.000000 0.000977029
6961.000000 0.0010153
6961.919922 0.0010504
6962.000000 0.00105535
6963.000000 0.00111723
6964.000000 0.00117909
6965.000000 0.00124081
6966.000000 0.00130261
6967.000000 0.00136438
6968.000000 0.001426
6969.000000 0.00148771
6970.000000 0.0015494
6971.000000 0.00161092
6971.922363 0.00166777
6972.000000 0.00167565
6973.000000 0.00177712
6974.000000 0.00187839
6975.000000 0.00197977
6976.000000 0.00208111
6977.000000 0.00218221
6978.000000 0.00228346
6979.000000 0.00238466
6980.000000 0.0024856
6981.000000 0.00258671
6981.925293 0.00268022
6982.000000 0.00269281
6983.000000 0.002861
6984.000000 0.00302936
6985.000000 0.00319765
6986.000000 0.00336557
6987.000000 0.0035337
6988.000000 0.00370176
6989.000000 0.00386941
6990.000000 0.00403731
6991.000000 0.00420514
6991.927734 0.00436043
6992.000000 0.00438118
6993.000000 0.00466856
6994.000000 0.00495582
6995.000000 0.00524251
6996.000000 0.0055295
6997.000000 0.00581638
6998.000000 0.0061026
6999.000000 0.00638921
7000.000000 0.0066757
7001.000000 0.00696107
7001.930664 0.00722707
7002.000000 0.00726015
7003.000000 0.00773711
7004.000000 0.00821311
7005.000000 0.00868953
7006.000000 0.0091657
7007.000000 0.00964077
7008.000000 0.0101164
7009.000000 0.0105918
7010.000000 0.0110659
7011.000000 0.0115407
7011.933105 0.0119835
7012.000000 0.0120367
7013.000000 0.0128304
7014.000000 0.0136247
7015.000000 0.0144185
7016.000000 0.0152106
7017.000000 0.0160036
7018.000000 0.0167961
7019.000000 0.0175867
7020.000000 0.0183783
7021.000000 0.0191695
7021.936035 0.0199081
7022.000000 0.0199918
7023.000000 0.0213028
7024.000000 0.022613
7025.000000 0.0239205
7026.000000 0.0252293
7027.000000 0.026535
7028.000000 0.0278423
7029.000000 0.0291488
7030.000000 0.030452
7031.000000 0.031756
7031.938477 0.032979
7032.000000 0.0331047
7033.000000 0.0351456
7034.000000 0.0371881
7035.000000 0.0392294
7036.000000 0.0412659
7037.000000 0.0433045
7038.000000 0.045342
7039.000000 0.047374
7040.000000 0.0494088
7041.000000 0.0514424
7041.941406 0.0533514
7042.000000 0.0535136
7043.000000 0.0562864
7044.000000 0.0590576
7045.000000 0.0618216
7046.000000 0.0645892
7047.000000 0.0673551
7048.000000 0.0701132
7049.000000 0.0728755
7050.000000 0.0756362
7051.000000 0.0783884
7051.943848 0.0809907
7052.000000 0.0811854
7053.000000 0.0846521
7054.000000 0.0881091
7055.000000 0.0915714
7056.000000 0.0950316
7057.000000 0.0984811
7058.000000 0.101937
7059.000000 0.105381
7060.000000 0.108832
7061.000000 0.112282
7061.946777 0.115536
7062.000000 0.115733
7063.000000 0.119446
7064.000000 0.123156
7065.000000 0.126853
7066.000000 0.130559
7067.000000 0.134263
7068.000000 0.137952
7069.000000 0.141651
7070.000000 0.145347
7071.000000 0.149028
7071.949219 0.152533
7072.000000 0.152694
7073.000000 0.155869
7074.000000 0.159029
7075.000000 0.1622
7076.000000 0.165369
7077.000000 0.168522
7078.000000 0.171687
7079.000000 0.17485
7080.000000 0.177996
7081.000000 0.181155
7081.952148 0.184146
7082.000000 0.184252
7083.000000 0.18647
7084.000000 0.188687
7085.000000 0.190886
7086.000000 0.1931
7087.000000 0.195312
7088.000000 0.197506
7089.000000 0.199716
7090.000000 0.201925
7091.000000 0.204114
7091.954590 0.206219
7092.000000 0.206281
7093.000000 0.207644
7094.000000 0.208987
7095.000000 0.210347
7096.000000 0.211707
7097.000000 0.213047
7098.000000 0.214405
7099.000000 0.215743
7100.000000 0.217099
7101.000000 0.218455
7101.957520 0.219733
7102.000000 0.219763
7103.000000 0.22048
7104.000000 0.221198
7105.000000 0.221895
7106.000000 0.222611
7107.000000 0.223327
7108.000000 0.224022
7109.000000 0.224737
7110.000000 0.225451
7111.000000 0.226145
7111.959961 0.22683
7112.000000 0.226842
7113.000000 0.227126
7114.000000 0.22743
7115.000000 0.227734
7116.000000 0.228017
7117.000000 0.22832
7118.000000 0.228623
7119.000000 0.228905
7120.000000 0.229208
7121.000000 0.22951
7121.962891 0.229781
7122.000000 0.229784
7123.000000 0.229873
7124.000000 0.229962
7125.000000 0.230031
7126.000000 0.230119
7127.000000 0.230188
7128.000000 0.230276
7129.000000 0.230365
7130.000000 0.230433
7131.000000 0.230522
7131.965332 0.230607
7132.000000 0.230607
7133.000000 0.230582
7134.000000 0.230578
7135.000000 0.230574
7136.000000 0.23055
7137.000000 0.230545
7138.000000 0.230521
7139.000000 0.230517
7140.000000 0.230512
7141.000000 0.230488
7141.968262 0.230484
7142.000000 0.230481
7143.000000 0.230415
7144.000000 0.230329
7145.000000 0.230263
7146.000000 0.230197
7147.000000 0.230111
7148.000000 0.230045
7149.000000 0.229959
7150.000000 0.229894
7151.000000 0.229828
7151.970703 0.229745
7152.000000 0.229741
7153.000000 0.229656
7154.000000 0.229571
7155.000000 0.229466
7156.000000 0.229381
7157.000000 0.229296
7158.000000 0.229191
7159.000000 0.229106
7160.000000 0.229001
7161.000000 0.228916
7161.973633 0.228833
7162.000000 0.22883
7163.000000 0.228697
7164.000000 0.228584
7165.000000 0.228471
7166.000000 0.228338
7167.000000 0.228226
7168.000000 0.228113
7169.000000 0.22798
7170.000000 0.227867
7171.000000 0.227735
7171.976074 0.227625
7172.000000 0.227622
7173.000000 0.227492
7174.000000 0.227343
7175.000000 0.227213
7176.000000 0.227083
7177.000000 0.226934
7178.000000 0.226805
7179.000000 0.226656
7180.000000 0.226526
7181.000000 0.226397
7181.979004 0.226251
7182.000000 0.226248
7183.000000 0.226093
7184.000000 0.225939
7185.000000 0.225765
7186.000000 0.225611
7187.000000 0.225457
7188.000000 0.225283
7189.000000 0.225129
7190.000000 0.224956
7191.000000 0.224802
7191.981934 0.224651
7192.000000 0.224648
7193.000000 0.224471
7194.000000 0.224313
7195.000000 0.224155
7196.000000 0.223978
7197.000000 0.22382
7198.000000 0.223643
7199.000000 0.223486
7200.000000 0.223328
7201.000000 0.223152
7201.984375 0.222997
7202.000000 0.222994
7203.000000 0.222831
7204.000000 0.222648
7205.000000 0.222485
7206.000000 0.222302
7207.000000 0.222139
7208.000000 0.221976
7209.000000 0.221794
7210.000000 0.221631
7211.000000 0.221468
7211.987305 0.221288
7212.000000 0.221286
7213.000000 0.221139
7214.000000 0.220972
7215.000000 0.220824
7216.000000 0.220677
7217.000000 0.22051
7218.000000 0.220363
7219.000000 0.220215
7220.000000 0.220049
7221.000000 0.219902
7221.989746 0.219737
7222.000000 0.219736
7223.000000 0.219587
7224.000000 0.219438
7225.000000 0.219271
7226.000000 0.219122
7227.000000 0.218955
7228.000000 0.218806
7229.000000 0.218658
7230.000000 0.218491
7231.000000 0.218334
7231.992676 0.218178
7232.000000 0.218177
7233.000000 0.218042
7234.000000 0.217925
7235.000000 0.21779
7236.000000 0.217673
7237.000000 0.217557
7238.000000 0.217421
7239.000000 0.217305
7240.000000 0.217189
7241.000000 0.217054
7241.995117 0.216938
7242.000000 0.216938
7243.000000 0.216827
7244.000000 0.216735
7245.000000 0.216643
7246.000000 0.216532
7247.000000 0.21644
7248.000000 0.21633
7249.000000 0.216238
7250.000000 0.216146
7251.000000 0.216036
7251.998047 0.215944
7252.000000 0.215944
7253.000000 0.215897
7254.000000 0.215831
7255.000000 0.215783
7256.000000 0.215717
7257.000000 0.21567
7258.000000 0.215622
7259.000000 0.215556
7260.000000 0.215509
7261.000000 0.215443
7262.000000 0.215396
7262.000488 0.215396
7263.000000 0.215354
7264.000000 0.215294
7265.000000 0.215253
7266.000000 0.215212
7267.000000 0.215152
7268.000000 0.215111
7269.000000 0.215051
7270.000000 0.21501
7271.000000 0.214969
7272.000000 0.214909
7272.003418 0.214909
7273.000000 0.214917
7274.000000 0.214906
7275.000000 0.214914
7276.000000 0.214923
7277.000000 0.214912
7278.000000 0.21492
7279.000000 0.214928
7280.000000 0.214917
7281.000000 0.214925
7282.000000 0.214914
7282.005859 0.214914
7283.000000 0.214929
7284.000000 0.214943
7285.000000 0.214939
7286.000000 0.214954
7287.000000 0.214949
7288.000000 0.214964
7289.000000 0.214978
7290.000000 0.214974
7291.000000 0.214988
7292.000000 0.214984
7292.008789 0.214984
7293.000000 0.215032
7294.000000 0.21508
7295.000000 0.215109
7296.000000 0.215158
7297.000000 0.215187
7298.000000 0.215235
7299.000000 0.215283
7300.000000 0.215312
7301.000000 0.21536
7302.000000 0.215408
7302.011230 0.215408
7303.000000 0.215435
7304.000000 0.215482
7305.000000 0.21551
7306.000000 0.215556
7307.000000 0.215603
7308.000000 0.21563
7309.000000 0.215677
7310.000000 0.215704
7311.000000 0.21575
7312.000000 0.215796
7312.014160 0.215797
7313.000000 0.215841
7314.000000 0.215905
7315.000000 0.21595
7316.000000 0.216014
7317.000000 0.216077
7318.000000 0.216122
7319.000000 0.216185
7320.000000 0.21623
7321.000000 0.216293
7322.000000 0.216356
7322.016602 0.216357
7323.000000 0.216401
7324.000000 0.216465
7325.000000 0.216509
7326.000000 0.216573
7327.000000 0.216636
7328.000000 0.21668
7329.000000 0.216743
7330.000000 0.216787
7331.000000 0.216851
7332.000000 0.216914
7332.019531 0.216914
7333.000000 0.216946
7334.000000 0.216997
7335.000000 0.217029
7336.000000 0.21708
7337.000000 0.217131
7338.000000 0.217163
7339.000000 0.217214
7340.000000 0.217246
7341.000000 0.217297
7342.000000 0.217347
7342.021973 0.217348
7343.000000 0.217383
7344.000000 0.217437
7345.000000 0.217472
7346.000000 0.217527
7347.000000 0.217581
7348.000000 0.217616
7349.000000 0.21767
7350.000000 0.217705
7351.000000 0.217759
7352.000000 0.217813
7352.024902 0.217813
7353.000000 0.217811
7354.000000 0.217828
7355.000000 0.217826
7356.000000 0.217843
7357.000000 0.21786
7358.000000 0.217857
7359.000000 0.217874
7360.000000 0.217872
7361.000000 0.217888
7362.000000 0.217905
7362.027344 0.217905
7363.000000 0.217889
7364.000000 0.217891
7365.000000 0.217874
7366.000000 0.217877
7367.000000 0.217879
7368.000000 0.217862
7369.000000 0.217864
7370.000000 0.217847
7371.000000 0.217849
7372.000000 0.217832
7372.030273 0.217833
7373.000000 0.217799
7374.000000 0.217765
7375.000000 0.217711
7376.000000 0.217676
7377.000000 0.217623
7378.000000 0.217588
7379.000000 0.217554
7380.000000 0.2175
7381.000000 0.217465
7382.000000 0.217412
7382.032715 0.217411
7383.000000 0.217362
7384.000000 0.217312
7385.000000 0.217243
7386.000000 0.217192
7387.000000 0.217123
7388.000000 0.217073
7389.000000 0.217023
7390.000000 0.216953
7391.000000 0.216903
7392.000000 0.216834
7392.035645 0.216832
7393.000000 0.216774
7394.000000 0.216694
7395.000000 0.216633
7396.000000 0.216573
7397.000000 0.216493
7398.000000 0.216432
7399.000000 0.216353
7400.000000 0.216292
7401.000000 0.216232
7402.000000 0.216152
7402.038086 0.21615
7403.000000 0.216034
7404.000000 0.215895
7405.000000 0.215774
7406.000000 0.215654
7407.000000 0.215515
7408.000000 0.215395
7409.000000 0.215256
7410.000000 0.215135
7411.000000 0.214997
7412.000000 0.214877
7412.041016 0.214872
7413.000000 0.21476
7414.000000 0.214625
7415.000000 0.214509
7416.000000 0.214374
7417.000000 0.214258
7418.000000 0.214142
7419.000000 0.214007
7420.000000 0.213891
7421.000000 0.213756
7422.000000 0.21364
7422.043457 0.213635
7423.000000 0.213474
7424.000000 0.213325
7425.000000 0.213176
7426.000000 0.213008
7427.000000 0.21286
7428.000000 0.212692
7429.000000 0.212543
7430.000000 0.212395
7431.000000 0.212239
7432.000000 0.212101
7432.046387 0.212094
7433.000000 0.211945
7434.000000 0.211807
7435.000000 0.21165
7436.000000 0.211512
7437.000000 0.211375
7438.000000 0.211218
7439.000000 0.211081
7440.000000 0.210925
7441.000000 0.210787
7442.000000 0.21065
7442.049316 0.210642
7443.000000 0.210488
7444.000000 0.210344
7445.000000 0.210182
7446.000000 0.210039
7447.000000 0.209877
7448.000000 0.209734
7449.000000 0.209591
7450.000000 0.209429
7451.000000 0.209286
7452.000000 0.209125
7452.051758 0.209117
7453.000000 0.208983
7454.000000 0.208824
7455.000000 0.208682
7456.000000 0.208541
7457.000000 0.208382
7458.000000 0.208241
7459.000000 0.208082
7460.000000 0.207941
7461.000000 0.207782
7462.000000 0.207641
7462.054688 0.207633
7463.000000 0.207502
7464.000000 0.207344
7465.000000 0.207205
7466.000000 0.207047
7467.000000 0.206908
7468.000000 0.206769
7469.000000 0.206612
7470.000000 0.206473
7471.000000 0.206316
7472.000000 0.206177
7472.057129 0.206169
7473.000000 0.206015
7474.000000 0.20587
7475.000000 0.205726
7476.000000 0.205563
7477.000000 0.205419
7478.000000 0.205256
7479.000000 0.205112
7480.000000 0.20495
7481.000000 0.204806
7482.000000 0.204662
7482.060059 0.204652
7483.000000 0.20455
7484.000000 0.20446
7485.000000 0.204352
7486.000000 0.204262
7487.000000 0.204154
7488.000000 0.204064
7489.000000 0.203973
7490.000000 0.203866
7491.000000 0.203776
7492.000000 0.203668
7492.062500 0.203663
7493.000000 0.203572
7494.000000 0.203457
7495.000000 0.20336
7496.000000 0.203263
7497.000000 0.203149
7498.000000 0.203052
7499.000000 0.202937
7500.000000 0.20284
7501.000000 0.202701
7502.000000 0.202579
7502.065430 0.202571
7503.000000 0.202499
7504.000000 0.202403
7505.000000 0.202325
7506.000000 0.20223
7507.000000 0.202152
7508.000000 0.202057
7509.000000 0.201979
7510.000000 0.201884
7511.000000 0.201806
7512.000000 0.201729
7512.067871 0.201723
7513.000000 0.20163
7514.000000 0.201549
7515.000000 0.20145
7516.000000 0.201368
7517.000000 0.201269
7518.000000 0.201188
7519.000000 0.201107
7520.000000 0.201008
7521.000000 0.200927
7522.000000 0.200828
7522.070801 0.200822
7523.000000 0.200775
7524.000000 0.200707
7525.000000 0.200656
7526.000000 0.200605
7527.000000 0.200537
7528.000000 0.200486
7529.000000 0.200418
7530.000000 0.200367
7531.000000 0.200299
7532.000000 0.200248
7532.073242 0.200243
7533.000000 0.200193
7534.000000 0.200156
7535.000000 0.200119
7536.000000 0.200064
7537.000000 0.200027
7538.000000 0.199972
7539.000000 0.199935
7540.000000 0.19988
7541.000000 0.199843
7542.000000 0.199806
7542.076172 0.199801
7543.000000 0.199772
7544.000000 0.199759
7545.000000 0.199727
7546.000000 0.199713
7547.000000 0.199681
7548.000000 0.199667
7549.000000 0.199636
7550.000000 0.199621
7551.000000 0.199607
7552.000000 0.199575
7552.078613 0.199574
7553.000000 0.19958
7554.000000 0.199568
7555.000000 0.199573
7556.000000 0.199561
7557.000000 0.199567
7558.000000 0.199555
7559.000000 0.19956
7560.000000 0.199565
7561.000000 0.199553
7562.000000 0.199558
7562.081543 0.199557
7563.000000 0.199553
7564.000000 0.199565
7565.000000 0.19956
7566.000000 0.199573
7567.000000 0.199567
7568.000000 0.19958
7569.000000 0.199592
7570.000000 0.199587
7571.000000 0.199599
7572.000000 0.199593
7572.083984 0.199594
7573.000000 0.199596
7574.000000 0.199579
7575.000000 0.199581
7576.000000 0.199564
7577.000000 0.199565
7578.000000 0.199566
7579.000000 0.19955
7580.000000 0.199551
7581.000000 0.199534
7582.000000 0.199535
7582.086914 0.199533
7583.000000 0.199542
7584.000000 0.199569
7585.000000 0.199578
7586.000000 0.199605
7587.000000 0.199632
7588.000000 0.199641
7589.000000 0.199668
7590.000000 0.199677
7591.000000 0.199704
7592.000000 0.199712
7592.089844 0.199715
7593.000000 0.199696
7594.000000 0.199658
7595.000000 0.199637
7596.000000 0.199598
7597.000000 0.199578
7598.000000 0.199557
7599.000000 0.199518
7600.000000 0.199497
7601.000000 0.199459
7602.000000 0.199438
7602.092285 0.199434
7603.000000 0.199428
7604.000000 0.199439
7605.000000 0.199432
7606.000000 0.199442
7607.000000 0.199453
7608.000000 0.199446
7609.000000 0.199456
7610.000000 0.199449
7611.000000 0.199459
7612.000000 0.199452
7612.095215 0.199453
7613.000000 0.199424
7614.000000 0.199375
7615.000000 0.199343
7616.000000 0.199294
7617.000000 0.199262
7618.000000 0.199231
7619.000000 0.199181
7620.000000 0.199149
7621.000000 0.1991
7622.000000 0.199068
7622.097656 0.199063
7623.000000 0.198997
7624.000000 0.198942
7625.000000 0.198869
7626.000000 0.198814
7627.000000 0.198741
7628.000000 0.198686
7629.000000 0.198631
7630.000000 0.198558
7631.000000 0.198481
7632.000000 0.198386
7632.100586 0.198378
7633.000000 0.198297
7634.000000 0.198189
7635.000000 0.198099
7636.000000 0.197991
7637.000000 0.197901
7638.000000 0.197793
7639.000000 0.197703
7640.000000 0.197613
7641.000000 0.197505
7642.000000 0.197415
7642.103027 0.197404
7643.000000 0.197285
7644.000000 0.197169
7645.000000 0.197037
7646.000000 0.196921
7647.000000 0.196789
7648.000000 0.196673
7649.000000 0.196541
7650.000000 0.196426
7651.000000 0.196293
7652.000000 0.196178
7652.105957 0.196166
7653.000000 0.196045
7654.000000 0.195892
7655.000000 0.195757
7656.000000 0.195604
7657.000000 0.195469
7658.000000 0.195316
7659.000000 0.195181
7660.000000 0.195029
7661.000000 0.194894
7662.000000 0.194742
7662.108398 0.194727
7663.000000 0.194603
7664.000000 0.194446
7665.000000 0.194307
7666.000000 0.194168
7667.000000 0.194012
7668.000000 0.193873
7669.000000 0.193717
7670.000000 0.193578
7671.000000 0.193422
7672.000000 0.193284
7672.111328 0.193266
7673.000000 0.193103
7674.000000 0.192936
7675.000000 0.192751
7676.000000 0.192585
7677.000000 0.192401
7678.000000 0.192234
7679.000000 0.192051
7680.000000 0.191884
7681.000000 0.191718
7682.000000 0.191535
7682.113770 0.191516
7683.000000 0.191363
7684.000000 0.191173
7685.000000 0.191001
7686.000000 0.190812
7687.000000 0.19064
7688.000000 0.190451
7689.000000 0.190279
7690.000000 0.19009
7691.000000 0.189918
7692.000000 0.18973
7692.116699 0.18971
7693.000000 0.189563
7694.000000 0.18938
7695.000000 0.189215
7696.000000 0.189049
7697.000000 0.188866
7698.000000 0.188701
7699.000000 0.188519
7700.000000 0.188353
7701.000000 0.188171
7702.000000 0.188006
7702.119141 0.187985
7703.000000 0.187813
7704.000000 0.187635
7705.000000 0.18744
7706.000000 0.187263
7707.000000 0.187068
7708.000000 0.186891
7709.000000 0.186697
7710.000000 0.18652
7711.000000 0.186326
7712.000000 0.186149
7712.122070 0.186127
7713.000000 0.185979
7714.000000 0.185793
7715.000000 0.185625
7716.000000 0.185439
7717.000000 0.185271
7718.000000 0.185086
7719.000000 0.184917
7720.000000 0.184733
7721.000000 0.184565
7722.000000 0.18438
7722.124512 0.184359
7723.000000 0.184216
7724.000000 0.184037
7725.000000 0.183873
7726.000000 0.183694
7727.000000 0.183531
7728.000000 0.183352
7729.000000 0.183189
7730.000000 0.18301
7731.000000 0.182848
7732.000000 0.182685
7732.127441 0.182663
7733.000000 0.182508
7734.000000 0.182348
7735.000000 0.182172
7736.000000 0.182012
7737.000000 0.181835
7738.000000 0.181675
7739.000000 0.181499
7740.000000 0.18134
7741.000000 0.181164
7742.000000 0.181005
7742.129883 0.180982
7743.000000 0.180845
7744.000000 0.180704
7745.000000 0.180547
7746.000000 0.180406
7747.000000 0.180249
7748.000000 0.180108
7749.000000 0.179951
7750.000000 0.179811
7751.000000 0.179654
7752.000000 0.179514
7752.132812 0.179493
7753.000000 0.179372
7754.000000 0.179248
7755.000000 0.179124
7756.000000 0.178985
7757.000000 0.178861
7758.000000 0.178722
7759.000000 0.178598
7760.000000 0.178459
7761.000000 0.178335
7762.000000 0.178196
7762.135254 0.17818
7763.000000 0.178079
7764.000000 0.177947
7765.000000 0.177831
7766.000000 0.177698
7767.000000 0.177582
7768.000000 0.17745
7769.000000 0.177334
7770.000000 0.177203
7771.000000 0.177087
7772.000000 0.176955
7772.138184 0.176939
7773.000000 0.176862
7774.000000 0.176758
7775.000000 0.176669
7776.000000 0.176564
7777.000000 0.176475
7778.000000 0.176371
7779.000000 0.176282
7780.000000 0.176178
7781.000000 0.176089
7782.000000 0.175985
7782.140625 0.175972
7783.000000 0.175879
7784.000000 0.175755
7785.000000 0.175647
7786.000000 0.175538
7787.000000 0.175415
7788.000000 0.175306
7789.000000 0.175183
7790.000000 0.175075
7791.000000 0.174951
7792.000000 0.174843
7792.143555 0.174825
7793.000000 0.174755
7794.000000 0.174689
7795.000000 0.174607
7796.000000 0.17454
7797.000000 0.174458
7798.000000 0.174392
7799.000000 0.17431
7800.000000 0.174243
7801.000000 0.174162
7802.000000 0.174095
7802.145996 0.174083
7803.000000 0.174002
7804.000000 0.173922
7805.000000 0.173826
7806.000000 0.173746
7807.000000 0.173651
7808.000000 0.173571
7809.000000 0.173475
7810.000000 0.173396
7811.000000 0.1733
7812.000000 0.17322
7812.148926 0.173206
7813.000000 0.173162
7814.000000 0.173127
7815.000000 0.173075
7816.000000 0.17304
7817.000000 0.172988
7818.000000 0.172952
7819.000000 0.172901
7820.000000 0.172865
7821.000000 0.172814
7822.000000 0.172778
7822.151367 0.17277
7823.000000 0.172709
7824.000000 0.172652
7825.000000 0.17258
7826.000000 0.172523
7827.000000 0.17245
7828.000000 0.172394
7829.000000 0.172321
7830.000000 0.172264
7831.000000 0.172208
7832.000000 0.172168
7832.154297 0.172159
7833.000000 0.17211
7834.000000 0.172067
7835.000000 0.172009
7836.000000 0.171967
7837.000000 0.171909
7838.000000 0.171866
7839.000000 0.171808
7840.000000 0.171765
7841.000000 0.171707
7842.000000 0.171665
7842.157227 0.171655
7843.000000 0.171612
7844.000000 0.171576
7845.000000 0.171525
7846.000000 0.171489
7847.000000 0.171438
7848.000000 0.171402
7849.000000 0.171351
7850.000000 0.171315
7851.000000 0.171264
7852.000000 0.171228
7852.159668 0.171219
7853.000000 0.171166
7854.000000 0.171117
7855.000000 0.171053
7856.000000 0.171005
7857.000000 0.170941
7858.000000 0.170892
7859.000000 0.170828
7860.000000 0.17078
7861.000000 0.170716
7862.000000 0.170667
7862.162598 0.170657
7863.000000 0.170625
7864.000000 0.170601
7865.000000 0.170562
7866.000000 0.170538
7867.000000 0.1705
7868.000000 0.170476
7869.000000 0.170437
7870.000000 0.170413
7871.000000 0.170374
7872.000000 0.17035
7872.165039 0.170344
7873.000000 0.170279
7874.000000 0.170216
7875.000000 0.170139
7876.000000 0.170076
7877.000000 0.169998
7878.000000 0.169936
7879.000000 0.169858
7880.000000 0.169796
7881.000000 0.169718
7882.000000 0.169656
7882.167969 0.169643
7883.000000 0.169594
7884.000000 0.169551
7885.000000 0.169493
7886.000000 0.16945
7887.000000 0.169391
7888.000000 0.169348
7889.000000 0.16929
7890.000000 0.169247
7891.000000 0.169189
7892.000000 0.169145
7892.170410 0.169135
7893.000000 0.169066
7894.000000 0.168998
7895.000000 0.168914
7896.000000 0.168846
7897.000000 0.168762
7898.000000 0.168694
7899.000000 0.16861
7900.000000 0.168542
7901.000000 0.168458
7902.000000 0.16839
7902.173340 0.168375
7903.000000 0.168294
7904.000000 0.168212
7905.000000 0.168114
7906.000000 0.168032
7907.000000 0.167934
7908.000000 0.167852
7909.000000 0.167755
7910.000000 0.167672
7911.000000 0.167575
7912.000000 0.167493
7912.175781 0.167476
7913.000000 0.167413
7914.000000 0.167352
7915.000000 0.167277
7916.000000 0.167216
7917.000000 0.16714
7918.000000 0.167079
7919.000000 0.167004
7920.000000 0.166943
7921.000000 0.166867
7922.000000 0.166806
7922.178711 0.166793
7923.000000 0.166711
7924.000000 0.166627
7925.000000 0.166528
7926.000000 0.166444
7927.000000 0.166345
7928.000000 0.166246
7929.000000 0.166162
7930.000000 0.166063
7931.000000 0.165979
7932.000000 0.16588
7932.181152 0.165865
7933.000000 0.165807
7934.000000 0.165721
7935.000000 0.16565
7936.000000 0.165565
7937.000000 0.165494
7938.000000 0.165408
7939.000000 0.165338
7940.000000 0.165252
7941.000000 0.165182
7942.000000 0.165096
7942.184082 0.165083
7943.000000 0.165013
7944.000000 0.164911
7945.000000 0.164825
7946.000000 0.164724
7947.000000 0.164638
7948.000000 0.164536
7949.000000 0.16445
7950.000000 0.164349
7951.000000 0.164263
7952.000000 0.164162
7952.186523 0.164146
7953.000000 0.164085
7954.000000 0.163996
7955.000000 0.163921
7956.000000 0.163831
7957.000000 0.163757
7958.000000 0.163667
7959.000000 0.163578
7960.000000 0.163503
7961.000000 0.163414
7962.000000 0.163339
7962.189453 0.163322
7963.000000 0.163249
7964.000000 0.163175
7965.000000 0.163086
7966.000000 0.163011
7967.000000 0.162922
7968.000000 0.162847
7969.000000 0.162758
7970.000000 0.162683
7971.000000 0.162594
7972.000000 0.16252
7972.191895 0.162503
7973.000000 0.162438
7974.000000 0.162373
7975.000000 0.162293
7976.000000 0.162227
7977.000000 0.162147
7978.000000 0.162081
7979.000000 0.162001
7980.000000 0.161936
7981.000000 0.161857
7982.000000 0.161778
7982.194824 0.161766
7983.000000 0.161705
7984.000000 0.161615
7985.000000 0.161539
7986.000000 0.161449
7987.000000 0.161373
7988.000000 0.161283
7989.000000 0.161208
7990.000000 0.161118
7991.000000 0.161045
7992.000000 0.160957
7992.197754 0.160943
7993.000000 0.160884
7994.000000 0.160797
7995.000000 0.160724
7996.000000 0.160636
7997.000000 0.160563
7998.000000 0.160475
7999.000000 0.160402
8000.000000 0.160314
8001.000000 0.160223
8002.000000 0.160145
8002.200195 0.160127
8003.000000 0.160069
8004.000000 0.160011
8005.000000 0.159938
8006.000000 0.15988
8007.000000 0.159807
8008.000000 0.159749
8009.000000 0.159677
8010.000000 0.159618
8011.000000 0.159548
8012.000000 0.159492
8012.203125 0.159477
8013.000000 0.159424
8014.000000 0.159371
8015.000000 0.159304
8016.000000 0.159251
8017.000000 0.159184
8018.000000 0.159117
8019.000000 0.159064
8020.000000 0.158996
8021.000000 0.158945
8022.000000 0.158878
8022.205566 0.158868
8023.000000 0.158819
8024.000000 0.158743
8025.000000 0.158682
8026.000000 0.158606
8027.000000 0.158545
8028.000000 0.158469
8029.000000 0.158408
8030.000000 0.158332
8031.000000 0.158273
8032.000000 0.158199
8032.208496 0.158184
8033.000000 0.158143
8034.000000 0.158106
8035.000000 0.158054
8036.000000 0.158016
8037.000000 0.157965
8038.000000 0.157927
8039.000000 0.157875
8040.000000 0.157838
8041.000000 0.157786
8042.000000 0.157749
8042.210938 0.157738
8043.000000 0.157667
8044.000000 0.157592
8045.000000 0.157503
8046.000000 0.157428
8047.000000 0.157338
8048.000000 0.157249
8049.000000 0.157174
8050.000000 0.157085
8051.000000 0.15701
8052.000000 0.156921
8052.213867 0.156905
8053.000000 0.156877
8054.000000 0.156828
8055.000000 0.156793
8056.000000 0.156744
8057.000000 0.156709
8058.000000 0.15666
8059.000000 0.156625
8060.000000 0.156576
8061.000000 0.156527
8062.000000 0.156491
8062.216309 0.156481
8063.000000 0.156412
8064.000000 0.156338
8065.000000 0.156251
8066.000000 0.156177
8067.000000 0.15609
8068.000000 0.156016
8069.000000 0.155929
8070.000000 0.155855
8071.000000 0.155768
8072.000000 0.155694
8072.219238 0.155675
8073.000000 0.155611
8074.000000 0.155528
8075.000000 0.15546
8076.000000 0.155378
8077.000000 0.15531
8078.000000 0.155227
8079.000000 0.155159
8080.000000 0.155077
8081.000000 0.155009
8082.000000 0.154926
8082.221680 0.154911
8083.000000 0.154852
8084.000000 0.154763
8085.000000 0.154673
8086.000000 0.154598
8087.000000 0.154509
8088.000000 0.154433
8089.000000 0.154344
8090.000000 0.154268
8091.000000 0.154179
8092.000000 0.154103
8092.224609 0.154083
8093.000000 0.154
8094.000000 0.153906
8095.000000 0.153798
8096.000000 0.153691
8097.000000 0.153597
8098.000000 0.15349
8099.000000 0.153396
8100.000000 0.153289
8101.000000 0.153195
8102.000000 0.153088
8102.227539 0.153066
8103.000000 0.152995
8104.000000 0.152888
8105.000000 0.152795
8106.000000 0.152688
8107.000000 0.152582
8108.000000 0.152489
8109.000000 0.152382
8110.000000 0.15229
8111.000000 0.152183
8112.000000 0.15209
8112.229980 0.152066
8113.000000 0.151974
8114.000000 0.151869
8115.000000 0.15175
8116.000000 0.151645
8117.000000 0.151526
8118.000000 0.151407
8119.000000 0.151302
8120.000000 0.151183
8121.000000 0.151078
8122.000000 0.150959
8122.232910 0.150935
8123.000000 0.150845
8124.000000 0.150714
8125.000000 0.150596
8126.000000 0.150466
8127.000000 0.150335
8128.000000 0.150218
8129.000000 0.150087
8130.000000 0.14997
8131.000000 0.14984
8132.000000 0.149723
8132.235352 0.149693
8133.000000 0.149579
8134.000000 0.149444
8135.000000 0.149296
8136.000000 0.149148
8137.000000 0.149013
8138.000000 0.148865
8139.000000 0.14873
8140.000000 0.148583
8141.000000 0.148448
8142.000000 0.1483
8142.238281 0.148268
8143.000000 0.148171
8144.000000 0.14803
8145.000000 0.147889
8146.000000 0.147761
8147.000000 0.14762
8148.000000 0.147493
8149.000000 0.147352
8150.000000 0.147225
8151.000000 0.147084
8152.000000 0.146957
8152.240723 0.146923
8153.000000 0.146822
8154.000000 0.146689
8155.000000 0.14657
8156.000000 0.146437
8157.000000 0.146317
8158.000000 0.146184
8159.000000 0.146065
8160.000000 0.145933
8161.000000 0.145813
8162.000000 0.145681
8162.243652 0.145649
8163.000000 0.145526
8164.000000 0.145378
8165.000000 0.145216
8166.000000 0.145068
8167.000000 0.144907
8168.000000 0.144759
8169.000000 0.144598
8170.000000 0.14445
8171.000000 0.144289
8172.000000 0.144129
8172.246094 0.144092
8173.000000 0.143982
8174.000000 0.143823
8175.000000 0.143677
8176.000000 0.143517
8177.000000 0.143372
8178.000000 0.143213
8179.000000 0.143054
8180.000000 0.142908
8181.000000 0.14275
8182.000000 0.142604
8182.249023 0.142565
8183.000000 0.142456
8184.000000 0.142324
8185.000000 0.142179
8186.000000 0.142047
8187.000000 0.141903
8188.000000 0.141758
8189.000000 0.141627
8190.000000 0.141482
8191.000000 0.141351
8192.000000 0.141207
8192.251953 0.141174
8193.000000 0.141072
8194.000000 0.140923
8195.000000 0.140773
8196.000000 0.140637
8197.000000 0.140488
8198.000000 0.140353
8199.000000 0.140204
8200.000000 0.140068
8201.000000 0.139921
8202.000000 0.139788
8202.253906 0.139751
8203.000000 0.13965
8204.000000 0.139516
8205.000000 0.139394
8206.000000 0.13926
8207.000000 0.139139
8208.000000 0.139004
8209.000000 0.138883
8210.000000 0.138749
8211.000000 0.138615
8212.000000 0.138494
8212.256836 0.13846
8213.000000 0.138359
8214.000000 0.138237
8215.000000 0.138102
8216.000000 0.13798
8217.000000 0.137845
8218.000000 0.13771
8219.000000 0.137588
8220.000000 0.137453
8221.000000 0.137331
8222.000000 0.137196
8222.259766 0.137165
8223.000000 0.137087
8224.000000 0.136969
8225.000000 0.136851
8226.000000 0.136746
8227.000000 0.136628
8228.000000 0.136523
8229.000000 0.136406
8230.000000 0.136301
8231.000000 0.136191
8232.000000 0.136082
8232.262695 0.136056
8233.000000 0.135991
8234.000000 0.13589
8235.000000 0.135801
8236.000000 0.1357
8237.000000 0.135612
8238.000000 0.135511
8239.000000 0.13541
8240.000000 0.135321
8241.000000 0.135221
8242.000000 0.135132
8242.264648 0.135106
8243.000000 0.13505
8244.000000 0.134987
8245.000000 0.134912
8246.000000 0.134837
8247.000000 0.134774
8248.000000 0.134699
8249.000000 0.134636
8250.000000 0.13456
8251.000000 0.134498
8252.000000 0.134422
8252.267578 0.134402
8253.000000 0.134346
8254.000000 0.134283
8255.000000 0.134206
8256.000000 0.134142
8257.000000 0.134066
8258.000000 0.134002
8259.000000 0.133926
8260.000000 0.13385
8261.000000 0.133786
8262.000000 0.13371
8262.270508 0.133693
8263.000000 0.133652
8264.000000 0.133584
8265.000000 0.133516
8266.000000 0.13346
8267.000000 0.133392
8268.000000 0.133336
8269.000000 0.133268
8270.000000 0.133212
8271.000000 0.133144
8272.000000 0.133076
8272.273438 0.133061
8273.000000 0.133036
8274.000000 0.132991
8275.000000 0.132958
8276.000000 0.132912
8277.000000 0.132879
8278.000000 0.132833
8279.000000 0.132788
8280.000000 0.132754
8281.000000 0.132709
8282.000000 0.132675
8282.276367 0.132663
8283.000000 0.13263
8284.000000 0.132585
8285.000000 0.132552
8286.000000 0.132506
8287.000000 0.132473
8288.000000 0.132428
8289.000000 0.132395
8290.000000 0.13235
8291.000000 0.132304
8292.000000 0.132271
8292.278320 0.132258
8293.000000 0.132248
8294.000000 0.132246
8295.000000 0.132232
8296.000000 0.132218
8297.000000 0.132216
8298.000000 0.132202
8299.000000 0.1322
8300.000000 0.132186
8301.000000 0.132184
8302.000000 0.132169
8302.281250 0.132165
8303.000000 0.13214
8304.000000 0.132117
8305.000000 0.132081
8306.000000 0.132058
8307.000000 0.132023
8308.000000 0.131987
8309.000000 0.131964
8310.000000 0.131929
8311.000000 0.131905
8312.000000 0.13187
8312.284180 0.13186
8313.000000 0.131851
8314.000000 0.131851
8315.000000 0.131839
8316.000000 0.131839
8317.000000 0.131827
8318.000000 0.131827
8319.000000 0.131815
8320.000000 0.131802
8321.000000 0.131802
8322.000000 0.131789
8322.287109 0.131789
8323.000000 0.131794
8324.000000 0.131789
8325.000000 0.131783
8326.000000 0.13179
8327.000000 0.131785
8328.000000 0.131791
8329.000000 0.131785
8330.000000 0.13178
8331.000000 0.131786
8332.000000 0.13178
8332.289062 0.131782
8333.000000 0.131792
8334.000000 0.131794
8335.000000 0.131808
8336.000000 0.131809
8337.000000 0.131811
8338.000000 0.131825
8339.000000 0.131826
8340.000000 0.13184
8341.000000 0.131841
8342.000000 0.131842
8342.291992 0.131846
8343.000000 0.13185
8344.000000 0.131843
8345.000000 0.131848
8346.000000 0.131841
8347.000000 0.131834
8348.000000 0.131839
8349.000000 0.131832
8350.000000 0.131837
8351.000000 0.13183
8352.000000 0.131823
8352.294922 0.131824
8353.000000 0.131823
8354.000000 0.131809
8355.000000 0.131807
8356.000000 0.131793
8357.000000 0.131779
8358.000000 0.131777
8359.000000 0.131763
8360.000000 0.131761
8361.000000 0.131746
8362.000000 0.131732
8362.297852 0.131731
8363.000000 0.131732
8364.000000 0.131722
8365.000000 0.131723
8366.000000 0.131712
8367.000000 0.131702
8368.000000 0.131703
8369.000000 0.131692
8370.000000 0.131693
8371.000000 0.131682
8372.000000 0.131671
8372.299805 0.131671
8373.000000 0.131673
8374.000000 0.131663
8375.000000 0.131666
8376.000000 0.131656
8377.000000 0.131646
8378.000000 0.131648
8379.000000 0.131638
8380.000000 0.13164
8381.000000 0.13163
8382.000000 0.131619
8382.302734 0.13162
8383.000000 0.131613
8384.000000 0.13159
8385.000000 0.131579
8386.000000 0.131556
8387.000000 0.131533
8388.000000 0.131523
8389.000000 0.1315
8390.000000 0.131489
8391.000000 0.131466
8392.000000 0.131442
8392.305664 0.131439
8393.000000 0.131427
8394.000000 0.131398
8395.000000 0.131381
8396.000000 0.131352
8397.000000 0.131323
8398.000000 0.131306
8399.000000 0.131276
8400.000000 0.131259
8401.000000 0.131239
8402.000000 0.131219
8402.308594 0.131217
8403.000000 0.131194
8404.000000 0.131148
8405.000000 0.131115
8406.000000 0.13107
8407.000000 0.131024
8408.000000 0.130991
8409.000000 0.130945
8410.000000 0.130912
8411.000000 0.130866
8412.000000 0.13082
8412.310547 0.13081
8413.000000 0.130791
8414.000000 0.130751
8415.000000 0.130724
8416.000000 0.130684
8417.000000 0.130645
8418.000000 0.130617
8419.000000 0.130577
8420.000000 0.130537
8421.000000 0.13051
8422.000000 0.13047
8422.313477 0.130461
8423.000000 0.130427
8424.000000 0.130366
8425.000000 0.130305
8426.000000 0.130256
8427.000000 0.130195
8428.000000 0.130146
8429.000000 0.130085
8430.000000 0.130024
8431.000000 0.129987
8432.000000 0.129938
8432.316406 0.129926
8433.000000 0.129894
8434.000000 0.129835
8435.000000 0.129777
8436.000000 0.12973
8437.000000 0.129671
8438.000000 0.129624
8439.000000 0.129565
8440.000000 0.129507
8441.000000 0.12946
8442.000000 0.129401
8442.319336 0.129382
8443.000000 0.129329
8444.000000 0.129262
8445.000000 0.129184
8446.000000 0.129117
8447.000000 0.129039
8448.000000 0.12896
8449.000000 0.128894
8450.000000 0.128816
8451.000000 0.128749
8452.000000 0.128671
8452.322266 0.128645
8453.000000 0.1286
8454.000000 0.128546
8455.000000 0.128479
8456.000000 0.128412
8457.000000 0.128358
8458.000000 0.128291
8459.000000 0.128236
8460.000000 0.12817
8461.000000 0.128103
8462.000000 0.128048
8462.324219 0.128026
8463.000000 0.12798
8464.000000 0.127924
8465.000000 0.127856
8466.000000 0.127788
8467.000000 0.127731
8468.000000 0.127663
8469.000000 0.127595
8470.000000 0.127538
8471.000000 0.12747
8472.000000 0.127414
8472.327148 0.127391
8473.000000 0.127332
8474.000000 0.127243
8475.000000 0.127166
8476.000000 0.127077
8477.000000 0.127
8478.000000 0.126911
8479.000000 0.126822
8480.000000 0.126745
8481.000000 0.126656
8482.000000 0.126568
8482.330078 0.126542
8483.000000 0.126397
8484.000000 0.126169
8485.000000 0.125953
8486.000000 0.125725
8487.000000 0.125498
8488.000000 0.125282
8489.000000 0.125054
8490.000000 0.124827
8491.000000 0.124612
8492.000000 0.124385
8492.333008 0.124314
8493.000000 0.124256
8494.000000 0.124157
8495.000000 0.124059
8496.000000 0.123972
8497.000000 0.123873
8498.000000 0.123775
8499.000000 0.123688
8500.000000 0.12359
8501.000000 0.123482
8502.000000 0.123363
8502.334961 0.123323
8503.000000 0.123259
8504.000000 0.123176
8505.000000 0.123081
8506.000000 0.122986
8507.000000 0.122903
8508.000000 0.122808
8509.000000 0.122724
8510.000000 0.122629
8511.000000 0.122535
8512.000000 0.122452
8512.337891 0.12242
8513.000000 0.122324
8514.000000 0.122178
8515.000000 0.122045
8516.000000 0.121899
8517.000000 0.121766
8518.000000 0.121621
8519.000000 0.121476
8520.000000 0.121342
8521.000000 0.121198
8522.000000 0.121053
8522.340820 0.121008
8523.000000 0.120958
8524.000000 0.120872
8525.000000 0.120797
8526.000000 0.120711
8527.000000 0.120624
8528.000000 0.120549
8529.000000 0.120463
8530.000000 0.120377
8531.000000 0.120301
8532.000000 0.120215
8532.343750 0.120189
8533.000000 0.120125
8534.000000 0.120017
8535.000000 0.119908
8536.000000 0.119811
8537.000000 0.119702
8538.000000 0.119593
8539.000000 0.119496
8540.000000 0.119387
8541.000000 0.11929
8542.000000 0.119182
8542.346680 0.119144
8543.000000 0.119076
8544.000000 0.118982
8545.000000 0.118877
8546.000000 0.118772
8547.000000 0.118679
8548.000000 0.118574
8549.000000 0.118469
8550.000000 0.118376
8551.000000 0.118271
8552.000000 0.118178
8552.348633 0.118141
8553.000000 0.118081
8554.000000 0.117988
8555.000000 0.117906
8556.000000 0.117813
8557.000000 0.11772
8558.000000 0.117638
8559.000000 0.117545
8560.000000 0.117452
8561.000000 0.11737
8562.000000 0.117277
8562.351562 0.117248
8563.000000 0.117193
8564.000000 0.117098
8565.000000 0.117002
8566.000000 0.116918
8567.000000 0.116822
8568.000000 0.116727
8569.000000 0.116642
8570.000000 0.116547
8571.000000 0.116451
8572.000000 0.116367
8572.354492 0.116333
8573.000000 0.116283
8574.000000 0.116216
8575.000000 0.116139
8576.000000 0.116061
8577.000000 0.115995
8578.000000 0.115917
8579.000000 0.11584
8580.000000 0.115773
8581.000000 0.115695
8582.000000 0.115618
8582.357422 0.115594
8583.000000 0.11554
8584.000000 0.115446
8585.000000 0.115362
8586.000000 0.115268
8587.000000 0.115173
8588.000000 0.11509
8589.000000 0.114995
8590.000000 0.114901
8591.000000 0.114817
8592.000000 0.114723
8592.359375 0.114689
8593.000000 0.114655
8594.000000 0.114612
8595.000000 0.114558
8596.000000 0.114504
8597.000000 0.114461
8598.000000 0.114407
8599.000000 0.114364
8600.000000 0.11431
8601.000000 0.114256
8602.000000 0.114213
8602.362305 0.114193
8603.000000 0.114151
8604.000000 0.114084
8605.000000 0.114028
8606.000000 0.113962
8607.000000 0.113895
8608.000000 0.113839
8609.000000 0.113772
8610.000000 0.113706
8611.000000 0.113649
8612.000000 0.113583
8612.365234 0.113562
8613.000000 0.113528
8614.000000 0.113464
8615.000000 0.113401
8616.000000 0.113347
8617.000000 0.113283
8618.000000 0.113219
8619.000000 0.113166
8620.000000 0.113102
8621.000000 0.113038
8622.000000 0.112984
8622.368164 0.11296
8623.000000 0.112926
8624.000000 0.11287
8625.000000 0.112825
8626.000000 0.11277
8627.000000 0.112714
8628.000000 0.112669
8629.000000 0.112614
8630.000000 0.112569
8631.000000 0.112536
8632.000000 0.112503
8632.370117 0.112494
8633.000000 0.112482
8634.000000 0.112451
8635.000000 0.11242
8636.000000 0.1124
8637.000000 0.112369
8638.000000 0.112338
8639.000000 0.112318
8640.000000 0.112287
8641.000000 0.112255
8642.000000 0.112235
8642.373047 0.112223
8643.000000 0.112221
8644.000000 0.112218
8645.000000 0.112225
8646.000000 0.112222
8647.000000 0.112219
8648.000000 0.112226
8649.000000 0.112222
8650.000000 0.112229
8651.000000 0.112226
8652.000000 0.112222
8652.375977 0.112224
8653.000000 0.112209
8654.000000 0.112173
8655.000000 0.112137
8656.000000 0.112112
8657.000000 0.112076
8658.000000 0.11204
8659.000000 0.112015
8660.000000 0.111979
8661.000000 0.111943
8662.000000 0.111917
8662.378906 0.111904
8663.000000 0.111901
8664.000000 0.111896
8665.000000 0.111902
8666.000000 0.111897
8667.000000 0.111892
8668.000000 0.111897
8669.000000 0.111892
8670.000000 0.111887
8671.000000 0.111892
8672.000000 0.111887
8672.381836 0.111885
8673.000000 0.111874
8674.000000 0.111867
8675.000000 0.11185
8676.000000 0.111843
8677.000000 0.111825
8678.000000 0.111807
8679.000000 0.1118
8680.000000 0.111782
8681.000000 0.111764
8682.000000 0.111757
8682.383789 0.11175
8683.000000 0.111738
8684.000000 0.111719
8685.000000 0.11171
8686.000000 0.111691
8687.000000 0.111671
8688.000000 0.111662
8689.000000 0.111643
8690.000000 0.111623
8691.000000 0.111614
8692.000000 0.111594
8692.386719 0.111586
8693.000000 0.111569
8694.000000 0.111552
8695.000000 0.111524
8696.000000 0.111495
8697.000000 0.111478
8698.000000 0.111449
8699.000000 0.111421
8700.000000 0.111403
8701.000000 0.111374
8702.000000 0.111346
8702.389648 0.111339
8703.000000 0.11132
8704.000000 0.11128
8705.000000 0.111239
8706.000000 0.111208
8707.000000 0.111167
8708.000000 0.111127
8709.000000 0.111096
8710.000000 0.111055
8711.000000 0.111014
8712.000000 0.110983
8712.392578 0.110967
8713.000000 0.110961
8714.000000 0.110952
8715.000000 0.110953
8716.000000 0.110943
8717.000000 0.110933
8718.000000 0.110934
8719.000000 0.110924
8720.000000 0.110914
8721.000000 0.110914
8722.000000 0.110904
8722.394531 0.1109
8723.000000 0.110875
8724.000000 0.110843
8725.000000 0.110801
8726.000000 0.110758
8727.000000 0.110726
8728.000000 0.110684
8729.000000 0.110641
8730.000000 0.110609
8731.000000 0.110566
8732.000000 0.110524
8732.397461 0.110511
8733.000000 0.110506
8734.000000 0.110487
8735.000000 0.110468
8736.000000 0.110459
8737.000000 0.11044
8738.000000 0.11042
8739.000000 0.110411
8740.000000 0.110392
8741.000000 0.110372
8742.000000 0.110363
8742.400391 0.110355
8743.000000 0.110343
8744.000000 0.110324
8745.000000 0.110314
8746.000000 0.110295
8747.000000 0.110275
8748.000000 0.110265
8749.000000 0.110245
8750.000000 0.110225
8751.000000 0.110216
8752.000000 0.110195
8752.403320 0.110187
8753.000000 0.110157
8754.000000 0.110117
8755.000000 0.110066
8756.000000 0.110016
8757.000000 0.109976
8758.000000 0.109925
8759.000000 0.109874
8760.000000 0.109834
8761.000000 0.109783
8762.000000 0.109732
8762.405273 0.109715
8763.000000 0.109694
8764.000000 0.109649
8765.000000 0.109603
8766.000000 0.109568
8767.000000 0.109522
8768.000000 0.109476
8769.000000 0.10944
8770.000000 0.109395
8771.000000 0.109349
8772.000000 0.109313
8772.408203 0.109294
8773.000000 0.109257
8774.000000 0.109195
8775.000000 0.109132
8776.000000 0.10908
8777.000000 0.109018
8778.000000 0.108955
8779.000000 0.108903
8780.000000 0.10884
8781.000000 0.108777
8782.000000 0.108725
8782.411133 0.108699
8783.000000 0.108676
8784.000000 0.108637
8785.000000 0.108608
8786.000000 0.108569
8787.000000 0.108529
8788.000000 0.1085
8789.000000 0.108461
8790.000000 0.108421
8791.000000 0.108392
8792.000000 0.108352
8792.414062 0.108336
8793.000000 0.108298
8794.000000 0.108244
8795.000000 0.10818
8796.000000 0.108115
8797.000000 0.108061
8798.000000 0.107996
8799.000000 0.107932
8800.000000 0.107877
8801.000000 0.107798
8802.000000 0.107719
8802.416016 0.107687
8803.000000 0.107636
8804.000000 0.107559
8805.000000 0.107472
8806.000000 0.107385
8807.000000 0.107308
8808.000000 0.107221
8809.000000 0.107134
8810.000000 0.107057
8811.000000 0.10697
8812.000000 0.106883
8812.418945 0.10685
8813.000000 0.106815
8814.000000 0.106742
8815.000000 0.10667
8816.000000 0.106608
8817.000000 0.106536
8818.000000 0.106464
8819.000000 0.106402
8820.000000 0.10633
8821.000000 0.106257
8822.000000 0.106185
8822.421875 0.106159
8823.000000 0.106111
8824.000000 0.106019
8825.000000 0.105926
8826.000000 0.105844
8827.000000 0.105751
8828.000000 0.105659
8829.000000 0.105576
8830.000000 0.105484
8831.000000 0.105408
8832.000000 0.105343
8832.424805 0.105311
8833.000000 0.105279
8834.000000 0.105223
8835.000000 0.105177
8836.000000 0.10512
8837.000000 0.105064
8838.000000 0.105018
8839.000000 0.104961
8840.000000 0.104905
8841.000000 0.104849
8842.000000 0.104802
8842.427734 0.104778
8843.000000 0.104731
8844.000000 0.104648
8845.000000 0.104575
8846.000000 0.104493
8847.000000 0.10441
8848.000000 0.104337
8849.000000 0.104255
8850.000000 0.104172
8851.000000 0.104099
8852.000000 0.104016
8852.429688 0.103981
8853.000000 0.103942
8854.000000 0.103875
8855.000000 0.103817
8856.000000 0.103749
8857.000000 0.103681
8858.000000 0.103623
8859.000000 0.103555
8860.000000 0.103487
8861.000000 0.103429
8862.000000 0.103361
8862.432617 0.103332
8863.000000 0.103294
8864.000000 0.103238
8865.000000 0.103172
8866.000000 0.103105
8867.000000 0.103039
8868.000000 0.102983
8869.000000 0.102916
8870.000000 0.10285
8871.000000 0.102793
8872.000000 0.102726
8872.435547 0.102697
8873.000000 0.102651
8874.000000 0.102579
8875.000000 0.102497
8876.000000 0.102415
8877.000000 0.102343
8878.000000 0.102261
8879.000000 0.102179
8880.000000 0.102096
8881.000000 0.102024
8882.000000 0.101942
8882.438477 0.101906
8883.000000 0.101868
8884.000000 0.101811
8885.000000 0.101744
8886.000000 0.101678
8887.000000 0.10162
8888.000000 0.101553
8889.000000 0.101486
8890.000000 0.101419
8891.000000 0.101362
8892.000000 0.101295
8892.440430 0.101265
8893.000000 0.101224
8894.000000 0.10116
8895.000000 0.101086
8896.000000 0.101012
8897.000000 0.100948
8898.000000 0.100875
8899.000000 0.100801
8900.000000 0.100727
8901.000000 0.100662
8902.000000 0.100588
8902.443359 0.100556
8903.000000 0.100514
8904.000000 0.100448
8905.000000 0.100373
8906.000000 0.100298
8907.000000 0.100233
8908.000000 0.100157
8909.000000 0.100082
8910.000000 0.100007
8911.000000 0.0999409
8912.000000 0.0998655
8912.446289 0.0998319
8913.000000 0.0997877
8914.000000 0.0997174
8915.000000 0.0996376
8916.000000 0.0995578
8917.000000 0.0994874
8918.000000 0.0994074
8919.000000 0.0993275
8920.000000 0.0992475
8921.000000 0.0991768
8922.000000 0.0990968
8922.449219 0.0990608
8923.000000 0.0990253
8924.000000 0.0989702
8925.000000 0.0989056
8926.000000 0.0988411
8927.000000 0.0987764
8928.000000 0.098721
8929.000000 0.0986563
8930.000000 0.0985914
8931.000000 0.0985359
8932.000000 0.0984709
8932.452148 0.0984415
8933.000000 0.0984023
8934.000000 0.0983401
8935.000000 0.0982684
8936.000000 0.0981968
8937.000000 0.098125
8938.000000 0.0980626
8939.000000 0.0979907
8940.000000 0.0979188
8941.000000 0.0978562
8942.000000 0.0977842
8942.454102 0.0977514
8943.000000 0.0977122
8944.000000 0.0976403
8945.000000 0.0975776
8946.000000 0.0975055
8947.000000 0.0974335
8948.000000 0.0973706
8949.000000 0.0972984
8950.000000 0.0972261
8951.000000 0.0971539
8952.000000 0.0970908
8952.457031 0.0970577
8953.000000 0.0970198
8954.000000 0.09695
8955.000000 0.0968894
8956.000000 0.0968195
8957.000000 0.0967495
8958.000000 0.0966887
8959.000000 0.0966186
8960.000000 0.0965484
8961.000000 0.0964783
8962.000000 0.0964172
8962.459961 0.0963849
8963.000000 0.0963477
8964.000000 0.0962788
8965.000000 0.096219
8966.000000 0.09615
8967.000000 0.0960809
8968.000000 0.0960118
8969.000000 0.0959517
8970.000000 0.0958825
8971.000000 0.0958133
8972.000000 0.0957531
8972.462891 0.095721
8973.000000 0.0956898
8974.000000 0.0956318
8975.000000 0.0955736
8976.000000 0.0955245
8977.000000 0.0954662
8978.000000 0.0954078
8979.000000 0.0953584
8980.000000 0.0952999
8981.000000 0.0952414
8982.000000 0.0951829
8982.464844 0.0951598
8983.000000 0.0951289
8984.000000 0.0950618
8985.000000 0.0949948
8986.000000 0.0949367
8987.000000 0.0948695
8988.000000 0.0948022
8989.000000 0.0947349
8990.000000 0.0946765
8991.000000 0.0946091
8992.000000 0.0945416
8992.467773 0.0945101
8993.000000 0.0944758
8994.000000 0.0944203
8995.000000 0.0943557
8996.000000 0.0942911
8997.000000 0.0942355
8998.000000 0.0941707
8999.000000 0.0941059
9000.000000 0.094041
9001.000000 0.0939865
9002.000000 0.093923
9002.470703 0.0938931
9003.000000 0.0938607
9004.000000 0.0938083
9005.000000 0.093747
9006.000000 0.0936856
9007.000000 0.0936241
9008.000000 0.0935716
9009.000000 0.0935101
9010.000000 0.0934485
9011.000000 0.093396
9012.000000 0.0933346
9012.473633 0.0933055
9013.000000 0.0932751
9014.000000 0.0932173
9015.000000 0.0931684
9016.000000 0.0931106
9017.000000 0.0930527
9018.000000 0.0929948
9019.000000 0.0929457
9020.000000 0.0928876
9021.000000 0.0928297
9022.000000 0.0927806
9022.476562 0.092753
9023.000000 0.0927187
9024.000000 0.0926532
9025.000000 0.0925877
9026.000000 0.092531
9027.000000 0.0924654
9028.000000 0.0923998
9029.000000 0.092343
9030.000000 0.0922773
9031.000000 0.0922175
9032.000000 0.0921576
9032.478516 0.0921332
9033.000000 0.0921126
9034.000000 0.0920644
9035.000000 0.0920161
9036.000000 0.0919677
9037.000000 0.0919281
9038.000000 0.0918796
9039.000000 0.0918311
9040.000000 0.0917912
9041.000000 0.0917427
9042.000000 0.0916942
9042.481445 0.0916708
9043.000000 0.0916445
9044.000000 0.0916025
9045.000000 0.0915517
9046.000000 0.0915008
9047.000000 0.0914499
9048.000000 0.0914077
9049.000000 0.0913567
9050.000000 0.0913056
9051.000000 0.0912633
9052.000000 0.0912122
9052.484375 0.0911875
9053.000000 0.0911597
9054.000000 0.0911058
9055.000000 0.0910605
9056.000000 0.0910065
9057.000000 0.0909524
9058.000000 0.0908982
9059.000000 0.0908528
9060.000000 0.0907985
9061.000000 0.0907443
9062.000000 0.0906901
9062.487305 0.0906679
9063.000000 0.0906478
9064.000000 0.0905999
9065.000000 0.0905519
9066.000000 0.0905125
9067.000000 0.0904643
9068.000000 0.0904161
9069.000000 0.0903679
9070.000000 0.0903282
9071.000000 0.09028
9072.000000 0.0902316
9072.489258 0.090208
9073.000000 0.0901811
9074.000000 0.0901371
9075.000000 0.0900845
9076.000000 0.0900317
9077.000000 0.0899789
9078.000000 0.0899347
9079.000000 0.0898818
9080.000000 0.0898288
9081.000000 0.0897845
9082.000000 0.0897316
9082.492188 0.0897055
9083.000000 0.0896784
9084.000000 0.089625
9085.000000 0.0895802
9086.000000 0.0895267
9087.000000 0.0894731
9088.000000 0.0894195
9089.000000 0.0893744
9090.000000 0.0893207
9091.000000 0.0892671
9092.000000 0.0892133
9092.495117 0.089191
9093.000000 0.089173
9094.000000 0.0891288
9095.000000 0.0890846
9096.000000 0.0890488
9097.000000 0.0890044
9098.000000 0.0889599
9099.000000 0.0889154
9100.000000 0.0888793
9101.000000 0.0888347
9102.000000 0.08879
9102.498047 0.0887677
9103.000000 0.0887387
9104.000000 0.0886893
9105.000000 0.0886313
9106.000000 0.0885733
9107.000000 0.0885152
9108.000000 0.0884656
9109.000000 0.0884074
9110.000000 0.0883491
9111.000000 0.0882909
9112.000000 0.0882412
9112.500000 0.0882121
9113.000000 0.0881874
9114.000000 0.088138
9115.000000 0.0880886
9116.000000 0.0880475
9117.000000 0.0879979
9118.000000 0.0879483
9119.000000 0.0878985
9120.000000 0.0878572
9121.000000 0.0878074
9122.000000 0.0877576
9122.502930 0.0877368
9123.000000 0.0877145
9124.000000 0.0876611
9125.000000 0.0876076
9126.000000 0.0875541
9127.000000 0.087509
9128.000000 0.0874554
9129.000000 0.0874017
9130.000000 0.0873479
9131.000000 0.0873026
9132.000000 0.0872489
9132.505859 0.0872216
9133.000000 0.0871956
9134.000000 0.0871428
9135.000000 0.0870984
9136.000000 0.0870455
9137.000000 0.0869925
9138.000000 0.0869395
9139.000000 0.0868948
9140.000000 0.0868417
9141.000000 0.0867886
9142.000000 0.0867354
9142.508789 0.0867126
9143.000000 0.0866884
9144.000000 0.0866308
9145.000000 0.0865731
9146.000000 0.0865154
9147.000000 0.0864659
9148.000000 0.0864081
9149.000000 0.0863502
9150.000000 0.0862922
9151.000000 0.0862426
9152.000000 0.0861846
9152.510742 0.086155
9153.000000 0.0861255
9154.000000 0.0860652
9155.000000 0.0860132
9156.000000 0.0859528
9157.000000 0.0858923
9158.000000 0.0858318
9159.000000 0.0857795
9160.000000 0.0857189
9161.000000 0.0856583
9162.000000 0.0855977
9162.513672 0.0855708
9163.000000 0.0855454
9164.000000 0.085485
9165.000000 0.0854246
9166.000000 0.0853641
9167.000000 0.0853117
9168.000000 0.0852511
9169.000000 0.0851904
9170.000000 0.0851297
9171.000000 0.0850772
9172.000000 0.0850165
9172.516602 0.0849851
9173.000000 0.0849563
9174.000000 0.0848966
9175.000000 0.0848451
9176.000000 0.0847853
9177.000000 0.0847255
9178.000000 0.0846656
9179.000000 0.0846138
9180.000000 0.0845538
9181.000000 0.0844939
9182.000000 0.0844338
9182.519531 0.0844068
9183.000000 0.0843787
9184.000000 0.0843121
9185.000000 0.0842453
9186.000000 0.0841786
9187.000000 0.0841199
9188.000000 0.084053
9189.000000 0.0839861
9190.000000 0.0839191
9191.000000 0.0838603
9192.000000 0.0837934
9192.522461 0.0837584
9193.000000 0.0837256
9194.000000 0.0836569
9195.000000 0.0835963
9196.000000 0.0835275
9197.000000 0.0834587
9198.000000 0.0833898
9199.000000 0.0833209
9200.000000 0.08326
9201.000000 0.0831857
9202.000000 0.0831114
9202.524414 0.0830724
9203.000000 0.0830389
9204.000000 0.0829764
9205.000000 0.0829058
9206.000000 0.0828351
9207.000000 0.0827645
9208.000000 0.0827018
9209.000000 0.082631
9210.000000 0.0825602
9211.000000 0.0824894
9212.000000 0.0824266
9212.527344 0.0823892
9213.000000 0.0823513
9214.000000 0.0822709
9215.000000 0.0821906
9216.000000 0.0821182
9217.000000 0.0820378
9218.000000 0.0819573
9219.000000 0.0818769
9220.000000 0.0818043
9221.000000 0.0817239
9222.000000 0.0816434
9222.530273 0.0816007
9223.000000 0.0815605
9224.000000 0.0814748
9225.000000 0.0813969
9226.000000 0.0813112
9227.000000 0.0812254
9228.000000 0.0811396
9229.000000 0.0810617
9230.000000 0.0809758
9231.000000 0.0808936
9232.000000 0.0808113
9232.533203 0.0807716
9233.000000 0.0807385
9234.000000 0.0806599
9235.000000 0.0805812
9236.000000 0.0805025
9237.000000 0.0804316
9238.000000 0.0803528
9239.000000 0.080274
9240.000000 0.0801952
9241.000000 0.0801163
9242.000000 0.0800453
9242.535156 0.0800031
9243.000000 0.0799653
9244.000000 0.0798839
9245.000000 0.0798026
9246.000000 0.0797289
9247.000000 0.0796475
9248.000000 0.0795661
9249.000000 0.0794846
9250.000000 0.0794108
9251.000000 0.0793293
9252.000000 0.0792478
9252.538086 0.079204
9253.000000 0.0791647
9254.000000 0.0790873
9255.000000 0.0790022
9256.000000 0.0789171
9257.000000 0.078832
9258.000000 0.0787469
9259.000000 0.0786694
9260.000000 0.0785842
9261.000000 0.078499
9262.000000 0.0784138
9262.541016 0.0783718
9263.000000 0.0783351
9264.000000 0.0782473
9265.000000 0.0781595
9266.000000 0.0780718
9267.000000 0.0779916
9268.000000 0.0779037
9269.000000 0.0778159
9270.000000 0.077728
9271.000000 0.0776402
9272.000000 0.0775599
9272.543945 0.0775122
9273.000000 0.0774737
9274.000000 0.0773895
9275.000000 0.0773052
9276.000000 0.0772284
9277.000000 0.0771441
9278.000000 0.0770597
9279.000000 0.0769754
9280.000000 0.076891
9281.000000 0.0768141
9282.000000 0.0767297
9282.546875 0.0766835
9283.000000 0.0766435
9284.000000 0.0765553
9285.000000 0.0764745
9286.000000 0.0763863
9287.000000 0.076298
9288.000000 0.0762097
9289.000000 0.0761288
9290.000000 0.0760405
9291.000000 0.0759522
9292.000000 0.0758639
9292.548828 0.0758154
9293.000000 0.0757782
9294.000000 0.075703
9295.000000 0.0756205
9296.000000 0.0755379
9297.000000 0.0754552
9298.000000 0.0753799
9299.000000 0.0752973
9300.000000 0.0752146
9301.000000 0.0751319
9302.000000 0.0750491
9302.551758 0.0750075
9303.000000 0.0749734
9304.000000 0.0748898
9305.000000 0.0748063
9306.000000 0.0747227
9307.000000 0.0746464
9308.000000 0.0745627
9309.000000 0.0744791
9310.000000 0.0743954
9311.000000 0.0743117
9312.000000 0.0742353
9312.554688 0.0741889
9313.000000 0.0741519
9314.000000 0.0740688
9315.000000 0.0739858
9316.000000 0.0739099
9317.000000 0.0738268
9318.000000 0.0737436
9319.000000 0.0736604
9320.000000 0.0735772
9321.000000 0.0735012
9322.000000 0.073418
9322.557617 0.0733716
9323.000000 0.0733365
9324.000000 0.0732571
9325.000000 0.0731777
9326.000000 0.0731055
9327.000000 0.073026
9328.000000 0.0729465
9329.000000 0.072867
9330.000000 0.0727945
9331.000000 0.072715
9332.000000 0.0726354
9332.559570 0.0725908
9333.000000 0.0725592
9334.000000 0.0724874
9335.000000 0.0724227
9336.000000 0.0723508
9337.000000 0.0722788
9338.000000 0.0722068
9339.000000 0.0721419
9340.000000 0.0720698
9341.000000 0.0719977
9342.000000 0.0719255
9342.562500 0.0718849
9343.000000 0.0718524
9344.000000 0.0717852
9345.000000 0.0717109
9346.000000 0.0716366
9347.000000 0.0715622
9348.000000 0.0714878
9349.000000 0.0714203
9350.000000 0.0713458
9351.000000 0.0712713
9352.000000 0.0711967
9352.565430 0.0711585
9353.000000 0.0711309
9354.000000 0.0710605
9355.000000 0.0709901
9356.000000 0.0709196
9357.000000 0.0708491
9358.000000 0.0707854
9359.000000 0.0707147
9360.000000 0.070644
9361.000000 0.0705733
9362.000000 0.0705025
9362.568359 0.0704662
9363.000000 0.0704402
9364.000000 0.0703731
9365.000000 0.0703059
9366.000000 0.0702387
9367.000000 0.0701714
9368.000000 0.070111
9369.000000 0.0700435
9370.000000 0.069976
9371.000000 0.0699085
9372.000000 0.0698477
9372.570312 0.0698092
9373.000000 0.069782
9374.000000 0.0697186
9375.000000 0.0696552
9376.000000 0.0695917
9377.000000 0.0695349
9378.000000 0.0694713
9379.000000 0.0694076
9380.000000 0.0693438
9381.000000 0.0692799
9382.000000 0.0692228
9382.573242 0.0691861
9383.000000 0.0691585
9384.000000 0.0690938
9385.000000 0.0690289
9386.000000 0.068964
9387.000000 0.0689059
9388.000000 0.0688408
9389.000000 0.0687757
9390.000000 0.0687105
9391.000000 0.0686453
9392.000000 0.0685867
9392.576172 0.0685491
9393.000000 0.0685213
9394.000000 0.0684558
9395.000000 0.0683903
9396.000000 0.0683247
9397.000000 0.0682657
9398.000000 0.0681999
9399.000000 0.0681341
9400.000000 0.0680681
9401.000000 0.0680017
9402.000000 0.0679285
9402.579102 0.0678861
9403.000000 0.0678555
9404.000000 0.0677826
9405.000000 0.0677097
9406.000000 0.0676434
9407.000000 0.0675704
9408.000000 0.0674973
9409.000000 0.0674241
9410.000000 0.0673509
9411.000000 0.0672843
9412.000000 0.067211
9412.582031 0.0671683
9413.000000 0.0671358
9414.000000 0.0670582
9415.000000 0.0669806
9416.000000 0.0669095
9417.000000 0.0668318
9418.000000 0.066754
9419.000000 0.0666761
9420.000000 0.0665983
9421.000000 0.0665269
9422.000000 0.0664489
9422.583984 0.0664034
9423.000000 0.0663681
9424.000000 0.0662832
9425.000000 0.0661983
9426.000000 0.0661199
9427.000000 0.0660349
9428.000000 0.0659499
9429.000000 0.0658649
9430.000000 0.0657798
9431.000000 0.0657055
9432.000000 0.0656247
9432.586914 0.0655773
9433.000000 0.0655406
9434.000000 0.0654519
9435.000000 0.0653631
9436.000000 0.0652807
9437.000000 0.0651918
9438.000000 0.065103
9439.000000 0.0650141
9440.000000 0.0649252
9441.000000 0.0648363
9442.000000 0.0647537
9442.589844 0.0647012
9443.000000 0.0646616
9444.000000 0.0645649
9445.000000 0.0644682
9446.000000 0.0643716
9447.000000 0.0642813
9448.000000 0.0641846
9449.000000 0.0640879
9450.000000 0.0639912
9451.000000 0.0638945
9452.000000 0.0638042
9452.592773 0.0637468
9453.000000 0.0637042
9454.000000 0.0635996
9455.000000 0.0634949
9456.000000 0.0633903
9457.000000 0.063292
9458.000000 0.0631874
9459.000000 0.0630828
9460.000000 0.0629783
9461.000000 0.0628737
9462.000000 0.0627754
9462.594727 0.0627132
9463.000000 0.062668
9464.000000 0.0625562
9465.000000 0.0624446
9466.000000 0.062333
9467.000000 0.0622275
9468.000000 0.062116
9469.000000 0.0620044
9470.000000 0.0618929
9471.000000 0.0617815
9472.000000 0.0616701
9472.597656 0.0616072
9473.000000 0.0615613
9474.000000 0.0614411
9475.000000 0.061321
9476.000000 0.0612009
9477.000000 0.061081
9478.000000 0.0609671
9479.000000 0.0608472
9480.000000 0.0607274
9481.000000 0.0606077
9482.000000 0.060488
9482.600586 0.0604197
9483.000000 0.0603714
9484.000000 0.0602446
9485.000000 0.0601179
9486.000000 0.0599913
9487.000000 0.0598647
9488.000000 0.0597383
9489.000000 0.0596178
9490.000000 0.0594915
9491.000000 0.0593652
9492.000000 0.0592391
9492.603516 0.059163
9493.000000 0.0591111
9494.000000 0.0589863
9495.000000 0.0588557
9496.000000 0.0587252
9497.000000 0.0585948
9498.000000 0.0584645
9499.000000 0.0583401
9500.000000 0.05821
9501.000000 0.0580997
9502.000000 0.0579896
9502.606445 0.0579228
9503.000000 0.0578772
9504.000000 0.0577614
9505.000000 0.0576514
9506.000000 0.0575358
9507.000000 0.0574202
9508.000000 0.0573047
9509.000000 0.0571894
9510.000000 0.0570797
9511.000000 0.0569645
9512.000000 0.0568493
9512.608398 0.0567793
9513.000000 0.0567312
9514.000000 0.0566084
9515.000000 0.0564857
9516.000000 0.0563688
9517.000000 0.0562463
9518.000000 0.0561239
9519.000000 0.0560016
9520.000000 0.0558795
9521.000000 0.0557629
9522.000000 0.0556409
9522.611328 0.0555664
9523.000000 0.0555168
9524.000000 0.0553892
9525.000000 0.0552618
9526.000000 0.0551344
9527.000000 0.0550127
9528.000000 0.0548856
9529.000000 0.0547586
9530.000000 0.0546317
9531.000000 0.0545049
9532.000000 0.0543837
9532.614258 0.0543059
9533.000000 0.0542469
9534.000000 0.0540939
9535.000000 0.0539412
9536.000000 0.0537886
9537.000000 0.0536362
9538.000000 0.0534893
9539.000000 0.0533372
9540.000000 0.0531853
9541.000000 0.0530336
9542.000000 0.052882
9542.617188 0.0527886
9543.000000 0.0527154
9544.000000 0.0525296
9545.000000 0.0523389
9546.000000 0.0521484
9547.000000 0.0519582
9548.000000 0.0517683
9549.000000 0.0515838
9550.000000 0.0513944
9551.000000 0.0512052
9552.000000 0.0510163
9552.619141 0.0508995
9553.000000 0.0508085
9554.000000 0.0505698
9555.000000 0.0503365
9556.000000 0.0500986
9557.000000 0.049861
9558.000000 0.0496239
9559.000000 0.0493871
9560.000000 0.0491507
9561.000000 0.0489196
9562.000000 0.048684
9562.622070 0.0485376
9563.000000 0.0484127
9564.000000 0.0480825
9565.000000 0.047753
9566.000000 0.0474241
9567.000000 0.0471005
9568.000000 0.0467729
9569.000000 0.0464458
9570.000000 0.0461193
9571.000000 0.0457935
9572.000000 0.0454728
9572.625000 0.0452698
9573.000000 0.0451013
9574.000000 0.0446526
9575.000000 0.0442049
9576.000000 0.043758
9577.000000 0.0433121
9578.000000 0.0428714
9579.000000 0.0424272
9580.000000 0.0419841
9581.000000 0.0415418
9582.000000 0.0411004
9582.627930 0.0408238
9583.000000 0.040633
9584.000000 0.0401251
9585.000000 0.0396142
9586.000000 0.0391045
9587.000000 0.0385959
9588.000000 0.0380883
9589.000000 0.0375819
9590.000000 0.0370803
9591.000000 0.036576
9592.000000 0.0360729
9592.630859 0.035756
9593.000000 0.0355383
9594.000000 0.0349495
9595.000000 0.0343619
9596.000000 0.0337791
9597.000000 0.0331942
9598.000000 0.0326106
9599.000000 0.0320284
9600.000000 0.0314475
9601.000000 0.0308668
9602.000000 0.0302905
9602.632812 0.0299246
9603.000000 0.0296925
9604.000000 0.0290616
9605.000000 0.0284321
9606.000000 0.0278042
9607.000000 0.0271779
9608.000000 0.0265557
9609.000000 0.0259323
9610.000000 0.0253105
9611.000000 0.0246902
9612.000000 0.0240714
9612.635742 0.0236788
9613.000000 0.0234778
9614.000000 0.0229294
9615.000000 0.02238
9616.000000 0.021832
9617.000000 0.0212853
9618.000000 0.02074
9619.000000 0.0201961
9620.000000 0.0196535
9621.000000 0.0191142
9622.000000 0.0185743
9622.638672 0.0182302
9623.000000 0.018059
9624.000000 0.0175858
9625.000000 0.0171138
9626.000000 0.016643
9627.000000 0.0161751
9628.000000 0.0157067
9629.000000 0.0152395
9630.000000 0.0147735
9631.000000 0.0143086
9632.000000 0.013845
9632.641602 0.013549
9633.000000 0.0134084
9634.000000 0.0130156
9635.000000 0.0126238
9636.000000 0.012233
9637.000000 0.0118433
9638.000000 0.0114546
9639.000000 0.011068
9640.000000 0.0106813
9641.000000 0.0102956
9642.000000 0.0099109
9642.643555 0.00966389
9643.000000 0.00956476
9644.000000 0.00928716
9645.000000 0.00901029
9646.000000 0.00873504
9647.000000 0.00845961
9648.000000 0.00818493
9649.000000 0.00791097
9650.000000 0.00763776
9651.000000 0.00736528
9652.000000 0.00709425
9652.646484 0.00691895
9653.000000 0.00684767
9654.000000 0.00664639
9655.000000 0.00644565
9656.000000 0.00624546
9657.000000 0.00604581
9658.000000 0.0058467
9659.000000 0.0056487
9660.000000 0.00545066
9661.000000 0.00525316
9662.000000 0.00505621
9662.649414 0.00492859
9663.000000 0.0048756
9664.000000 0.00472473
9665.000000 0.00457473
9666.000000 0.00442468
9667.000000 0.00427503
9668.000000 0.00412581
9669.000000 0.003977
9670.000000 0.00382861
9671.000000 0.00368063
9672.000000 0.00353342
9672.652344 0.00343737
9673.000000 0.00340242
9674.000000 0.00330206
9675.000000 0.00320198
9676.000000 0.00310219
9677.000000 0.00300267
9678.000000 0.00290373
9679.000000 0.00280476
9680.000000 0.00270608
9681.000000 0.00260767
9682.000000 0.00250955
9682.655273 0.0024454
9683.000000 0.00242168
9684.000000 0.002353
9685.000000 0.00228474
9686.000000 0.00221644
9687.000000 0.00214834
9688.000000 0.00208043
9689.000000 0.00201272
9690.000000 0.0019452
9691.000000 0.00187788
9692.000000 0.00181093
9692.657227 0.00176691
9693.000000 0.00174949
9694.000000 0.00169877
9695.000000 0.00164819
9696.000000 0.00159777
9697.000000 0.00154748
9698.000000 0.00149735
9699.000000 0.00144751
9700.000000 0.00139766
9701.000000 0.00134796
9702.000000 0.0012984
9702.660156 0.00126577
9703.000000 0.00125355
9704.000000 0.00121764
9705.000000 0.00118196
9706.000000 0.00114626
9707.000000 0.00111066
9708.000000 0.00107517
9709.000000 0.00103979
9710.000000 0.00100452
9711.000000 0.000969344
9712.000000 0.000934373
9712.663086 0.000911178
9713.000000 0.000902954
9714.000000 0.00087859
9715.000000 0.000854299
9716.000000 0.000830081
9717.000000 0.000805936
9718.000000 0.000781863
9719.000000 0.00075794
9720.000000 0.000734012
9721.000000 0.000710155
9722.000000 0.000686371
9722.666016 0.000670571
9723.000000 0.00066479
9724.000000 0.000647516
9725.000000 0.000630294
9726.000000 0.000613187
9727.000000 0.000596069
9728.000000 0.000579003
9729.000000 0.000561989
9730.000000 0.000545028
9731.000000 0.00052812
9732.000000 0.000511263
9732.667969 0.000500033
9733.000000 0.000495594
9734.000000 0.000482299
9735.000000 0.000468996
9736.000000 0.000455734
9737.000000 0.000442513
9738.000000 0.000429334
9739.000000 0.000416197
9740.000000 0.0004031
9741.000000 0.000390085
9742.000000 0.00037707
9742.670898 0.000368361
9743.000000 0.000365497
9744.000000 0.000356812
9745.000000 0.000348155
9746.000000 0.000339524
9747.000000 0.000330921
9748.000000 0.000322378
9749.000000 0.000313828
9750.000000 0.000305306
9751.000000 0.000296811
9752.000000 0.000288343
9752.673828 0.000282652
9753.000000 0.000280512
9754.000000 0.000273964
9755.000000 0.000267465
9756.000000 0.000260958
9757.000000 0.000254473
9758.000000 0.000248008
9759.000000 0.000241565
9760.000000 0.000235142
9761.000000 0.00022874
9762.000000 0.000222359
9762.676758 0.000218067
9763.000000 0.00021626
9764.000000 0.000210661
9765.000000 0.00020508
9766.000000 0.000199517
9767.000000 0.000193973
9768.000000 0.000188447
9769.000000 0.00018294
9770.000000 0.000177468
9771.000000 0.000171997
9772.000000 0.000166544
9772.679688 0.000162848
9773.000000 0.00016185
9774.000000 0.00015874
9775.000000 0.00015564
9776.000000 0.000152551
9777.000000 0.000149471
9778.000000 0.000146417
9779.000000 0.000143357
9780.000000 0.000140308
9781.000000 0.000137268
9782.000000 0.000134239
9782.681641 0.00013218
9783.000000 0.000131425
9784.000000 0.000129059
9785.000000 0.000126714
9786.000000 0.000124363
9787.000000 0.000122021
9788.000000 0.000119686
9789.000000 0.000117359
9790.000000 0.000115039
9791.000000 0.000112728
9792.000000 0.000110424
9792.684570 0.000108859
9793.000000 0.000107912
9794.000000 0.000104905
9795.000000 0.00010191
9796.000000 9.89246e-05
9797.000000 9.59499e-05
9798.000000 9.29858e-05
9799.000000 9.00323e-05
9800.000000 8.70893e-05
9801.000000 8.41605e-05
9802.000000 8.12337e-05
9802.687500 7.92279e-05
9803.000000 7.88275e-05
9804.000000 7.75493e-05
9805.000000 7.62755e-05
9806.000000 7.50062e-05
9807.000000 7.37413e-05
9808.000000 7.24809e-05
9809.000000 7.12322e-05
9810.000000 6.99805e-05
9811.000000 6.87332e-05
9812.000000 6.74903e-05
9812.690430 6.66348e-05
9813.000000 6.64328e-05
9814.000000 6.57819e-05
9815.000000 6.5133e-05
9816.000000 6.44862e-05
9817.000000 6.3848e-05
9818.000000 6.32053e-05
9819.000000 6.25647e-05
9820.000000 6.19261e-05
9821.000000 6.12896e-05
9822.000000 6.06551e-05
9822.692383 6.02171e-05
9823.000000 5.96081e-05
9824.000000 5.76333e-05
9825.000000 5.5672e-05
9826.000000 5.37124e-05
9827.000000 5.17606e-05
9828.000000 4.98164e-05
9829.000000 4.788e-05
