      18927.7     0.428082
      18939.4     0.428082
      18951.1     0.770548
      18962.8     0.770548
      18974.5     0.770548
      18986.2     0.856164
      18997.9      1.02740
      19009.6     0.941781
      19021.3     0.941781
      19033.0     0.941781
      19044.7     0.941781
      19056.4      1.15582
      19068.1      1.19863
      19079.8      1.24144
      19091.6      1.45548
      19103.3      1.62671
      19115.0      1.62671
      19126.7      1.96918
      19138.4      1.96918
      19150.1      2.31164
      19161.8      2.31164
      19173.5      2.65411
      19185.2      2.82534
      19196.9      2.99658
      19208.6      3.51027
      19220.3      3.85274
      19232.0      4.19521
      19243.7      4.88014
      19255.4      5.39384
      19267.1      6.07877
      19278.8      6.93493
      19290.6      7.96233
      19302.3      9.33219
      19314.0      10.5308
      19325.7      11.8151
      19337.4      14.1267
      19349.1      16.3527
      19360.8      19.2637
      19372.5      22.1747
      19384.2      25.7705
      19395.9      29.1952
      19407.6      33.3048
      19419.3      38.4418
      19431.0      44.2637
      19442.7      49.5719
      19454.4      55.5138
      19466.1      61.2158
      19477.8      67.2089
      19489.5      72.6884
      19501.3      77.8253
      19513.0      81.6781
      19524.7      85.7021
      19536.4      88.7842
      19548.1      90.8390
      19559.8      92.5391
      19571.5      93.9212
      19583.2      94.6062
      19594.9      94.7774
      19606.6      95.1199
      19618.3      95.2911
      19630.0      95.8048
      19641.7      95.6336
      19653.4      95.8048
      19665.1      95.4623
      19676.8      95.4623
      19688.5      95.4623
      19700.3      95.4623
      19712.0      95.6336
      19723.7      95.8048
      19735.4      95.8048
      19747.1      96.1473
      19758.8      96.1473
      19770.5      96.3185
      19782.2      96.4897
      19793.9      96.4897
      19805.6      96.4897
      19817.3      96.4897
      19829.0      96.4897
      19840.7      96.4897
      19852.4      96.4897
      19864.1      96.4897
      19875.8      96.1473
      19887.5      96.1473
      19899.2      95.8048
      19911.0      95.8048
      19922.7      95.6336
      19934.4      95.2911
      19946.1      94.9058
      19957.8      94.5634
      19969.5      94.2209
      19981.2      93.9640
      19992.9      93.7500
      20004.6      93.4075
      20016.3      93.2363
      20028.0      92.8938
      20039.7      92.3801
      20051.4      92.3801
      20063.1      92.2089
      20074.8      92.0377
      20086.5      91.6952
      20098.2      91.6952
      20109.9      91.6952
      20121.7      91.6952
      20133.4      91.6952
      20145.1      91.5240
      20156.8      91.6952
      20168.5      91.6952
      20180.2      91.6952
      20191.9      91.3527
      20203.6      91.5240
      20215.3      91.5240
      20227.0      91.6952
      20238.7      91.8664
      20250.4      92.0377
      20262.1      92.0377
      20273.8      92.2089
      20285.5      92.3801
      20297.2      92.5514
      20308.9      92.5514
      20320.7      92.3801
      20332.4      92.8938
      20344.1      93.0651
      20355.8      93.0651
      20367.5      93.2363
      20379.2      93.4075
      20390.9      93.9212
      20402.6      94.0925
      20414.3      94.0925
      20426.0      94.0925
      20437.7      94.4349
      20449.4      94.4349
      20461.1      94.6062
      20472.8      94.7774
      20484.5      95.1199
      20496.2      95.1199
      20507.9      95.1199
      20519.6      95.1199
      20531.4      95.4623
      20543.1      95.4623
      20554.8      95.9760
      20566.5      96.1473
      20578.2      96.1473
      20589.9      96.1473
      20601.6      96.1473
      20613.3      96.1473
      20625.0      96.1473
      20636.7      96.1473
      20648.4      96.1473
      20660.1      96.1473
      20671.8      96.1473
      20683.5      96.1473
      20695.2      96.1473
      20706.9      96.1473
      20718.6      96.1473
      20730.4      96.1473
      20742.1      96.1473
      20753.8      96.1473
      20765.5      96.1473
      20777.2      96.1473
      20788.9      96.1473
      20800.6      96.1473
      20812.3      96.1473
      20824.0      96.1473
      20835.7      95.9760
      20847.4      95.8048
      20859.1      95.8048
      20870.8      95.9760
      20882.5      95.8048
      20894.2      95.4623
      20905.9      95.4623
      20917.6      95.4623
      20929.3      95.2483
      20941.1      94.9058
      20952.8      94.7774
      20964.5      94.5205
      20976.2      94.4349
      20987.9      94.4349
      20999.6      94.4349
      21011.3      94.4349
      21023.0      94.4349
      21034.7      94.2637
      21046.4      94.0925
      21058.1      94.0925
      21069.8      93.9212
      21081.5      93.7500
      21093.2      93.7500
      21104.9      93.5788
      21116.6      93.2363
      21128.3      93.0651
      21140.1      93.0651
      21151.8      92.7226
      21163.5      92.3801
      21175.2      92.2089
      21186.9      92.0377
      21198.6      91.8664
      21210.3      92.0377
      21222.0      91.6952
      21233.7      91.3527
      21245.4      91.3527
      21257.1      91.1815
      21268.8      91.0103
      21280.5      91.0103
      21292.2      91.0103
      21303.9      90.7534
      21315.6      90.7249
      21327.3      90.6678
      21339.0      90.6678
      21350.8      90.4966
      21362.5      90.6678
      21374.2      90.6678
      21385.9      90.6678
      21397.6      90.4966
      21409.3      90.4966
      21421.0      90.5394
      21432.7      90.6250
      21444.4      90.8819
      21456.1      91.0103
      21467.8      91.1815
      21479.5      91.1815
      21491.2      91.1815
      21502.9      91.1815
      21514.6      91.5240
      21526.3      91.6952
      21538.0      91.6952
      21549.7      91.6952
      21561.5      92.0377
      21573.2      92.2089
      21584.9      92.0377
      21596.6      92.0377
      21608.3      92.2089
      21620.0      92.3801
      21631.7      92.7226
      21643.4      92.7226
      21655.1      92.7226
      21666.8      92.8938
      21678.5      93.0651
      21690.2      93.4075
      21701.9      93.4075
      21713.6      93.4075
      21725.3      93.4075
      21737.0      93.5788
      21748.7      93.7500
      21760.4      93.4075
      21772.2      93.2363
      21783.9      93.2363
      21795.6      93.2363
      21807.3      93.2363
      21819.0      92.8938
      21830.7      92.8938
      21842.4      92.7226
      21854.1      92.7226
      21865.8      92.7226
      21877.5      92.5514
      21889.2      92.2089
      21900.9      92.0377
      21912.6      91.6952
      21924.3      91.6952
      21936.0      91.1815
      21947.7      90.7106
      21959.4      90.4966
      21971.2      90.3253
      21982.9      89.8973
      21994.6      89.7688
      22006.3      89.5976
      22018.0      89.1267
      22029.7      88.9555
      22041.4      88.4418
      22053.1      88.0993
      22064.8      87.9281
      22076.5      87.7569
      22088.2      87.0719
      22099.9      86.9007
      22111.6      86.9007
      22123.3      86.9007
      22135.0      86.7295
      22146.7      86.5582
      22158.4      86.5582
      22170.2      86.2158
      22181.9      85.8733
      22193.6      85.8733
      22205.3      85.8733
      22217.0      85.8733
      22228.7      85.8733
      22240.4      85.8733
      22252.1      85.8733
      22263.8      86.0445
      22275.5      86.2158
      22287.2      86.2158
      22298.9      86.3870
      22310.6      86.7295
      22322.3      86.9007
      22334.0      87.0719
      22345.7      87.2431
      22357.4      87.7569
      22369.1      88.3990
      22380.9      88.9127
      22392.6      89.2551
      22404.3      89.5548
      22416.0      89.9829
      22427.7      90.6678
      22439.4      91.1815
      22451.1      91.6952
      22462.8      92.0377
      22474.5      92.5514
      22486.2      93.0651
      22497.9      93.5788
      22509.6      94.2637
      22521.3      94.6062
      22533.0      94.7774
      22544.7      95.1199
      22556.4      95.6336
      22568.1      95.8048
      22579.8      96.1473
      22591.6      96.1473
      22603.3      95.9760
      22615.0      96.3185
      22626.7      96.4897
      22638.4      96.4897
      22650.1      96.3185
      22661.8      96.1473
      22673.5      96.3185
      22685.2      96.1473
      22696.9      96.1473
      22708.6      96.1473
      22720.3      95.8048
      22732.0      95.8048
      22743.7      95.8048
      22755.4      95.8048
      22767.1      95.8048
      22778.8      95.4623
      22790.6      95.2911
      22802.3      94.4349
      22814.0      93.7500
      22825.7      92.7732
      22837.4      91.3527
      22849.1      89.6404
      22860.8      87.4600
      22872.5      84.5034
      22884.2      80.7363
      22895.9      76.6267
      22907.6      72.0034
      22919.3      66.2354
      22931.0      61.0445
      22942.7      55.0514
      22954.4      49.7558
      22966.1      44.9486
      22977.8      40.0788
      22989.5      35.2740
      23001.3      29.8801
      23013.0      26.7123
      23024.7      22.8596
      23036.4      19.6062
      23048.1      17.2578
      23059.8      14.6404
      23071.5      12.7568
      23083.2      11.0445
      23094.9      9.50342
      23106.6      8.13356
      23118.3      7.27740
      23130.0      6.07877
      23141.7      5.39384
      23153.4      4.53767
      23165.1      4.19521
      23176.8      3.51027
      23188.5      3.16781
      23200.2      2.82534
      23212.0      2.31164
      23223.7      2.31164
      23235.4      1.96918
      23247.1      1.62671
      23258.8      1.62671
      23270.5      1.28425
      23282.2      1.28425
      23293.9     0.856164
      23305.6     0.813356
      23317.3     0.770548
      23329.0     0.684932
      23340.7     0.428082
      23352.4     0.428082
      23364.1     0.428082
      23375.8     0.428082
      23387.5     0.342466
      23399.2     0.256849
      23411.0     0.256849
      23422.7     0.256849
      23434.4     0.128425
