     3000  -0.00013736945
     3010  -0.00026432981
     3020   0.00012997902
     3030  -0.00015697580
     3040  -0.00025596813
     3050   0.00004649852
     3060  -0.00020377002
     3070   0.00006188217
     3080  -0.00024708224
     3090   0.00002924100
     3100  -0.00007532115
     3110  -0.00023715872
     3120  -0.00019588674
     3130  -0.00007561903
     3140  -0.00012180018
     3150  -0.00015658053
     3160  -0.00040027345
     3170   0.00015529712
     3180  -0.00024114395
     3190  -0.00024880198
     3200   0.00012438020
     3210  -0.00015773282
     3220   0.00002804682
     3230  -0.00041234307
     3240   0.00021784307
     3250  -0.00027699169
     3260  -0.00016437078
     3270   0.00011422548
     3280  -0.00023071362
     3290  -0.00005106338
     3300  -0.00025793203
     3310   0.00009879111
     3320  -0.00022591380
     3330  -0.00018454797
     3340   0.00021136862
     3350  -0.00011218757
     3360  -0.00018213590
     3370  -0.00011327545
     3380  -0.00020916079
     3390   0.00033693385
     3400  -0.00018710150
     3410  -0.00015486588
     3420  -0.00009899217
     3430  -0.00029470897
     3440  -0.00025698252
     3450  -0.00011747088
     3460  -0.00040202367
     3470  -0.00030866457
     3480  -0.00023543257
     3490  -0.00142559514
     3500  -0.00028205410
     3510   0.00003224131
     3520  -0.00032843222
     3530  -0.00017311815
     3540  -0.00008914770
     3550  -0.00021033677
     3560  -0.00039732526
     3570  -0.00004564426
     3580  -0.00000101458
     3590  -0.00009295697
     3600  -0.00028403671
     3610  -0.00011047209
     3620  -0.00011239173
     3630  -0.00008136514
     3640  -0.00032446510
     3650  -0.00024816042
     3660  -0.00012335349
     3670  -0.00016801165
     3680  -0.00005985829
     3690  -0.00029899814
     3700  -0.00024849866
     3710   0.00004215526
     3720  -0.00010614856
     3730  -0.00016266978
     3740   0.00003966306
     3750  -0.00009879805
     3760   0.00016146443
     3770  -0.00034353163
     3780  -0.00011647313
     3790   0.00001488137
     3800   0.00002048856
     3810   0.00005138123
     3820  -0.00000114701
     3830  -0.00020198038
     3840  -0.00007718445
     3850  -0.00020749666
     3860   0.00001996840
     3870  -0.00010942929
     3880  -0.00024135965
     3890  -0.00015557829
     3900  -0.00000520703
     3910   0.00000212732
     3920  -0.00018119911
     3930  -0.00017803507
     3940  -0.00021196438
     3950   0.00020558320
     3960   0.00003656319
     3970   0.00005324741
     3980  -0.00016833481
     3990  -0.00004102927
     4000   0.00002942254
     4010  -0.00006511451
     4020  -0.00013255734
     4030   0.00017752913
     4040  -0.00002838975
     4050  -0.00006767982
     4060   0.00000290243
     4070  -0.00003835251
     4080  -0.00004174134
     4090  -0.00025874784
     4100   0.00001499260
     4110  -0.00007219682
     4120  -0.00003190996
     4130  -0.00014266784
     4140   0.00015923697
     4150   0.00016335388
     4160   0.00000372460
     4170  -0.00003779227
     4180  -0.00008712136
     4190  -0.00014742166
     4200   0.00001420039
     4210   0.00000336909
     4220  -0.00016035906
     4230  -0.00000385738
     4240  -0.00017361451
     4250   0.00012251735
     4260  -0.00020545562
     4270  -0.00000033709
     4280  -0.00022492649
     4290   0.00002529624
     4300   0.00019157067
     4310  -0.00005538786
     4320   0.00001157688
     4330   0.00000873806
     4340   0.00004897777
     4350  -0.00022906865
     4360   0.00013452522
     4370   0.00035591942
     4380  -0.00003005955
     4390   0.00000255692
     4400   0.00004511851
     4410  -0.00012274184
     4420   0.00009573220
     4430  -0.00020422260
     4440   0.00012692537
     4450   0.00001963306
     4460  -0.00010012917
     4470  -0.00013512011
     4480  -0.00011587235
     4490   0.00012858033
     4500   0.00011863776
     4510   0.00005620696
     4520   0.00034391967
     4530  -0.00012081721
     4540  -0.00009432085
     4550  -0.00026780021
     4560  -0.00002717482
     4570   0.00016200032
     4580   0.00000318468
     4590   0.00011345290
     4600  -0.00013987398
     4610  -0.00006610199
     4620   0.00008160626
     4630   0.00003773331
     4640  -0.00006985738
     4650  -0.00038548507
     4660   0.00014601645
     4670   0.00000807924
     4680   0.00020868784
     4690   0.00010317702
     4700  -0.00003938486
     4710   0.00030336995
     4720  -0.00008127405
     4730  -0.00000810125
     4740   0.00010395818
     4750  -0.00000135584
     4760   0.00022833465
     4770  -0.00011985260
     4780   0.00010988591
     4790   0.00013001911
     4800  -0.00007310684
     4810   0.00002414148
     4820  -0.00020203261
     4830   0.00010130784
     4840   0.00003794816
     4850  -0.00002230597
     4860   0.00009829595
     4870  -0.00013439867
     4880  -0.00002233970
     4890   0.00003788116
     4900   0.00006242305
     4910   0.00016365574
     4920  -0.00015672072
     4930   0.00002521193
     4940  -0.00002189105
     4950   0.00011818492
     4960  -0.00003498331
     4970  -0.00007289786
     4980  -0.00002679614
     4990  -0.00004094018
     5000   0.00000286361
     5010  -0.00000426380
     5020  -0.00001868141
     5030   0.00019611086
     5040  -0.00009043649
     5050  -0.00004066597
     5060  -0.00003465255
     5070   0.00002727009
     5080   0.00006535316
     5090  -0.00002290772
     5100   0.00021087390
     5110   0.00022027658
     5120   0.00005011130
     5130   0.00012029924
     5140   0.00009772543
     5150   0.00003747839
     5160  -0.00009788801
     5170  -0.00000887162
     5180   0.00015438415
     5190   0.00006833718
     5200   0.00002590524
     5210  -0.00013066406
     5220  -0.00000911011
     5230   0.00001360346
     5240   0.00000714009
     5250   0.00001778474
     5260  -0.00007715960
     5270   0.00002934781
     5280  -0.00006643694
     5290   0.00010252809
     5300   0.00008360000
     5310  -0.00010195880
     5320   0.00010962817
     5330   0.00023233131
     5340   0.00023757626
     5350   0.00008886906
     5360   0.00014085791
     5370   0.00030840354
     5380  -0.00009954820
     5390   0.00010131900
     5400   0.00008156816
     5410   0.00018612637
     5420   0.00011208164
     5430  -0.00015477417
     5440   0.00030595978
     5450   0.00001695830
     5460   0.00003050786
     5470   0.00005013023
     5480   0.00002563567
     5490   0.00021222538
     5500  -0.00006635445
     5510   0.00006473571
     5520   0.00011527152
     5530  -0.00010253889
     5540   0.00013036847
     5550   0.00000639895
     5560   0.00011044290
     5570   0.00001206314
     5580   0.00005484481
     5590   0.00016399632
     5600  -0.00010346317
     5610   0.00011485511
     5620   0.00000717863
     5630  -0.00004353820
     5640   0.00007221368
     5650  -0.00002546935
     5660   0.00011284776
     5670   0.00014557315
     5680   0.00019290458
     5690   0.00020331195
     5700  -0.00009045818
     5710   0.00000983767
     5720   0.00000133317
     5730  -0.00022035121
     5740  -0.00006793016
     5750   0.00019103092
     5760  -0.00033449402
     5770   0.00005334334
     5780  -0.00032735680
     5790   0.00004245292
     5800  -0.00012819625
     5810  -0.00032410916
     5820   0.00015892912
     5830  -0.00030606447
     5840  -0.00039681781
     5850   0.00000614036
     5860  -0.00037201442
     5870  -0.00008778989
     5880  -0.00023850887
     5890  -0.00003508133
     5900  -0.00003479099
     5910  -0.00027964645
     5920   0.00008114209
     5930  -0.00020719033
     5940  -0.00001534296
     5950  -0.00001174747
     5960  -0.00013007042
     5970  -0.00005766864
     5980   0.00005341081
     5990   0.00020400956
     6000   0.00002856959
     6010  -0.00004489756
     6020   0.00007301656
     6030   0.00007125839
     6040   0.00002758077
     6050  -0.00002720445
     6060   0.00014326806
     6070  -0.00000928962
     6080   0.00007724899
     6090  -0.00000744487
     6100   0.00003970332
     6110  -0.00002776885
     6120   0.00000738286
     6130  -0.00013834766
     6140   0.00006904115
     6150  -0.00002533264
     6160   0.00001669881
     6170   0.00011793943
     6180  -0.00000250199
     6190  -0.00007904406
     6200  -0.00015918390
     6210   0.00002401278
     6220  -0.00011190746
     6230  -0.00013798848
     6240  -0.00002744174
     6250  -0.00009087531
     6260  -0.00022947791
     6270  -0.00015508219
     6280  -0.00000800422
     6290   0.00013472083
     6300  -0.00008341060
     6310  -0.00030269258
     6320  -0.00013231765
     6330  -0.00007270368
     6340  -0.00006037770
     6350  -0.00011842981
     6360   0.00002845960
     6370  -0.00008558446
     6380  -0.00001274180
     6390  -0.00005302421
     6400  -0.00011072088
     6410   0.00000885307
     6420  -0.00013859698
     6430  -0.00000864789
     6440   0.00006668047
     6450   0.00001391408
     6460  -0.00013046163
     6470  -0.00013057452
     6480  -0.00003853696
     6490  -0.00008055552
     6500  -0.00000355242
     6510  -0.00003449888
     6520  -0.00018954917
     6530  -0.00005636468
     6540  -0.00017142137
     6550  -0.00002813442
     6560  -0.00001045762
     6570  -0.00018254507
     6580  -0.00003947082
     6590   0.00002322652
     6600   0.00000587179
     6610  -0.00008045731
     6620  -0.00009855654
     6630   0.00012049366
     6640  -0.00014634269
     6650  -0.00005138419
     6660  -0.00002102186
     6670  -0.00016697982
     6680   0.00002569371
     6690  -0.00036121809
     6700   0.00020341772
     6710  -0.00022035326
     6720   0.00016518276
     6730   0.00009895519
     6740  -0.00001805610
     6750   0.00017258589
     6760  -0.00009655940
     6770   0.00000630910
     6780  -0.00005284206
     6790  -0.00009660458
     6800   0.00003941814
     6810  -0.00032537797
     6820   0.00006925824
     6830  -0.00013703879
     6840  -0.00013333045
     6850   0.00001195185
     6860  -0.00026016554
     6870   0.00012191352
     6880  -0.00016095325
     6890  -0.00002770059
     6900   0.00011143428
     6910  -0.00013423365
     6920  -0.00002432384
     6930   0.00011874553
     6940   0.00004354885
     6950  -0.00000470903
     6960   0.00013227809
     6970  -0.00008536641
     6980  -0.00014205366
     6990   0.00035576607
     7000  -0.00014497362
     7010  -0.00013608254
     7020   0.00021585652
     7030  -0.00008901193
     7040  -0.00007025996
     7050   0.00003174135
     7060  -0.00004794580
     7070  -0.00000414703
     7080  -0.00006768182
     7090  -0.00000451128
     7100  -0.00001539678
     7110   0.00016762997
     7120  -0.00006350096
     7130  -0.00019968323
     7140   0.00016299318
     7150  -0.00006721773
     7160  -0.00000749279
     7170  -0.00001221536
     7180   0.00022291666
     7190   0.00021601190
     7200  -0.00013902456
     7210  -0.00001997296
     7220   0.00023934343
     7230  -0.00025305437
     7240  -0.00011119068
     7250   0.00017374981
     7260   0.00000388082
     7270  -0.00015556050
     7280  -0.00000643439
     7290  -0.00013321418
     7300  -0.00003850461
     7310   0.00003677776
     7320   0.00028051937
     7330  -0.00012117576
     7340  -0.00003976172
     7350  -0.00005023945
     7360   0.00022176228
     7370  -0.00004529815
     7380   0.00010100265
     7390   0.00011329283
     7400   0.00007421427
     7410   0.00027390546
     7420  -0.00000928064
     7430   0.00028849643
     7440   0.00009332805
     7450   0.00019571486
     7460   0.00022162158
     7470   0.00006218967
     7480   0.00048587125
     7490   0.00036507519
     7500   0.00030973821
     7510   0.00042739985
     7520   0.00081945106
     7530   0.00101178198
     7540   0.00108814088
     7550   0.00157307892
     7560   0.00220549572
     7570   0.00227823015
     7580   0.00300885341
     7590   0.00335212750
     7600   0.00430961000
     7610   0.00419460563
     7620   0.00480326870
     7630   0.00524746208
     7640   0.00586579833
     7650   0.00662664091
     7660   0.00679644290
     7670   0.00736372313
     7680   0.00827891380
     7690   0.00882863812
     7700   0.00975629129
     7710   0.01027795859
     7720   0.01128591690
     7730   0.01236034743
     7740   0.01437704079
     7750   0.01664080843
     7760   0.01973672397
     7770   0.02473548427
     7780   0.03317872062
     7790   0.04862812534
     7800   0.07318744063
     7810   0.11021453142
     7820   0.16576904058
     7830   0.25282186270
     7840   0.34090453386
     7850   0.34900718927
     7860   0.25510340929
     7870   0.14298419654
     7880   0.07602977008
     7890   0.04392040893
     7900   0.02794310264
     7910   0.01921003498
     7920   0.01444398053
     7930   0.01041994710
     7940   0.00822316110
     7950   0.00662322203
     7960   0.00508463942
     7970   0.00418153312
     7980   0.00358873513
     7990   0.00341665372
     8000   0.01415702701
     8010   0.01216491498
     8020   0.01282267738
     8030   0.01099292468
     8040   0.01100851130
     8050   0.00931458455
     8060   0.01276784576
     8070   0.00999636576
     8080   0.00964520499
     8090   0.01156908646
     8100   0.00729945907
     8110   0.01061555091
     8120   0.01249393821
     8130   0.01150081307
     8140   0.00934260432
     8150   0.00883704331
     8160   0.00913458038
     8170   0.01292350236
     8180   0.01129644737
     8190   0.01268360391
     8200   0.01152277365
     8210   0.01234277338
     8220   0.00950570963
     8230   0.00911243539
     8240   0.00960920844
     8250   0.00696669891
     8260   0.00877411850
     8270   0.01032456756
     8280   0.01076652948
     8290   0.01188297477
     8300   0.00920055434
     8310   0.00929288194
     8320   0.01033324469
     8330   0.01099862158
     8340   0.00965178851
     8350   0.01127029769
     8360   0.00826289598
     8370   0.00887428690
     8380   0.01143793017
     8390   0.01024097856
     8400   0.00897304062
     8410   0.00658609811
     8420   0.00839674287
     8430   0.01170793176
     8440   0.01133581810
     8450   0.00990140438
     8460   0.01032496803
     8470   0.01080204453
     8480   0.00993806124
     8490   0.00991743524
     8500   0.00997638330
     8510   0.00940585975
     8520   0.00903285015
     8530   0.00973062217
     8540   0.01102301851
     8550   0.00994046219
     8560   0.01112282835
     8570   0.01084168907
     8580   0.01095835399
     8590   0.01003101934
     8600   0.01073752437
     8610   0.00879717525
     8620   0.00890320912
     8630   0.00986112189
     8640   0.01090757828
     8650   0.01036602352
     8660   0.01292369142
     8670   0.01180484705
     8680   0.00972653739
     8690   0.01113945432
     8700   0.01347702090
     8710   0.01025493536
     8720   0.01277975552
     8730   0.01245012973
     8740   0.00819068775
     8750   0.01198697835
     8760   0.01215369441
     8770   0.00897533819
     8780   0.01153661776
     8790   0.01157789491
     8800   0.01144396700
     8810   0.01129537262
     8820   0.01192608289
     8830   0.01000539120
     8840   0.01152667217
     8850   0.00818778947
     8860   0.01086101588
     8870   0.01005722769
     8880   0.00915572979
     8890   0.01385619212
     8900   0.01190630905
     8910   0.01375155430
     8920   0.00817354023
     8930   0.01028033439
     8940   0.01079270802
     8950   0.01122846268
     8960   0.01225660928
     8970   0.01022166945
     8980   0.01156285219
     8990   0.00981475227
     9000   0.01182431541
     9010   0.01126993634
     9020   0.01256237272
     9030   0.01301034912
     9040   0.01443413086
     9050   0.00904206093
     9060   0.01211013552
     9070   0.00942751765
     9080   0.01391763240
     9090   0.01248094905
     9100   0.01328982506
     9110   0.01274004579
     9120   0.01264029741
     9130   0.01478854287
     9140   0.01411141548
     9150   0.01378220879
     9160   0.01440168452
     9170   0.01573290862
     9180   0.01254718844
     9190   0.01509406324
     9200   0.01651039347
     9210   0.01732756943
     9220   0.01676509902
     9230   0.01577825658
     9240   0.02199490182
     9250   0.02121784724
     9260   0.01910378598
     9270   0.02103207447
     9280   0.02629245631
     9290   0.02709133923
     9300   0.02772063576
     9310   0.03137119487
     9320   0.03379641101
     9330   0.03858979419
     9340   0.04025770724
     9350   0.04109803587
     9360   0.05112881213
     9370   0.05264374241
     9380   0.05884262919
     9390   0.06580349058
     9400   0.07449924946
     9410   0.08356647193
     9420   0.09430844337
     9430   0.10647424310
     9440   0.11732894927
     9450   0.13294644654
     9460   0.15442594886
     9470   0.18120904267
     9480   0.20332691073
     9490   0.23611164093
     9500   0.27417895198
     9510   0.31202971935
     9520   0.36840432882
     9530   0.43449109793
     9540   0.50866806507
     9550   0.59766995907
     9560   0.71100401878
     9570   0.84209489822
     9580   1.00983738899
     9590   1.22229707241
     9600   1.47654855251
     9610   1.77228224277
     9620   2.16314244270
     9630   2.63524031639
     9640   3.21217894554
     9650   3.98492956161
     9660   4.93413591385
     9670   6.05106449127
     9680   7.48497104645
     9690   9.32832145691
     9700  11.46666431427
     9710  14.26732063293
     9720  17.73898887634
     9730  21.53612136841
     9740  26.05106735229
     9750  31.39005851746
     9760  36.89385223389
     9770  42.91035461426
     9780  49.06304931641
     9790  54.55862426758
     9800  59.55197143555
     9810  63.96175003052
     9820  67.44546508789
     9830  70.26319122314
     9840  72.50037384033
     9850  74.15966796875
     9860  75.17759704590
     9870  76.21916198730
     9880  77.01910400391
     9890  77.69410705566
     9900  78.34613037109
     9910  78.99263763428
     9920  79.58218383789
     9930  80.17790222168
     9940  80.79581451416
     9950  81.31832122803
     9960  81.82994842529
     9970  82.27963256836
     9980  82.61165618896
     9990  82.85556030273
    10000  83.03035736084
    10010  83.08877563477
    10020  83.06892395020
    10030  82.97954559326
    10040  82.83302307129
    10050  82.66559600830
    10060  82.47727203369
    10070  82.29467010498
    10080  82.13700866699
    10090  81.99713134766
    10100  81.92104339600
    10110  81.89871215820
    10120  81.92102813721
    10130  82.00180816650
    10140  82.11055755615
    10150  82.27462005615
    10160  82.47476196289
    10170  82.66213989258
    10180  82.85614013672
    10190  83.04747009277
    10200  83.21513366699
    10210  83.35842132568
    10220  83.47946929932
    10230  83.55425262451
    10240  83.60858154297
    10250  83.64334106445
    10260  83.65460968018
    10270  83.67047882080
    10280  83.68862915039
    10290  83.71765136719
    10300  83.77302551270
    10310  83.85746765137
    10320  83.97595977783
    10330  84.12309265137
    10340  84.31414031982
    10350  84.52928924561
    10360  84.75035095215
    10370  84.97011566162
    10380  85.18232727051
    10390  85.34797668457
    10400  85.49263000488
    10410  85.58312225342
    10420  85.59513092041
    10430  85.50736236572
    10440  85.30583190918
    10450  85.01110076904
    10460  84.58107757568
    10470  84.01449584961
    10480  83.36478424072
    10490  82.65949249268
    10500  81.84922790527
    10510  80.98887634277
    10520  80.12931823730
    10530  79.22236633301
    10540  78.35423278809
    10550  77.59639739990
    10560  76.91854095459
    10570  76.30526733398
    10580  75.86746215820
    10590  75.55505371094
    10600  75.42535400391
    10610  75.49167633057
    10620  75.74840545654
    10630  76.22808837891
    10640  76.88481903076
    10650  77.75953674316
    10660  78.83747100830
    10670  79.95574188232
    10680  81.07826995850
    10690  82.15245056152
    10700  82.94221496582
    10710  83.27455139160
    10720  82.88126373291
    10730  81.49093627930
    10740  79.08788299561
    10750  75.34500885010
    10760  70.19229888916
    10770  64.40648651123
    10780  57.46044540405
    10790  50.01502609253
    10800  43.26822280884
    10810  36.88903045654
    10820  30.75256919861
    10830  25.85018539429
    10840  21.39994430542
    10850  17.54346847534
    10860  14.59721374512
    10870  12.17470169067
    10880  10.08076190948
    10890   8.44613838196
    10900   7.08017635345
    10910   5.91548204422
    10920   4.98588180542
    10930   4.25526285172
    10940   3.61394882202
    10950   3.07751297951
    10960   2.64988851547
    10970   2.27029037476
    10980   1.94596850872
    10990   1.70054793358
    11000   1.48640727997
    11010   1.29220128059
    11020   1.14218056202
    11030   1.00243413448
    11040   0.87810999155
    11050   0.78007590771
    11060   0.69491064548
    11070   0.61653989553
    11080   0.55392628908
    11090   0.49478477240
    11100   0.43971562386
    11110   0.39670759439
    11120   0.35943564773
    11130   0.32570713758
    11140   0.29608422518
    11150   0.26816937327
    11160   0.24635246396
    11170   0.22466513515
    11180   0.20321349800
    11190   0.18932992220
    11200   0.17255789042
    11210   0.16174522042
    11220   0.14770922065
    11230   0.13586248457
    11240   0.12569580972
    11250   0.11597780138
    11260   0.10789264739
    11270   0.10259627551
    11280   0.09948265553
    11290   0.09024989605
    11300   0.08611029387
    11310   0.07809840888
    11320   0.07437519729
    11330   0.07034076005
    11340   0.06645295024
    11350   0.06343133003
    11360   0.05779305845
    11370   0.05632911250
    11380   0.04879776761
    11390   0.04865042865
    11400   0.04922871664
    11410   0.04148644954
    11420   0.04199391603
    11430   0.04217085615
    11440   0.03706411272
    11450   0.03730949759
    11460   0.03750347346
    11470   0.03727173433
    11480   0.03427476063
    11490   0.03250284120
    11500   0.03087198921
    11510   0.03012077138
    11520   0.02550559863
    11530   0.02617632784
    11540   0.02748029865
    11550   0.02604775317
    11560   0.02738699503
    11570   0.02413598634
    11580   0.02234559879
    11590   0.02226362936
    11600   0.02294288576
    11610   0.02305124886
    11620   0.02301518992
    11630   0.01805757917
    11640   0.02060063928
    11650   0.02049664035
    11660   0.01753068715
    11670   0.01928120106
    11680   0.01966475137
    11690   0.01982492767
    11700   0.01636264287
    11710   0.01519877557
    11720   0.01764107496
    11730   0.01712097228
    11740   0.01879009046
    11750   0.01730753481
    11760   0.01716634072
    11770   0.01579668373
    11780   0.01736777835
    11790   0.01671925746
    11800   0.01755573973
    11810   0.01526361424
    11820   0.01321128942
    11830   0.01443036273
    11840   0.01434063911
    11850   0.01476190798
    11860   0.01416360494
    11870   0.01338188350
    11880   0.01570207067
    11890   0.01438657194
    11900   0.01475266740
    11910   0.01221586764
    11920   0.01340947300
    11930   0.01313142851
    11940   0.01587059721
    11950   0.01359006017
    11960   0.01239602175
    11970   0.01211061236
    11980   0.01136321854
    11990   0.01073513553
    12000   0.01283497736
    12010   0.01307225786
    12020   0.01038465090
    12030   0.01373729017
    12040   0.01137087308
    12050   0.01309473626
    12060   0.01010793168
    12070   0.01098675840
    12080   0.00997872092
    12090   0.00919327233
    12100   0.00946766511
    12110   0.01097430475
    12120   0.00803707074
    12130   0.01092907228
    12140   0.01128599141
    12150   0.00907513127
    12160   0.01059712935
    12170   0.00971581042
    12180   0.01048673317
    12190   0.01120571792
    12200   0.00994354300
    12210   0.00901653245
    12220   0.01040925644
    12230   0.00977053028
    12240   0.00925747771
    12250   0.00870813057
    12260   0.00847240258
    12270   0.01148104668
    12280   0.00887475442
    12290   0.00893342495
    12300   0.00933092553
    12310   0.00950382743
    12320   0.01076570526
    12330   0.01463165786
    12340   0.00954347663
    12350   0.00825843774
    12360   0.01004623156
    12370   0.01140685193
    12380   0.01198001672
    12390   0.01199211273
    12400   0.01097694226
    12410   0.01122781169
    12420   0.00937026739
    12430   0.01093209162
    12440   0.01101667155
    12450   0.01153881382
    12460   0.00835975073
    12470   0.00987834577
    12480   0.01054877602
    12490   0.00963167287
    12500   0.01143903565
    12510   0.00887725595
    12520   0.00936979521
    12530   0.00886098295
    12540   0.00824467931
    12550   0.01055595744
    12560   0.01019431558
    12570   0.00907520391
    12580   0.01073367335
    12590   0.00829379167
    12600   0.00879019313
    12610   0.00836906210
    12620   0.00977249816
    12630   0.00921659637
    12640   0.00865454320
    12650   0.00850682519
    12660   0.01075229701
    12670   0.00951315369
    12680   0.00909026992
    12690   0.01121092681
    12700   0.01056410000
    12710   0.01068313979
    12720   0.01021751855
    12730   0.01309244987
    12740   0.00925212353
    12750   0.01076332293
    12760   0.01122957561
    12770   0.00920111872
    12780   0.01093499549
    12790   0.00973978266
    12800   0.00894332491
    12810   0.00890102983
    12820   0.01086847857
    12830   0.00816357043
    12840   0.01163288858
    12850   0.01027596276
    12860   0.00741663622
    12870   0.01183611527
    12880   0.00897709187
    12890   0.01052196324
    12900   0.01183378510
    12910   0.01294990908
    12920   0.00674086250
    12930   0.00870326068
    12940   0.01033882331
    12950   0.01029825769
    12960   0.00896064844
    12970   0.00826710276
    12980   0.01147884130
    12990   0.01074477378
    13000   0.00624912279
    13010   0.00938066933
    13020   0.00978469942
    13030   0.00759897893
    13040   0.00989164878
    13050   0.00993925799
    13060   0.00959598552
    13070   0.00917801633
    13080   0.00959785376
    13090   0.00962873176
    13100   0.00826378912
    13110   0.00902872253
    13120   0.00940524880
    13130   0.01205668040
    13140   0.01024471689
    13150   0.00981410872
    13160   0.00787223969
    13170   0.01071729045
    13180   0.00867062993
    13190   0.01074949652
    13200   0.00852676760
    13210   0.01049931813
    13220   0.00697083212
    13230   0.00850852486
    13240   0.00895161834
    13250   0.00678230263
    13260   0.01095687319
    13270   0.01113847550
    13280   0.01267180499
    13290   0.01073193736
    13300   0.00905385893
    13310   0.00617395947
    13320   0.00916619692
    13330   0.00982954446
    13340   0.00791551359
    13350   0.01168929785
    13360   0.00709842192
    13370   0.01156218071
    13380   0.00701697357
    13390   0.00734093320
    13400   0.01015809458
    13410   0.00568011217
    13420   0.01127590612
    13430   0.00967658591
    13440   0.00924173184
    13450   0.01157705206
    13460   0.01014739275
    13470   0.00668603601
    13480   0.00867104344
    13490   0.01061847806
    13500   0.01144277863
    13510   0.01110862941
    13520   0.00927044451
    13530   0.01024809945
    13540   0.00796836801
    13550   0.01095111296
    13560   0.00981426239
    13570   0.00980785396
    13580   0.00809504744
    13590   0.00903931540
    13600   0.00997505523
    13610   0.01239006780
    13620   0.01056713983
    13630   0.01177663263
    13640   0.00958743971
    13650   0.00934985839
    13660   0.00827005971
    13670   0.01043696795
    13680   0.00710312743
    13690   0.00874336064
    13700   0.00979036558
    13710   0.00820663199
    13720   0.01113280188
    13730   0.00975010637
    13740   0.01081796642
    13750   0.01103589404
    13760   0.00961714145
    13770   0.00889822003
    13780   0.00892212242
    13790   0.01152514014
    13800   0.01048917044
    13810   0.00484592142
    13820   0.00856132712
    13830   0.00986968353
    13840   0.00938012917
    13850   0.00978157483
    13860   0.00678757578
    13870   0.00852202903
    13880   0.01035717130
    13890   0.01250886731
    13900   0.00777494721
    13910   0.00891260058
    13920   0.00840489380
    13930   0.00946944021
    13940   0.00976284500
    13950   0.00738347881
    13960   0.00781493541
    13970   0.01027179323
    13980   0.00692321546
    13990   0.01111213025
    14000   0.00811202079
    14010   0.01177174132
    14020   0.00812751520
    14030   0.00935214292
    14040   0.00996983610
    14050   0.00933917519
    14060   0.00909164827
    14070   0.00726646697
    14080   0.01063236874
    14090   0.00927388575
    14100   0.01298380643
    14110   0.00995146111
    14120   0.00877977535
    14130   0.01010496449
    14140   0.00904599018
    14150   0.00665438501
    14160   0.00808086805
    14170   0.00787095819
    14180   0.00801728852
    14190   0.00903128926
    14200   0.00974582229
    14210   0.00825743005
    14220   0.00962630007
    14230   0.00694450876
    14240   0.00905354507
    14250   0.00845444761
    14260   0.00739467377
    14270   0.00970358029
    14280   0.01066976041
    14290   0.00725099305
    14300   0.00711790938
    14310   0.00831430405
    14320   0.01152422745
    14330   0.00946091115
    14340   0.01028006710
    14350   0.01102166530
    14360   0.00864173472
    14370   0.00766607327
    14380   0.00912645832
    14390   0.00884724222
    14400   0.00912385620
    14410   0.00866468158
    14420   0.00846286118
    14430   0.00987057388
    14440   0.01016656589
    14450   0.01010655146
    14460   0.00487655541
    14470   0.00995839294
    14480   0.01029793825
    14490   0.00911509059
    14500   0.00904876925
    14510   0.01030934975
    14520   0.01021050196
    14530   0.01308493409
    14540   0.00933256932
    14550   0.00853279792
    14560   0.00910735317
    14570   0.01353063714
    14580   0.00938796811
    14590   0.00782078132
    14600   0.01113835070
    14610   0.00943857804
    14620   0.01080767624
    14630   0.00891120639
    14640   0.01113767084
    14650   0.01094392966
    14660   0.01017603744
    14670   0.01121263858
    14680   0.01005104091
    14690   0.01006292365
    14700   0.01005667448
    14710   0.01078887656
    14720   0.01077376399
    14730   0.01132535096
    14740   0.01299760025
    14750   0.00884273555
    14760   0.00969175622
    14770   0.01175943110
    14780   0.01209073048
    14790   0.00955847930
    14800   0.01157886535
    14810   0.01099898666
    14820   0.00847909600
    14830   0.01043845434
    14840   0.00942109432
    14850   0.01039776392
    14860   0.00623783702
    14870   0.00847867131
    14880   0.00961476937
    14890   0.00858166628
    14900   0.01077816077
    14910   0.00862521864
    14920   0.00661944877
    14930   0.00760912243
    14940   0.00795886479
    14950   0.01056774985
    14960   0.01096815709
    14970   0.01256084070
    14980   0.01024099812
    14990   0.01140759047
    15000   0.01268781349
    15010   0.01085150335
    15020   0.01552457828
    15030   0.01373267174
    15040   0.01630482450
    15050   0.01126329415
    15060   0.01507840026
    15070   0.01392603293
    15080   0.01452660374
    15090   0.01436429471
    15100   0.01691427641
    15110   0.01801595651
    15120   0.01772033982
    15130   0.01775401831
    15140   0.02001842298
    15150   0.01973738894
    15160   0.01940440200
    15170   0.01818332449
    15180   0.01660954766
    15190   0.01583516970
    15200   0.01411696710
    15210   0.01826498844
    15220   0.01256961562
    15230   0.01161930989
    15240   0.01350824349
    15250   0.01340214629
    15260   0.01168033294
    15270   0.01191631611
    15280   0.01326426584
    15290   0.01318341494
    15300   0.01076615416
    15310   0.01056345273
    15320   0.01218191814
    15330   0.01393841952
    15340   0.01182352379
    15350   0.01163798198
    15360   0.01115758903
    15370   0.01187290438
    15380   0.01152662933
    15390   0.01022484433
    15400   0.01168459933
    15410   0.01219648961
    15420   0.01250303630
    15430   0.00983475521
    15440   0.01303867158
    15450   0.01115227491
    15460   0.01225010771
    15470   0.01095634140
    15480   0.00987826567
    15490   0.01070259977
    15500   0.01176830009
    15510   0.01104012504
    15520   0.01157499291
    15530   0.00966446660
    15540   0.00939404964
    15550   0.01124865562
    15560   0.00926907640
    15570   0.01010993030
    15580   0.01029013749
    15590   0.00850633346
    15600   0.01086342335
    15610   0.01428624243
    15620   0.01171576325
    15630   0.01017812733
    15640   0.01183610409
    15650   0.01151685230
    15660   0.01192508452
    15670   0.01108988468
    15680   0.01272046193
    15690   0.01600346901
    15700   0.01277041435
    15710   0.01355116442
    15720   0.01023117825
    15730   0.01187796146
    15740   0.01315015368
    15750   0.01161541697
    15760   0.01317270100
    15770   0.01105354354
    15780   0.01028520148
    15790   0.01282377355
    15800   0.01248786971
    15810   0.01287988387
    15820   0.01120272931
    15830   0.01151002757
    15840   0.01103941817
    15850   0.00980291329
    15860   0.01130978670
    15870   0.01165950019
    15880   0.01056475751
    15890   0.01050656755
    15900   0.01236336958
    15910   0.01292554475
    15920   0.01343017537
    15930   0.01100895088
    15940   0.01337493304
    15950   0.01252510957
    15960   0.01307074819
    15970   0.01098899264
    15980   0.01108615939
    15990   0.01120762806
    16000   0.01088434923
    16010   0.01098160259
    16020   0.01376228873
    16030   0.01216246560
    16040   0.01110145357
    16050   0.01199378818
    16060   0.01156325173
    16070   0.01232408825
    16080   0.01079084817
    16090   0.01088033710
    16100   0.01168377511
    16110   0.01112197246
    16120   0.01307756733
    16130   0.01246544998
    16140   0.01194869541
    16150   0.01172904391
    16160   0.01332941744
    16170   0.01386462525
    16180   0.00979278702
    16190   0.01285263989
    16200   0.01254245825
    16210   0.01355228294
    16220   0.01100569218
    16230   0.01340725459
    16240   0.01276426204
    16250   0.01096265577
    16260   0.01209387835
    16270   0.01300708391
    16280   0.01245792676
    16290   0.01496192254
    16300   0.01170076709
    16310   0.01074707136
    16320   0.01380997244
    16330   0.01215781737
    16340   0.01382188499
    16350   0.01691095904
    16360   0.01426560059
    16370   0.01455189381
    16380   0.01431943942
    16390   0.01360430568
    16400   0.01465559192
    16410   0.01577197760
    16420   0.01158875786
    16430   0.01540054101
    16440   0.01508925669
    16450   0.01393977273
    16460   0.01575059444
    16470   0.01292423438
    16480   0.01366885100
    16490   0.01479014196
    16500   0.01441271324
    16510   0.01403725147
    16520   0.01552064158
    16530   0.01562292129
    16540   0.01808774471
    16550   0.01408305578
    16560   0.01523337513
    16570   0.01350906957
    16580   0.01317074616
    16590   0.01482752245
    16600   0.01309529319
    16610   0.01275304519
    16620   0.01252253167
    16630   0.01329283882
    16640   0.01431029383
    16650   0.01162354928
    16660   0.01224731561
    16670   0.01378811616
    16680   0.01242168620
    16690   0.01430434175
    16700   0.01152131334
    16710   0.01240846049
    16720   0.01097087190
    16730   0.00996910781
    16740   0.01090577710
    16750   0.00980796013
    16760   0.01018412132
    16770   0.00971564837
    16780   0.01111226808
    16790   0.01263364498
    16800   0.01233277749
    16810   0.01002875995
    16820   0.01147641055
    16830   0.01478902716
    16840   0.00726338569
    16850   0.01156538818
    16860   0.00803660043
    16870   0.00995207857
    16880   0.01053007971
    16890   0.01420593448
    16900   0.01110430062
    16910   0.01196523383
    16920   0.01016761921
    16930   0.01011900976
    16940   0.01184171252
    16950   0.00832651462
    16960   0.01043596119
    16970   0.00949646533
    16980   0.00931092259
    16990   0.01255573705
    17000   0.01169342455
    17010   0.01137997676
    17020   0.00914001465
    17030   0.00973734166
    17040   0.01006856002
    17050   0.01096703298
    17060   0.01061197929
    17070   0.01162018999
    17080   0.01217668876
    17090   0.01142500527
    17100   0.01213232428
    17110   0.00966015458
    17120   0.01155507751
    17130   0.01154767256
    17140   0.01310702972
    17150   0.01134335063
    17160   0.01322627347
    17170   0.01066544000
    17180   0.01296183281
    17190   0.01131914649
    17200   0.01188579388
    17210   0.01295375824
    17220   0.01484688558
    17230   0.01514716446
    17240   0.01615054905
    17250   0.01398684643
    17260   0.01649333723
    17270   0.01663363539
    17280   0.01730585657
    17290   0.01787002012
    17300   0.01539642550
    17310   0.01651748084
    17320   0.01918990724
    17330   0.01954271086
    17340   0.02037318237
    17350   0.01697699539
    17360   0.01675553992
    17370   0.01874985918
    17380   0.01783869602
    17390   0.01494572684
    17400   0.01580308564
    17410   0.01623269357
    17420   0.01362073235
    17430   0.01400846802
    17440   0.01336222328
    17450   0.01314986032
    17460   0.01248143055
    17470   0.01433075219
    17480   0.01206405181
    17490   0.01416883152
    17500   0.01307680830
    17510   0.01322074234
    17520   0.01212413423
    17530   0.01132109668
    17540   0.01092838496
    17550   0.01138082612
    17560   0.01361236349
    17570   0.01032522134
    17580   0.01103606168
    17590   0.01225985773
    17600   0.01158540882
    17610   0.01092206035
    17620   0.00993265212
    17630   0.01186740398
    17640   0.01212646067
    17650   0.01020242739
    17660   0.00947480928
    17670   0.00984101743
    17680   0.01191185229
    17690   0.00930680428
    17700   0.00810132083
    17710   0.01015109848
    17720   0.01285699103
    17730   0.01201174129
    17740   0.00956316013
    17750   0.01061880775
    17760   0.01285922155
    17770   0.00901110657
    17780   0.00755400769
    17790   0.01262805331
    17800   0.00753749534
    17810   0.01143687032
    17820   0.01115332264
    17830   0.01032338291
    17840   0.00851201452
    17850   0.01103047747
    17860   0.00923191290
    17870   0.00906008389
    17880   0.00936803874
    17890   0.00955991074
    17900   0.00959999952
    17910   0.00651289430
    17920   0.00988441240
    17930   0.01235590596
    17940   0.00720553007
    17950   0.01078649983
    17960   0.00876338780
    17970   0.00764104398
    17980   0.01202255115
    17990   0.01075680647
    18000   0.00840891153
    18010   0.00833741762
    18020   0.01269406360
    18030   0.01290159021
    18040   0.01075464301
    18050   0.00976071879
    18060   0.01223729923
    18070   0.01187646110
    18080   0.00757765817
    18090   0.01319600828
    18100   0.01032522880
    18110   0.01041835826
    18120   0.01232640818
    18130   0.01335546840
    18140   0.01052457560
    18150   0.01282831840
    18160   0.01309270598
    18170   0.01252895128
    18180   0.01233054511
    18190   0.01312104613
    18200   0.01334602106
    18210   0.01351558883
    18220   0.01305526868
    18230   0.01466140244
    18240   0.01488908008
    18250   0.01024280861
    18260   0.01509952266
    18270   0.01191061828
    18280   0.01780066080
    18290   0.01336205937
    18300   0.01995240338
    18310   0.01664081402
    18320   0.01792386360
    18330   0.01726775244
    18340   0.01677761227
    18350   0.01734237745
    18360   0.01643294469
    18370   0.01542392746
    18380   0.01831177250
    18390   0.01690601557
    18400   0.01684654690
    18410   0.01536283921
    18420   0.01579886675
    18430   0.01621663012
    18440   0.01429729350
    18450   0.01415897533
    18460   0.01185405627
    18470   0.01276260708
    18480   0.01212537289
    18490   0.01738191023
    18500   0.01219494827
    18510   0.01211631112
    18520   0.01297909208
    18530   0.01144216117
    18540   0.01175520383
    18550   0.01274170354
    18560   0.01272377837
    18570   0.01210731640
    18580   0.01129012275
    18590   0.01088178065
    18600   0.01208524592
    18610   0.01351213548
    18620   0.01172839012
    18630   0.01349517703
    18640   0.00994070247
    18650   0.01021524705
    18660   0.01462391205
    18670   0.01375270355
    18680   0.01173084788
    18690   0.01241189428
    18700   0.01073722169
    18710   0.00956500135
    18720   0.00800219458
    18730   0.01399923488
    18740   0.01089087501
    18750   0.01189680118
    18760   0.01265081484
    18770   0.01077392511
    18780   0.01107382122
    18790   0.00958461408
    18800   0.01071372256
    18810   0.01312545501
    18820   0.01151707768
    18830   0.01018056925
    18840   0.00931088626
    18850   0.01219632942
    18860   0.01033242047
    18870   0.01004280802
    18880   0.00897037424
    18890   0.01152052078
    18900   0.01145130768
    18910   0.00993610825
    18920   0.01098157372
    18930   0.00994081236
    18940   0.00849609729
    18950   0.01071924437
    18960   0.00926434342
    18970   0.01058913954
    18980   0.00891291536
    18990   0.00953623559
    19000   0.01266389992
    19010   0.01184832770
    19020   0.01175011601
    19030   0.01160870958
    19040   0.00973870512
    19050   0.01139042340
    19060   0.01075983793
    19070   0.01386199705
    19080   0.00977919344
    19090   0.01138405409
    19100   0.01141209248
    19110   0.01219209284
    19120   0.01098420471
    19130   0.01200091187
    19140   0.01030494459
    19150   0.01349331252
    19160   0.00862667058
    19170   0.01064798795
    19180   0.01290262863
    19190   0.01121217851
    19200   0.01451323740
    19210   0.01150363032
    19220   0.01141725946
    19230   0.00975469965
    19240   0.01374369208
    19250   0.01157314703
    19260   0.01039096061
    19270   0.01308249589
    19280   0.01342177112
    19290   0.01399443299
    19300   0.01330989506
    19310   0.01228601765
    19320   0.01302914135
    19330   0.01511916611
    19340   0.01404614933
    19350   0.01628303528
    19360   0.01419440191
    19370   0.01442875341
    19380   0.01490080170
    19390   0.01508313976
    19400   0.01471798774
    19410   0.01593216136
    19420   0.01714641601
    19430   0.01735302992
    19440   0.01738787256
    19450   0.01519411709
    19460   0.01778118126
    19470   0.01951442659
    19480   0.02035633475
    19490   0.01977613941
    19500   0.01935809851
    19510   0.01809179783
    19520   0.01842388511
    19530   0.02005048841
    19540   0.01822116598
    19550   0.01612492464
    19560   0.01693072356
    19570   0.01842818223
    19580   0.01697953045
    19590   0.02007583156
    19600   0.01743665524
    19610   0.01869395189
    19620   0.01747117378
    19630   0.01706390828
    19640   0.01609922945
    19650   0.01322947070
    19660   0.01483401284
    19670   0.01667776518
    19680   0.01477829367
    19690   0.01559105609
    19700   0.01405554079
    19710   0.01308356598
    19720   0.01210870687
    19730   0.01391908899
    19740   0.01252376102
    19750   0.01556029450
    19760   0.01317888778
    19770   0.01412786078
    19780   0.01470093802
    19790   0.01303564385
    19800   0.01360750198
    19810   0.01284688339
    19820   0.01315974910
    19830   0.01442099735
    19840   0.01166244689
    19850   0.01414287835
    19860   0.01142164227
    19870   0.01073290873
    19880   0.01059708279
    19890   0.00876709912
    19900   0.01348364726
    19910   0.01239625737
    19920   0.01319249533
    19930   0.01261809375
    19940   0.01054913271
    19950   0.01274791546
    19960   0.01288549136
    19970   0.01279115397
    19980   0.01157051977
    19990   0.01298411097
    20000   0.01363830082
    20010   0.01229812950
    20020   0.01394966058
    20030   0.01203892287
    20040   0.01431602705
    20050   0.01274556573
    20060   0.01199376397
    20070   0.01222912408
    20080   0.01168236881
    20090   0.01283994038
    20100   0.01070298720
    20110   0.01225779951
    20120   0.01001209114
    20130   0.01364296954
    20140   0.01312294509
    20150   0.01277459413
    20160   0.01199292950
    20170   0.01481352560
    20180   0.01032848563
    20190   0.01350855641
    20200   0.01181455608
    20210   0.01375809498
    20220   0.01530842576
    20230   0.01288522314
    20240   0.01423994079
    20250   0.01283190772
    20260   0.01097457577
    20270   0.01418166980
    20280   0.01476742048
    20290   0.01228553057
    20300   0.01371159125
    20310   0.01167276688
    20320   0.01505076513
    20330   0.01664970629
    20340   0.01172606274
    20350   0.01515728515
    20360   0.01343557425
    20370   0.01416838169
    20380   0.01505273953
    20390   0.01595306769
    20400   0.01522244420
    20410   0.01526825503
    20420   0.01585787348
    20430   0.01915320195
    20440   0.01657781005
    20450   0.01730415411
    20460   0.01720068231
    20470   0.01955145039
    20480   0.02089606971
    20490   0.02192440629
    20500   0.01993823424
    20510   0.02223060839
    20520   0.02353020199
    20530   0.02517812885
    20540   0.02484156005
    20550   0.02644646168
    20560   0.02921216935
    20570   0.03075105511
    20580   0.03077270463
    20590   0.03503473848
    20600   0.03532963991
    20610   0.03698587418
    20620   0.03643944114
    20630   0.03873188794
    20640   0.04162266478
    20650   0.03974021971
    20660   0.04090817645
    20670   0.04008918256
    20680   0.04030223191
    20690   0.03984330967
    20700   0.03775283322
    20710   0.03850400820
    20720   0.03544735536
    20730   0.03383039311
    20740   0.03687541932
    20750   0.03210468590
    20760   0.03165298328
    20770   0.02869204246
    20780   0.02978459187
    20790   0.02896551974
    20800   0.02628209256
    20810   0.02534967288
    20820   0.02393909171
    20830   0.02424821071
    20840   0.02043433860
    20850   0.01947484724
    20860   0.01964267343
    20870   0.02097863704
    20880   0.02256354503
    20890   0.02130028419
    20900   0.01896255650
    20910   0.01993256807
    20920   0.02108821832
    20930   0.01893131249
    20940   0.01750725694
    20950   0.01907102019
    20960   0.01778320223
    20970   0.01741150022
    20980   0.01663386449
    20990   0.01540008932
    21000   0.01618541218
    21010   0.01776789501
    21020   0.01509757154
    21030   0.01624836400
    21040   0.01606940292
    21050   0.01540588681
    21060   0.01451377757
    21070   0.01660753042
    21080   0.01759255305
    21090   0.01670469157
    21100   0.01633501612
    21110   0.01712058485
    21120   0.01755248569
    21130   0.01850311458
    21140   0.01838371903
    21150   0.01406329870
    21160   0.01427133568
    21170   0.01327142958
    21180   0.01513671596
    21190   0.01503316779
    21200   0.01788489707
    21210   0.01487053838
    21220   0.01649584621
    21230   0.01480009127
    21240   0.01526889671
    21250   0.01486545336
    21260   0.01442531496
    21270   0.01414358802
    21280   0.01480833907
    21290   0.01438487694
    21300   0.01751161367
    21310   0.01679308899
    21320   0.01452456787
    21330   0.01527145784
    21340   0.01563809998
    21350   0.01601817086
    21360   0.01658100262
    21370   0.01753392629
    21380   0.01557208318
    21390   0.01763074659
    21400   0.02050392702
    21410   0.01604546979
    21420   0.01838901453
    21430   0.01923124865
    21440   0.02198513038
    21450   0.01921610907
    21460   0.02224934660
    21470   0.02066697367
    21480   0.02421252616
    21490   0.02141959034
    21500   0.02885664813
    21510   0.02727891319
    21520   0.02937488817
    21530   0.03325772658
    21540   0.03201954812
    21550   0.03965021670
    21560   0.04443847761
    21570   0.04675880075
    21580   0.05538460612
    21590   0.06185935810
    21600   0.06999199092
    21610   0.08105471730
    21620   0.09116932005
    21630   0.10048390925
    21640   0.10996051133
    21650   0.12191774696
    21660   0.12874212861
    21670   0.12870322168
    21680   0.12835551798
    21690   0.12427661568
    21700   0.11526256800
    21710   0.10149922222
    21720   0.08699008822
    21730   0.07265926898
    21740   0.06445670128
    21750   0.05219738185
    21760   0.04295239225
    21770   0.04062933475
    21780   0.03574175760
    21790   0.02912523411
    21800   0.02492725849
    21810   0.02462451160
    21820   0.02346753515
    21830   0.02290288359
    21840   0.01801444963
    21850   0.01699716412
    21860   0.01595898904
    21870   0.01517140493
    21880   0.01623552851
    21890   0.01421365887
    21900   0.01472447626
    21910   0.01506425161
    21920   0.01528860442
    21930   0.01222964097
    21940   0.01282548066
    21950   0.01200368349
    21960   0.01343287434
    21970   0.01268599555
    21980   0.01291177608
    21990   0.01216207724
    22000   0.01283048466
    22010   0.01300474070
    22020   0.01035656780
    22030   0.01038764790
    22040   0.01141525805
    22050   0.01025076024
    22060   0.01299514528
    22070   0.01050003339
    22080   0.00903852750
    22090   0.01203246694
    22100   0.00851238891
    22110   0.00920813531
    22120   0.01025710534
    22130   0.00802329276
    22140   0.01099328231
    22150   0.00941840839
    22160   0.01187950559
    22170   0.00958243385
    22180   0.01257633604
    22190   0.01029445697
    22200   0.00956367701
    22210   0.01140271593
    22220   0.00866755005
    22230   0.00920727290
    22240   0.01241438463
    22250   0.01165129244
    22260   0.01172921993
    22270   0.00878692232
    22280   0.01118871197
    22290   0.00836142153
    22300   0.01113431901
    22310   0.00920613855
    22320   0.01243883744
    22330   0.01042523608
    22340   0.00969504006
    22350   0.01242108829
    22360   0.00886258576
    22370   0.00854233373
    22380   0.01167010050
    22390   0.00919365883
    22400   0.01683223993
    22410   0.01173211634
    22420   0.00965944305
    22430   0.01045807358
    22440   0.01046526991
    22450   0.00885701273
    22460   0.01130915061
    22470   0.01120966952
    22480   0.01129739359
    22490   0.00809197687
    22500   0.01001949422
    22510   0.00985346176
    22520   0.01020038966
    22530   0.01258659177
    22540   0.00961059332
    22550   0.01097436063
    22560   0.00753385760
    22570   0.01045847964
    22580   0.01207210124
    22590   0.00719428482
    22600   0.01000499446
    22610   0.01029141899
    22620   0.01104764733
    22630   0.01057266537
    22640   0.00863013417
    22650   0.00950315688
    22660   0.01006668713
    22670   0.01230800711
    22680   0.00891631097
    22690   0.00955329835
    22700   0.01045414060
    22710   0.01111821365
    22720   0.00800649635
    22730   0.01105449814
    22740   0.01136459969
    22750   0.01027690712
    22760   0.00822987035
    22770   0.00975933112
    22780   0.00894369371
    22790   0.01001418568
    22800   0.01065831259
    22810   0.00942107104
    22820   0.01094499137
    22830   0.01043644641
    22840   0.00990054104
    22850   0.01028377283
    22860   0.01025328785
    22870   0.00993483327
    22880   0.00890219864
    22890   0.01012816187
    22900   0.01029562671
    22910   0.00983660109
    22920   0.01075140946
    22930   0.00936544128
    22940   0.00893785525
    22950   0.00993663259
    22960   0.01124473754
    22970   0.01096295472
    22980   0.01281726547
    22990   0.00687814178
    23000   0.00867894012
    23010   0.00953983795
    23020   0.01076723449
    23030   0.01052315813
    23040   0.01011313312
    23050   0.00919743255
    23060   0.00969888736
    23070   0.01129864994
    23080   0.01004781108
    23090   0.01024881098
    23100   0.00778064923
    23110   0.00872803386
    23120   0.01005926635
    23130   0.01059152652
    23140   0.01027632412
    23150   0.01157491654
    23160   0.01040737238
    23170   0.01106225792
    23180   0.00971762743
    23190   0.01082025655
    23200   0.01022459194
    23210   0.00889748521
    23220   0.00897124596
    23230   0.00967895985
    23240   0.00995152630
    23250   0.01170734502
    23260   0.01125017367
    23270   0.01043792255
    23280   0.00850999262
    23290   0.00758816395
    23300   0.01068220474
    23310   0.00844109990
    23320   0.01048213616
    23330   0.00988597050
    23340   0.01011726074
    23350   0.00981139205
    23360   0.00901920162
    23370   0.01008295268
    23380   0.01053794846
    23390   0.01132651232
    23400   0.01013966650
    23410   0.01026389468
    23420   0.00943350140
    23430   0.00956795737
    23440   0.00927469414
    23450   0.00898852665
    23460   0.00934424065
    23470   0.01207395457
    23480   0.01144044008
    23490   0.00896318443
    23500   0.00805209018
    23510   0.00834634528
    23520   0.01045417693
    23530   0.00884405151
    23540   0.01080074720
    23550   0.01051885076
    23560   0.00995267276
    23570   0.01193828881
    23580   0.00901244208
    23590   0.00992591679
    23600   0.01303866040
    23610   0.01049672998
    23620   0.01111684833
    23630   0.00864565372
    23640   0.01240264252
    23650   0.01052997354
    23660   0.01148771774
    23670   0.00809520762
    23680   0.00838886481
    23690   0.01255206112
    23700   0.01020245347
    23710   0.00686639920
    23720   0.01068087760
    23730   0.00748649333
    23740   0.00968512148
    23750   0.01113494486
    23760   0.01028665435
    23770   0.01283779461
    23780   0.01199028455
    23790   0.00932333432
    23800   0.01394650340
    23810   0.01242871955
    23820   0.01343676727
    23830   0.01138732117
    23840   0.01467118226
    23850   0.00929048005
    23860   0.01323184557
    23870   0.01520140097
    23880   0.01173630357
    23890   0.01300749741
    23900   0.01475305762
    23910   0.01271629706
    23920   0.01619265229
    23930   0.01599798165
    23940   0.01619230211
    23950   0.01718778722
    23960   0.01736044884
    23970   0.01835159212
    23980   0.01906980388
    23990   0.02029342204
    24000   0.02099184692
    24010   0.02635405771
    24020   0.02523808554
    24030   0.02708956040
    24040   0.03190859407
    24050   0.03103925847
    24060   0.03388825431
    24070   0.03644263744
    24080   0.03846116364
    24090   0.03807083517
    24100   0.04023830593
    24110   0.03862671927
    24120   0.04086470604
    24130   0.03665722534
    24140   0.03744671866
    24150   0.03370825201
    24160   0.02919521555
    24170   0.03136121854
    24180   0.02646871656
    24190   0.02306444198
    24200   0.02157913335
    24210   0.02136027254
    24220   0.02024146542
    24230   0.01915573701
    24240   0.01819162071
    24250   0.01559272036
    24260   0.01628505811
    24270   0.01806629263
    24280   0.01718020439
    24290   0.01243943255
    24300   0.01463691890
    24310   0.01448478550
    24320   0.01649088599
    24330   0.01047864277
    24340   0.01483830996
    24350   0.01209976338
    24360   0.01388753578
    24370   0.01335593965
    24380   0.01034800895
    24390   0.01452725101
    24400   0.01119600236
    24410   0.01127586048
    24420   0.01269384380
    24430   0.01027092710
    24440   0.01034602709
    24450   0.01201540232
    24460   0.00930606201
    24470   0.01046698540
    24480   0.01151707768
    24490   0.01237301622
    24500   0.01221761480
    24510   0.01201605145
    24520   0.01211718004
    24530   0.00995056611
    24540   0.01078997180
    24550   0.00934221130
    24560   0.01023209188
    24570   0.01085077133
    24580   0.01147680264
    24590   0.01034393627
    24600   0.01306178328
    24610   0.01013991237
    24620   0.01153199095
    24630   0.01020996645
    24640   0.01333071105
    24650   0.01154738851
    24660   0.01203363203
    24670   0.00993875694
    24680   0.01069473568
    24690   0.00796564668
    24700   0.01247628964
    24710   0.01094219740
    24720   0.01013047434
    24730   0.01250306517
    24740   0.01114451326
    24750   0.01050308533
    24760   0.01137605123
    24770   0.01081331540
    24780   0.01153453160
    24790   0.01146517601
    24800   0.00941943098
    24810   0.01092141867
    24820   0.00987911876
    24830   0.00997817889
    24840   0.01102005690
    24850   0.00998922065
    24860   0.01065159310
    24870   0.00869575050
    24880   0.00935958140
    24890   0.00927659310
    24900   0.01052700914
    24910   0.00825717021
    24920   0.00965570007
    24930   0.00940321293
    24940   0.00951891765
    24950   0.00852629356
    24960   0.01107863896
    24970   0.01040707622
    24980   0.01129325386
    24990   0.01056598127
    25000   0.01294463035
    25010   0.00756348297
    25020   0.01118865050
    25030   0.01121857390
    25040   0.01147506386
    25050   0.00989502482
    25060   0.01154625881
    25070   0.00997744408
    25080   0.01275442168
    25090   0.01043906901
    25100   0.01025087293
    25110   0.01117749792
    25120   0.00939184055
    25130   0.01031143870
    25140   0.00909596868
    25150   0.00888787210
    25160   0.00872905832
    25170   0.01144230925
    25180   0.01082747150
    25190   0.01141177397
    25200   0.01029369794
    25210   0.01031710301
    25220   0.00954211131
    25230   0.00837683957
    25240   0.01117271092
    25250   0.00878234673
    25260   0.01033566799
    25270   0.01177513227
    25280   0.00866968185
    25290   0.01137416903
    25300   0.00975217205
    25310   0.01158238575
    25320   0.00943308882
    25330   0.00970205292
    25340   0.01203241013
    25350   0.00837218668
    25360   0.00961816777
    25370   0.00892921444
    25380   0.00960602984
    25390   0.00890789274
    25400   0.01189669874
    25410   0.00935158599
    25420   0.01016998105
    25430   0.01014299039
    25440   0.00970762223
    25450   0.00789894443
    25460   0.00902531575
    25470   0.00885339361
    25480   0.01195690595
    25490   0.01071154233
    25500   0.01242702827
    25510   0.00860022660
    25520   0.01057839487
    25530   0.00802701060
    25540   0.01241415925
    25550   0.00999299996
    25560   0.00996738486
    25570   0.01096176170
    25580   0.00869444758
    25590   0.00826575141
    25600   0.01027831156
    25610   0.00959178712
    25620   0.01039090008
    25630   0.00938051660
    25640   0.00792646874
    25650   0.01032342017
    25660   0.01225985307
    25670   0.01319623087
    25680   0.00837352313
    25690   0.00974202901
    25700   0.01097020600
    25710   0.00956482720
    25720   0.01192635205
    25730   0.00967881177
    25740   0.01091339719
    25750   0.00928107183
    25760   0.00991859473
    25770   0.00959093124
    25780   0.00966198090
    25790   0.01004542969
    25800   0.01120914891
    25810   0.01231690403
    25820   0.00889158435
    25830   0.01082931831
    25840   0.00955606345
    25850   0.01051345933
    25860   0.00974892639
    25870   0.01206501387
    25880   0.01242938172
    25890   0.01003414486
    25900   0.01094317343
    25910   0.00929623656
    25920   0.01049964223
    25930   0.01158633176
    25940   0.01007788349
    25950   0.00926655717
    25960   0.01281889249
    25970   0.01047356240
    25980   0.01011341903
    25990   0.01156305987
    26000   0.01085398067
