     3000  -0.00013489477
     3010  -0.00021220904
     3020   0.00013244808
     3030  -0.00023883338
     3040  -0.00010843210
     3050   0.00000454602
     3060  -0.00007928087
     3070  -0.00000612712
     3080  -0.00018242920
     3090  -0.00006732836
     3100  -0.00005508599
     3110  -0.00026352613
     3120  -0.00010233685
     3130  -0.00015593677
     3140  -0.00014536789
     3150  -0.00028573396
     3160  -0.00037831816
     3170   0.00019021860
     3180  -0.00005489475
     3190  -0.00009900169
     3200   0.00015360225
     3210  -0.00028807422
     3220  -0.00005945445
     3230  -0.00025083733
     3240   0.00009843941
     3250  -0.00028859242
     3260  -0.00023018013
     3270   0.00016573897
     3280  -0.00028572552
     3290  -0.00007743061
     3300   0.00002445971
     3310  -0.00001369834
     3320  -0.00016123203
     3330  -0.00015682328
     3340   0.00018767863
     3350  -0.00029841036
     3360  -0.00013696005
     3370  -0.00002376135
     3380  -0.00014613228
     3390   0.00005867642
     3400  -0.00018290570
     3410  -0.00008918822
     3420  -0.00022292600
     3430  -0.00027308919
     3440  -0.00010231217
     3450  -0.00009376503
     3460  -0.00021662160
     3470  -0.00034324094
     3480  -0.00018686097
     3490  -0.00150933221
     3500  -0.00004683574
     3510   0.00000054937
     3520  -0.00004687963
     3530   0.00017689327
     3540  -0.00019670078
     3550   0.00008667944
     3560  -0.00019983425
     3570   0.00013971241
     3580  -0.00005849986
     3590   0.00004571008
     3600  -0.00025569927
     3610  -0.00001189257
     3620   0.00009817220
     3630  -0.00007785011
     3640  -0.00024588214
     3650  -0.00016307895
     3660  -0.00010997862
     3670   0.00001160840
     3680   0.00009388879
     3690  -0.00002397299
     3700  -0.00007766497
     3710   0.00015263428
     3720   0.00017667850
     3730  -0.00004413979
     3740   0.00008805643
     3750   0.00002435296
     3760   0.00008385606
     3770  -0.00046402757
     3780   0.00004649956
     3790   0.00019398755
     3800  -0.00012331434
     3810  -0.00004184338
     3820  -0.00002066947
     3830  -0.00018097078
     3840  -0.00018317040
     3850  -0.00016982209
     3860   0.00015474690
     3870  -0.00002057618
     3880   0.00001494427
     3890   0.00000827844
     3900   0.00006080851
     3910   0.00030260038
     3920   0.00003532424
     3930  -0.00011089788
     3940   0.00011094214
     3950   0.00004608936
     3960   0.00004251632
     3970  -0.00006569848
     3980  -0.00013766695
     3990  -0.00008339153
     4000  -0.00002546852
     4010  -0.00001238668
     4020  -0.00025399719
     4030   0.00030906906
     4040  -0.00000672031
     4050  -0.00012636502
     4060   0.00030444993
     4070   0.00004978529
     4080   0.00016192427
     4090  -0.00020210796
     4100   0.00017991819
     4110  -0.00010639510
     4120   0.00000111489
     4130  -0.00024204448
     4140   0.00020548796
     4150   0.00013280367
     4160   0.00004799664
     4170  -0.00010250410
     4180   0.00019502032
     4190  -0.00015009020
     4200   0.00016633273
     4210   0.00010310713
     4220  -0.00004076075
     4230   0.00001065050
     4240  -0.00003643699
     4250   0.00030764024
     4260   0.00008675222
     4270   0.00010795909
     4280  -0.00005375597
     4290  -0.00004184288
     4300   0.00033799766
     4310  -0.00005743598
     4320   0.00030411649
     4330   0.00009265640
     4340   0.00022066943
     4350  -0.00015768362
     4360   0.00013422214
     4370   0.00030190844
     4380   0.00005190631
     4390   0.00007600088
     4400   0.00024036893
     4410  -0.00013969168
     4420   0.00015866649
     4430   0.00002037481
     4440   0.00021043220
     4450   0.00015676391
     4460   0.00007896372
     4470   0.00003024766
     4480   0.00001146508
     4490   0.00018292363
     4500   0.00012393489
     4510   0.00011060945
     4520   0.00021070037
     4530  -0.00002732149
     4540  -0.00006432962
     4550  -0.00007083255
     4560  -0.00000668922
     4570   0.00024591148
     4580   0.00023756665
     4590   0.00042660080
     4600   0.00029351364
     4610  -0.00003076064
     4620   0.00024428038
     4630   0.00012838736
     4640   0.00021049175
     4650  -0.00027071557
     4660   0.00008178302
     4670   0.00031123700
     4680   0.00008488937
     4690   0.00008760499
     4700   0.00005127775
     4710   0.00013725617
     4720  -0.00002337702
     4730   0.00002723576
     4740   0.00011990388
     4750  -0.00010964771
     4760   0.00015843763
     4770   0.00009627177
     4780   0.00011061778
     4790   0.00025123058
     4800   0.00029016772
     4810   0.00018557854
     4820   0.00019142774
     4830   0.00024642097
     4840   0.00022137379
     4850   0.00001944186
     4860   0.00021042344
     4870  -0.00002236741
     4880   0.00015218394
     4890  -0.00001950704
     4900   0.00017110095
     4910   0.00031882169
     4920  -0.00002001342
     4930   0.00020301962
     4940   0.00011137989
     4950   0.00010059185
     4960   0.00004644482
     4970   0.00005629846
     4980   0.00016644150
     4990  -0.00005709446
     5000   0.00003143634
     5010   0.00020148962
     5020   0.00006563475
     5030   0.00024323509
     5040   0.00006809764
     5050   0.00006144716
     5060   0.00017773158
     5070  -0.00002090743
     5080   0.00004810694
     5090   0.00009983248
     5100   0.00029585868
     5110   0.00029855085
     5120   0.00011421467
     5130   0.00020725791
     5140   0.00011729432
     5150   0.00016802018
     5160   0.00014849068
     5170   0.00019389021
     5180   0.00014911588
     5190   0.00015701338
     5200   0.00027881435
     5210   0.00023549741
     5220   0.00009641317
     5230   0.00015097443
     5240  -0.00006773012
     5250   0.00028295454
     5260   0.00019808742
     5270   0.00003853588
     5280   0.00014466452
     5290   0.00015953252
     5300   0.00005988100
     5310   0.00013334432
     5320   0.00017018552
     5330   0.00036071075
     5340   0.00019334359
     5350   0.00024229607
     5360   0.00012929241
     5370   0.00025169231
     5380   0.00007044090
     5390   0.00015866834
     5400   0.00013076855
     5410   0.00023941584
     5420   0.00017294171
     5430   0.00004754173
     5440   0.00017309378
     5450   0.00021207106
     5460   0.00006948251
     5470   0.00018932216
     5480   0.00004318139
     5490   0.00027772546
     5500   0.00010394146
     5510   0.00006284881
     5520   0.00036696557
     5530   0.00014522857
     5540   0.00018811051
     5550   0.00029020300
     5560   0.00015154800
     5570   0.00022440589
     5580  -0.00001624406
     5590   0.00019888239
     5600   0.00005394605
     5610   0.00010649976
     5620   0.00005944691
     5630   0.00021987621
     5640   0.00034368271
     5650   0.00021391807
     5660   0.00025920040
     5670   0.00039429829
     5680   0.00041026733
     5690   0.00033781896
     5700   0.00009382774
     5710   0.00018248733
     5720   0.00012341961
     5730   0.00010510213
     5740   0.00044463127
     5750   0.00044609493
     5760   0.00039854471
     5770   0.00048051291
     5780   0.00048332941
     5790   0.00071586436
     5800   0.00067941035
     5810   0.00046832350
     5820   0.00082525867
     5830   0.00083268242
     5840   0.00079960248
     5850   0.00121771276
     5860   0.00108729920
     5870   0.00111386832
     5880   0.00163920200
     5890   0.00178419903
     5900   0.00221538241
     5910   0.00243763416
     5920   0.00297201565
     5930   0.00330039253
     5940   0.00397649407
     5950   0.00470599160
     5960   0.00531928707
     5970   0.00621793373
     5980   0.00697980868
     5990   0.00804483984
     6000   0.00858378876
     6010   0.00950799696
     6020   0.01043996401
     6030   0.01153509039
     6040   0.01233476214
     6050   0.01335804164
     6060   0.01450306550
     6070   0.01556752250
     6080   0.01700326055
     6090   0.01852317713
     6100   0.02019947767
     6110   0.02199181914
     6120   0.02427618206
     6130   0.02697847411
     6140   0.02987260558
     6150   0.03337580338
     6160   0.03728421405
     6170   0.04227297008
     6180   0.04721160978
     6190   0.05281043798
     6200   0.05881242082
     6210   0.06478931010
     6220   0.07101903856
     6230   0.07720753551
     6240   0.08324462920
     6250   0.08892410249
     6260   0.09408517182
     6270   0.09940989316
     6280   0.10476797074
     6290   0.11065097153
     6300   0.11642446369
     6310   0.12263829261
     6320   0.12975735962
     6330   0.13738664985
     6340   0.14589679241
     6350   0.15487860143
     6360   0.16498734057
     6370   0.17576529086
     6380   0.18683141470
     6390   0.19879879057
     6400   0.21106278896
     6410   0.22357577085
     6420   0.23589064181
     6430   0.24872653186
     6440   0.26146700978
     6450   0.27440166473
     6460   0.28681129217
     6470   0.29893487692
     6480   0.31051370502
     6490   0.32140788436
     6500   0.33059921861
     6510   0.33777832985
     6520   0.34150704741
     6530   0.34100165963
     6540   0.33504649997
     6550   0.32450795174
     6560   0.30942791700
     6570   0.29119876027
     6580   0.27165886760
     6590   0.25234749913
     6600   0.23319444060
     6610   0.21647366881
     6620   0.20138922334
     6630   0.18927821517
     6640   0.17799030244
     6650   0.16798709333
     6660   0.15743137896
     6670   0.14568774402
     6680   0.13221743703
     6690   0.11677619815
     6700   0.10006240010
     6710   0.08207715303
     6720   0.06556600332
     6730   0.05090174451
     6740   0.03883703426
     6750   0.02972873300
     6760   0.02231348865
     6770   0.01718007214
     6780   0.01325392630
     6790   0.01027734950
     6800   0.00838475488
     6810   0.00653218245
     6820   0.00524730328
     6830   0.00465088431
     6840   0.00367580424
     6850   0.00342744938
     6860   0.00275447988
     6870   0.00261602807
     6880   0.00216449820
     6890   0.00176769774
     6900   0.00203487882
     6910   0.00161975645
     6920   0.00161163951
     6930   0.00166429905
     6940   0.00131325051
     6950   0.00152361928
     6960   0.00146054057
     6970   0.00131972099
     6980   0.00116398023
     6990   0.00144586153
     7000   0.00121731276
     7010   0.00116063643
     7020   0.00155313790
     7030   0.00132681732
     7040   0.00123417680
     7050   0.00135032914
     7060   0.00118829228
     7070   0.00143561186
     7080   0.00134867465
     7090   0.00131176098
     7100   0.00131511665
     7110   0.00135385909
     7120   0.00122034422
     7130   0.00113906327
     7140   0.00118137675
     7150   0.00137677556
     7160   0.00111876789
     7170   0.00124458945
     7180   0.00133486185
     7190   0.00125764753
     7200   0.00113856338
     7210   0.00113023212
     7220   0.00164998439
     7230   0.00111085514
     7240   0.00128371676
     7250   0.00122633786
     7260   0.00172486948
     7270   0.00144240679
     7280   0.00140897720
     7290   0.00164520845
     7300   0.00182442856
     7310   0.00178779208
     7320   0.00242431695
     7330   0.00217771111
     7340   0.00235640327
     7350   0.00251889508
     7360   0.00304900995
     7370   0.00297557004
     7380   0.00342362397
     7390   0.00395093299
     7400   0.00408333261
     7410   0.00459783059
     7420   0.00494955154
     7430   0.00530083571
     7440   0.00618495094
     7450   0.00608368497
     7460   0.00669883378
     7470   0.00711910333
     7480   0.00777172670
     7490   0.00794966705
     7500   0.00862821471
     7510   0.00916996505
     7520   0.00985755119
     7530   0.01005452964
     7540   0.01074913330
     7550   0.01131972484
     7560   0.01231878810
     7570   0.01302339230
     7580   0.01398514304
     7590   0.01503051724
     7600   0.01656674966
     7610   0.01778757386
     7620   0.01947602257
     7630   0.02185640857
     7640   0.02455513552
     7650   0.02763952129
     7660   0.03159872815
     7670   0.03594401851
     7680   0.04180128872
     7690   0.04840116203
     7700   0.05680844188
     7710   0.06662426144
     7720   0.07866325974
     7730   0.09369777888
     7740   0.11146815121
     7750   0.13301219046
     7760   0.15822072327
     7770   0.18725793064
     7780   0.22119697928
     7790   0.26112127304
     7800   0.30646830797
     7810   0.35575878620
     7820   0.40948516130
     7830   0.46833002567
     7840   0.52966600657
     7850   0.59194773436
     7860   0.65614014864
     7870   0.72145569324
     7880   0.78786683083
     7890   0.85289812088
     7900   0.91862380505
     7910   0.98675435781
     7920   1.05291187763
     7930   1.12299859524
     7940   1.19434845448
     7950   1.26928710937
     7960   1.35008203983
     7970   1.43489444256
     7980   1.52552938461
     7990   1.62277686596
     8000   1.82882404327
     8010   1.95353865623
     8020   2.09519410133
     8030   2.23338317871
     8040   2.39547419548
     8050   2.57487511635
     8060   2.76230430603
     8070   2.97773075104
     8080   3.21880173683
     8090   3.47627067566
     8100   3.75726437569
     8110   4.07165527344
     8120   4.41876411438
     8130   4.80513000488
     8140   5.24673891068
     8150   5.74425697327
     8160   6.25875806808
     8170   6.86079359055
     8180   7.55697584152
     8190   8.29852485657
     8200   9.16936016083
     8210  10.19244670868
     8220  11.23682212830
     8230  12.42570686340
     8240  13.84476280212
     8250  15.29033374786
     8260  16.99730873108
     8270  18.97065734863
     8280  21.01580429077
     8290  23.20837020874
     8300  25.75445556641
     8310  28.39880371094
     8320  31.23886299133
     8330  34.39390945435
     8340  37.57616424561
     8350  40.73877334595
     8360  44.15122985840
     8370  47.67400360107
     8380  50.97257614136
     8390  54.35041046143
     8400  57.46023178101
     8410  60.13007736206
     8420  62.54600143433
     8430  64.73470306396
     8440  66.45247650146
     8450  67.91097259521
     8460  69.05872344971
     8470  69.81491088867
     8480  70.26880645752
     8490  70.50581359863
     8500  70.51224517822
     8510  70.36944580078
     8520  70.07412719727
     8530  69.72392272949
     8540  69.33648681641
     8550  68.92437744141
     8560  68.52903747559
     8570  68.18589019775
     8580  67.87348937988
     8590  67.62755584717
     8600  67.46233367920
     8610  67.36492156982
     8620  67.33026885986
     8630  67.36089324951
     8640  67.45166778564
     8650  67.60047149658
     8660  67.76078033447
     8670  67.95668792725
     8680  68.20471191406
     8690  68.46773529053
     8700  68.74509429932
     8710  69.05014801025
     8720  69.33799743652
     8730  69.62524414062
     8740  69.92144012451
     8750  70.20635986328
     8760  70.48324584961
     8770  70.77973937988
     8780  71.06659698486
     8790  71.34310150146
     8800  71.62448883057
     8810  71.91484832764
     8820  72.19573974609
     8830  72.50005340576
     8840  72.80918121338
     8850  73.09214782715
     8860  73.38404846191
     8870  73.68852233887
     8880  73.96765136719
     8890  74.25003051758
     8900  74.53245544434
     8910  74.78353118896
     8920  75.02323913574
     8930  75.25452423096
     8940  75.46667480469
     8950  75.66861724854
     8960  75.86403656006
     8970  76.03995513916
     8980  76.20008850098
     8990  76.36025238037
     9000  76.50803375244
     9010  76.64323425293
     9020  76.78253173828
     9030  76.89011383057
     9040  76.96671295166
     9050  77.01484680176
     9060  77.01738739014
     9070  76.94015502930
     9080  76.77523803711
     9090  76.47837829590
     9100  76.07997894287
     9110  75.51050567627
     9120  74.71408843994
     9130  73.76715087891
     9140  72.54375457764
     9150  70.99729919434
     9160  69.27407073975
     9170  67.36624145508
     9180  65.07765960693
     9190  62.65963363647
     9200  60.06218719482
     9210  57.10767364502
     9220  54.07451248169
     9230  51.14963150024
     9240  48.05464935303
     9250  44.91883087158
     9260  42.07382965088
     9270  39.08753585815
     9280  36.20224380493
     9290  33.67425537109
     9300  31.23186492920
     9310  28.80388832092
     9320  26.69549942017
     9330  24.61245536804
     9340  22.61803054810
     9350  20.89451217651
     9360  19.33027458191
     9370  17.80117416382
     9380  16.46987915039
     9390  15.23835182190
     9400  14.05568981171
     9410  13.02009391785
     9420  12.10278415680
     9430  11.22351551056
     9440  10.42621994019
     9450   9.72996616364
     9460   9.05480861664
     9470   8.45288372040
     9480   7.93861770630
     9490   7.45978641510
     9500   6.99918508530
     9510   6.61268901825
     9520   6.22341728210
     9530   5.85881853104
     9540   5.55322170258
     9550   5.25932216644
     9560   4.97354316711
     9570   4.72487926483
     9580   4.48592138290
     9590   4.25964498520
     9600   4.06199455261
     9610   3.87975764275
     9620   3.70048928261
     9630   3.54381465912
     9640   3.39431118965
     9650   3.24878358841
     9660   3.11632108688
     9670   2.99937891960
     9680   2.88490319252
     9690   2.77763485909
     9700   2.68402028084
     9710   2.58705663681
     9720   2.49518108368
     9730   2.41685414314
     9740   2.33791255951
     9750   2.26517701149
     9760   2.19987297058
     9770   2.13260865211
     9780   2.07041049004
     9790   2.01367306709
     9800   1.96032655239
     9810   1.90472674370
     9820   1.85924077034
     9830   1.81000804901
     9840   1.76364076138
     9850   1.71945619583
     9860   1.67615580559
     9870   1.63404583931
     9880   1.59391295910
     9890   1.55140626431
     9900   1.51216447353
     9910   1.47087144852
     9920   1.43662071228
     9930   1.39910507202
     9940   1.35858929157
     9950   1.32208049297
     9960   1.28428065777
     9970   1.24654650688
     9980   1.21206665039
     9990   1.17737984657
    10000   1.14146792889
    10010   1.10896801949
    10020   1.07858371735
    10030   1.04073607922
    10040   1.01329827309
    10050   0.98516166210
    10060   0.95535230637
    10070   0.92973744869
    10080   0.90545916557
    10090   0.88286113739
    10100   0.86035078764
    10110   0.83939933777
    10120   0.82536041737
    10130   0.81333315372
    10140   0.79850327969
    10150   0.79441720247
    10160   0.78976565599
    10170   0.78882098198
    10180   0.78543353081
    10190   0.79444104433
    10200   0.80146908760
    10210   0.81556624174
    10220   0.83280670643
    10230   0.85040378571
    10240   0.87270373106
    10250   0.90298813581
    10260   0.93214970827
    10270   0.96660923958
    10280   1.00625050068
    10290   1.04703700542
    10300   1.08753538132
    10310   1.12392389774
    10320   1.16015279293
    10330   1.18711996078
    10340   1.20517420769
    10350   1.21476888657
    10360   1.21004343033
    10370   1.20052099228
    10380   1.17985081673
    10390   1.14930379391
    10400   1.10975515842
    10410   1.05665683746
    10420   0.99822461605
    10430   0.93612003326
    10440   0.86165636778
    10450   0.79255700111
    10460   0.72378802299
    10470   0.65385913849
    10480   0.59620290995
    10490   0.54301303625
    10500   0.49402639270
    10510   0.45063501596
    10520   0.41419705749
    10530   0.37984645367
    10540   0.34935837984
    10550   0.32389762998
    10560   0.30231398344
    10570   0.28216010332
    10580   0.26597791910
    10590   0.25023144484
    10600   0.23568350077
    10610   0.22812771797
    10620   0.21293668449
    10630   0.20449542999
    10640   0.19569993019
    10650   0.18794521689
    10660   0.18217425048
    10670   0.17734867334
    10680   0.17127007246
    10690   0.16648502648
    10700   0.16315609217
    10710   0.15901285410
    10720   0.15655845404
    10730   0.15211863816
    10740   0.15229012072
    10750   0.14920897782
    10760   0.14865240455
    10770   0.14886057377
    10780   0.14512142539
    10790   0.14614720643
    10800   0.14418548346
    10810   0.14536072314
    10820   0.14576803148
    10830   0.14703367651
    10840   0.14747387171
    10850   0.15037244558
    10860   0.15247285366
    10870   0.15362876654
    10880   0.15647035837
    10890   0.16165021062
    10900   0.16587258875
    10910   0.16873610020
    10920   0.17807722092
    10930   0.18250869215
    10940   0.18848986924
    10950   0.19949164987
    10960   0.20744685829
    10970   0.21552464366
    10980   0.22629478574
    10990   0.23263739049
    11000   0.24555110931
    11010   0.25531786680
    11020   0.26698032022
    11030   0.28139474988
    11040   0.29128485918
    11050   0.29818570614
    11060   0.30611091852
    11070   0.31073483825
    11080   0.31816145778
    11090   0.31969305873
    11100   0.31451663375
    11110   0.31194195151
    11120   0.30466961861
    11130   0.29162234068
    11140   0.28271859884
    11150   0.26762714982
    11160   0.25237497687
    11170   0.23677074909
    11180   0.22439028323
    11190   0.20933845639
    11200   0.19274914265
    11210   0.18504041433
    11220   0.17218676209
    11230   0.16249248385
    11240   0.15490648150
    11250   0.14155232906
    11260   0.13482041657
    11270   0.12771835923
    11280   0.12154533714
    11290   0.11867694557
    11300   0.11216937751
    11310   0.11002257466
    11320   0.10510668904
    11330   0.09796077758
    11340   0.09541304410
    11350   0.09374930710
    11360   0.09000029415
    11370   0.08732700348
    11380   0.08580040187
    11390   0.08643876761
    11400   0.08347830921
    11410   0.08180510253
    11420   0.08244790882
    11430   0.08084369451
    11440   0.08084789664
    11450   0.08231059462
    11460   0.08051650971
    11470   0.08393789828
    11480   0.08439324796
    11490   0.08353870362
    11500   0.08635827899
    11510   0.08875855803
    11520   0.08774411678
    11530   0.08865723759
    11540   0.08928056061
    11550   0.09296450019
    11560   0.09826196730
    11570   0.09687027335
    11580   0.10076408833
    11590   0.10575464368
    11600   0.10974781960
    11610   0.10868633538
    11620   0.11430047452
    11630   0.11524122953
    11640   0.11846326292
    11650   0.12652593851
    11660   0.12381079048
    11670   0.12764319777
    11680   0.13135860860
    11690   0.13186375797
    11700   0.13257411122
    11710   0.13151049614
    11720   0.13327665627
    11730   0.13018631935
    11740   0.12370429188
    11750   0.12208941579
    11760   0.12071989477
    11770   0.11597325653
    11780   0.10926640034
    11790   0.10434475541
    11800   0.10462822020
    11810   0.09869858623
    11820   0.09468840063
    11830   0.08596885949
    11840   0.08476728201
    11850   0.07855536789
    11860   0.07504704595
    11870   0.07437487692
    11880   0.06578885764
    11890   0.06456883997
    11900   0.06173596904
    11910   0.06010098755
    11920   0.05611131713
    11930   0.05660031363
    11940   0.05671425536
    11950   0.05213368684
    11960   0.05217068642
    11970   0.04915280268
    11980   0.04655703902
    11990   0.04816180468
    12000   0.04717498273
    12010   0.04641187564
    12020   0.04259021953
    12030   0.04042458907
    12040   0.04295321554
    12050   0.04059646279
    12060   0.04480091855
    12070   0.04240817204
    12080   0.03909686208
    12090   0.04261116683
    12100   0.03894259408
    12110   0.04251433536
    12120   0.03915941715
    12130   0.04247684032
    12140   0.04316614941
    12150   0.04150104150
    12160   0.04057563096
    12170   0.04205426201
    12180   0.04342671856
    12190   0.04252418131
    12200   0.04524666443
    12210   0.04292371869
    12220   0.04270925000
    12230   0.04361691326
    12240   0.04647506401
    12250   0.04705482349
    12260   0.04745999351
    12270   0.05178168789
    12280   0.05041891709
    12290   0.05351838842
    12300   0.05309487507
    12310   0.05484514311
    12320   0.05954222754
    12330   0.05904175341
    12340   0.05962840468
    12350   0.06035977229
    12360   0.06227994338
    12370   0.06379190832
    12380   0.06347613037
    12390   0.06691519171
    12400   0.06690423191
    12410   0.06874036789
    12420   0.06650642306
    12430   0.06704103202
    12440   0.06696926057
    12450   0.06511250138
    12460   0.06657407433
    12470   0.06376162171
    12480   0.06321784854
    12490   0.06207938492
    12500   0.06074086949
    12510   0.05847417191
    12520   0.05665610731
    12530   0.05167200416
    12540   0.05432426184
    12550   0.05057316273
    12560   0.05030600727
    12570   0.04898399487
    12580   0.04567059129
    12590   0.04577321932
    12600   0.04166886210
    12610   0.04214640334
    12620   0.03551265970
    12630   0.03942801431
    12640   0.03710626811
    12650   0.03733773902
    12660   0.03624374047
    12670   0.03499125317
    12680   0.03321796656
    12690   0.03301537782
    12700   0.03257744014
    12710   0.03284422308
    12720   0.03094812483
    12730   0.02955192514
    12740   0.03004086576
    12750   0.02787887119
    12760   0.03288545460
    12770   0.02887130156
    12780   0.03025680222
    12790   0.02693710476
    12800   0.02686031535
    12810   0.02770143375
    12820   0.02968836017
    12830   0.02741400339
    12840   0.02746558189
    12850   0.02954650857
    12860   0.02651970647
    12870   0.02974455059
    12880   0.02643974498
    12890   0.02903110534
    12900   0.02503660135
    12910   0.02389114723
    12920   0.02810531668
    12930   0.02537765168
    12940   0.02907280065
    12950   0.02976993471
    12960   0.02808490582
    12970   0.03186444566
    12980   0.02720563486
    12990   0.03014847822
    13000   0.03210705891
    13010   0.03093550541
    13020   0.03027427010
    13030   0.02896751091
    13040   0.03030884638
    13050   0.03262104094
    13060   0.03178721666
    13070   0.03291138634
    13080   0.03260560334
    13090   0.03563366085
    13100   0.03497797251
    13110   0.03669319674
    13120   0.03594771028
    13130   0.03709268942
    13140   0.04076701775
    13150   0.04282259569
    13160   0.03985437378
    13170   0.04180895537
    13180   0.04329102114
    13190   0.04357384145
    13200   0.04285916686
    13210   0.04749880359
    13220   0.04602928087
    13230   0.04991126433
    13240   0.05028319359
    13250   0.05047637224
    13260   0.04959627241
    13270   0.05132547393
    13280   0.05147089809
    13290   0.05226968974
    13300   0.05481821299
    13310   0.05330048129
    13320   0.05338068679
    13330   0.05077982321
    13340   0.05127282813
    13350   0.04820214957
    13360   0.04935796559
    13370   0.04929817468
    13380   0.04784848168
    13390   0.04619406909
    13400   0.04479156435
    13410   0.04454527050
    13420   0.04275215417
    13430   0.04349225760
    13440   0.03824553266
    13450   0.03936345875
    13460   0.03934666142
    13470   0.03598219529
    13480   0.03711875901
    13490   0.03638480976
    13500   0.03509972617
    13510   0.03345499933
    13520   0.03207980096
    13530   0.03197618946
    13540   0.03274617717
    13550   0.03217052668
    13560   0.02791089937
    13570   0.02784982510
    13580   0.02770284191
    13590   0.02834985405
    13600   0.02760373801
    13610   0.02931404673
    13620   0.02854764834
    13630   0.02610470727
    13640   0.02774564736
    13650   0.02709441446
    13660   0.02470117807
    13670   0.02733612806
    13680   0.02570538409
    13690   0.02518302016
    13700   0.02714655921
    13710   0.02534961887
    13720   0.02571886592
    13730   0.02610292844
    13740   0.02453044243
    13750   0.02689348161
    13760   0.02469759807
    13770   0.02520191483
    13780   0.02636257000
    13790   0.02590350062
    13800   0.02844098210
    13810   0.02602357045
    13820   0.02499875240
    13830   0.02537942491
    13840   0.02890924551
    13850   0.02917550690
    13860   0.02737936750
    13870   0.02574210614
    13880   0.03134151921
    13890   0.02938661724
    13900   0.02605857514
    13910   0.02752016671
    13920   0.03055334464
    13930   0.02985093370
    13940   0.02940267697
    13950   0.03195263073
    13960   0.03319874406
    13970   0.03383620083
    13980   0.03266944364
    13990   0.03473113477
    14000   0.03956702352
    14010   0.03944252804
    14020   0.03875162452
    14030   0.04117222503
    14040   0.04031860828
    14050   0.04233369976
    14060   0.03948894143
    14070   0.04723590985
    14080   0.04854679108
    14090   0.04831552133
    14100   0.05196059495
    14110   0.05262308940
    14120   0.05229840800
    14130   0.05700023100
    14140   0.05691302940
    14150   0.06136783212
    14160   0.06045919657
    14170   0.06547805667
    14180   0.06522721797
    14190   0.06692610681
    14200   0.07027024031
    14210   0.06974042207
    14220   0.06917207688
    14230   0.07016219199
    14240   0.07310950011
    14250   0.07145766914
    14260   0.06847058237
    14270   0.07027609646
    14280   0.06916708499
    14290   0.06772451848
    14300   0.06400489807
    14310   0.06419694424
    14320   0.06600022316
    14330   0.06248593703
    14340   0.05943637341
    14350   0.05526415631
    14360   0.05474059656
    14370   0.05306789652
    14380   0.04885102436
    14390   0.05110589415
    14400   0.04469272867
    14410   0.04647929221
    14420   0.04698276892
    14430   0.04408005998
    14440   0.04100363702
    14450   0.04203509167
    14460   0.04209030047
    14470   0.04039879516
    14480   0.03945406526
    14490   0.03744372353
    14500   0.03801373020
    14510   0.03558380529
    14520   0.03382511064
    14530   0.03363153338
    14540   0.03557295352
    14550   0.02947807871
    14560   0.03239234909
    14570   0.03166937828
    14580   0.03372523934
    14590   0.03024011478
    14600   0.03332346678
    14610   0.03066415153
    14620   0.03090682440
    14630   0.03210484236
    14640   0.03244664147
    14650   0.03013533168
    14660   0.03046426550
    14670   0.02922137454
    14680   0.02931016497
    14690   0.02833443321
    14700   0.02867806517
    14710   0.03031468578
    14720   0.02952086553
    14730   0.02870698832
    14740   0.02961358428
    14750   0.02989774756
    14760   0.02997492626
    14770   0.03215384856
    14780   0.02957203612
    14790   0.02962190472
    14800   0.03107620031
    14810   0.03089706227
    14820   0.03325995803
    14830   0.03397259116
    14840   0.03168158606
    14850   0.03360010311
    14860   0.03381767124
    14870   0.03559951112
    14880   0.03500215337
    14890   0.03657210991
    14900   0.03704284132
    14910   0.03872680292
    14920   0.03907009214
    14930   0.03922435269
    14940   0.04050959647
    14950   0.04269208014
    14960   0.04311796650
    14970   0.04468251020
    14980   0.04836174846
    14990   0.04882800952
    15000   0.05071510002
    15010   0.05258980021
    15020   0.05471000448
    15030   0.05751920491
    15040   0.05989595130
    15050   0.06474856287
    15060   0.06689376384
    15070   0.07145977765
    15080   0.07642414421
    15090   0.07979921252
    15100   0.08396556228
    15110   0.08794762194
    15120   0.09484690428
    15130   0.10262434185
    15140   0.10636599362
    15150   0.11678872257
    15160   0.12193220854
    15170   0.13080699742
    15180   0.13705959916
    15190   0.15117420256
    15200   0.15856070817
    15210   0.16686509550
    15220   0.17502325773
    15230   0.18305572867
    15240   0.19099019468
    15250   0.19560071826
    15260   0.20685896277
    15270   0.20488168299
    15280   0.20604476333
    15290   0.20251211524
    15300   0.19928789139
    15310   0.19130243361
    15320   0.18892318010
    15330   0.18256630003
    15340   0.17396913469
    15350   0.16456641257
    15360   0.15466366708
    15370   0.14639131725
    15380   0.13819190860
    15390   0.13087446988
    15400   0.12667293847
    15410   0.11681088060
    15420   0.11067587137
    15430   0.10557325929
    15440   0.09737341851
    15450   0.09329672903
    15460   0.08845148236
    15470   0.08719546348
    15480   0.08154841512
    15490   0.07722608745
    15500   0.07499425858
    15510   0.07097805291
    15520   0.07129274309
    15530   0.06686482579
    15540   0.06543958932
    15550   0.06455103308
    15560   0.06251884997
    15570   0.05991337821
    15580   0.05843598768
    15590   0.05962989107
    15600   0.05725584924
    15610   0.05668967590
    15620   0.05540479347
    15630   0.05684068799
    15640   0.05283696949
    15650   0.05296352878
    15660   0.05087454244
    15670   0.05230148137
    15680   0.05381945521
    15690   0.05117743835
    15700   0.05083493143
    15710   0.05183847994
    15720   0.05014372244
    15730   0.05088055506
    15740   0.05107446760
    15750   0.05338826403
    15760   0.05194417760
    15770   0.05110690743
    15780   0.05594535172
    15790   0.05339845270
    15800   0.05195395648
    15810   0.05459425598
    15820   0.05655158311
    15830   0.05592136458
    15840   0.05845692381
    15850   0.05942399800
    15860   0.05962256715
    15870   0.06105914339
    15880   0.06326371431
    15890   0.06501451135
    15900   0.06839391589
    15910   0.07033256441
    15920   0.07381740212
    15930   0.07548204064
    15940   0.08057878911
    15950   0.08529035002
    15960   0.08749839664
    15970   0.09465072304
    15980   0.10029634088
    15990   0.10836209357
    16000   0.11668954045
    16010   0.12571421266
    16020   0.13682836294
    16030   0.14655670524
    16040   0.16491271555
    16050   0.17785364389
    16060   0.19596149027
    16070   0.21973301470
    16080   0.24496507645
    16090   0.27408951521
    16100   0.30853834748
    16110   0.34903073311
    16120   0.39396461844
    16130   0.44709235430
    16140   0.51049000025
    16150   0.57791405916
    16160   0.65326899290
    16170   0.73884409666
    16180   0.81887525320
    16190   0.90196144581
    16200   0.96726530790
    16210   1.00364542007
    16220   1.00417828560
    16230   0.96111232042
    16240   0.88041758537
    16250   0.77927297354
    16260   0.66139173508
    16270   0.55464577675
    16280   0.47005423903
    16290   0.39054185152
    16300   0.32858470082
    16310   0.28001090884
    16320   0.23972059786
    16330   0.20445492864
    16340   0.17991831899
    16350   0.16109538078
    16360   0.13979658484
    16370   0.12655824423
    16380   0.11554410309
    16390   0.10246415436
    16400   0.09413789213
    16410   0.08743768930
    16420   0.07954169065
    16430   0.07602215558
    16440   0.07251001894
    16450   0.06726870686
    16460   0.06489342451
    16470   0.05833050981
    16480   0.05744383484
    16490   0.05342928320
    16500   0.04955070838
    16510   0.04846122861
    16520   0.04558019340
    16530   0.04510755092
    16540   0.04234570265
    16550   0.04007737339
    16560   0.03987519816
    16570   0.03637560084
    16580   0.03863884509
    16590   0.03542360663
    16600   0.03607526422
    16610   0.03220838681
    16620   0.03448991477
    16630   0.03284336627
    16640   0.03372856602
    16650   0.03125114739
    16660   0.03223222494
    16670   0.03147206455
    16680   0.02929030359
    16690   0.03287399188
    16700   0.02960855700
    16710   0.03114636429
    16720   0.02857950702
    16730   0.02893675491
    16740   0.02563915960
    16750   0.02572873235
    16760   0.02580765821
    16770   0.02628963813
    16780   0.02557186782
    16790   0.02826065198
    16800   0.02745002508
    16810   0.02780908532
    16820   0.02768737637
    16830   0.02764800750
    16840   0.02854738198
    16850   0.02735015377
    16860   0.02686882019
    16870   0.02918109484
    16880   0.02622784488
    16890   0.02515338175
    16900   0.02705573291
    16910   0.02592491172
    16920   0.02655261196
    16930   0.02801874280
    16940   0.02695361339
    16950   0.02837611735
    16960   0.02839175798
    16970   0.02695992962
    16980   0.02807414532
    16990   0.03089793399
    17000   0.02836963907
    17010   0.02964618616
    17020   0.02936405130
    17030   0.03066533804
    17040   0.03036733903
    17050   0.03038125858
    17060   0.03259423375
    17070   0.03124061972
    17080   0.03381728008
    17090   0.03421554714
    17100   0.03324139491
    17110   0.03528869897
    17120   0.03504949436
    17130   0.03946489468
    17140   0.03989950195
    17150   0.03991940618
    17160   0.04374839365
    17170   0.04119278863
    17180   0.04357076809
    17190   0.04691969603
    17200   0.04720186442
    17210   0.04931424186
    17220   0.05484219268
    17230   0.05545513704
    17240   0.06037813053
    17250   0.06366673857
    17260   0.06652370840
    17270   0.06827680022
    17280   0.07544999570
    17290   0.07736890763
    17300   0.08234013617
    17310   0.08660175651
    17320   0.09245777875
    17330   0.09530881792
    17340   0.09400072694
    17350   0.10043341666
    17360   0.10400719196
    17370   0.10530329496
    17380   0.10640406609
    17390   0.10432647169
    17400   0.10355988890
    17410   0.09957572818
    17420   0.09480628371
    17430   0.08893731236
    17440   0.08537661284
    17450   0.07669325918
    17460   0.07480400801
    17470   0.06655170023
    17480   0.06420622766
    17490   0.05665052310
    17500   0.05549019575
    17510   0.04962998629
    17520   0.04656261951
    17530   0.04323155805
    17540   0.04035628960
    17550   0.03655940294
    17560   0.03507011384
    17570   0.03400422633
    17580   0.03098317795
    17590   0.03007470816
    17600   0.02794375457
    17610   0.02824836783
    17620   0.02572729811
    17630   0.02369907685
    17640   0.02033467591
    17650   0.02135900222
    17660   0.02307056636
    17670   0.02307122573
    17680   0.02191588469
    17690   0.02188442089
    17700   0.02074715309
    17710   0.01961874217
    17720   0.01634100825
    17730   0.02081650309
    17740   0.01873629726
    17750   0.01810451411
    17760   0.01742518134
    17770   0.01857296191
    17780   0.01641841419
    17790   0.01730877906
    17800   0.01711491123
    17810   0.01483957935
    17820   0.01714797877
    17830   0.01545831002
    17840   0.01529480238
    17850   0.01397423726
    17860   0.01380832586
    17870   0.01235691179
    17880   0.01447443757
    17890   0.01500113308
    17900   0.01560690627
    17910   0.01504211221
    17920   0.01431395393
    17930   0.01428422797
    17940   0.01350972429
    17950   0.01380732749
    17960   0.01214219630
    17970   0.01575449482
    17980   0.01313183643
    17990   0.01175282709
    18000   0.01363276504
    18010   0.01198970061
    18020   0.01515360922
    18030   0.01098528411
    18040   0.01583308727
    18050   0.01124460064
    18060   0.01596629247
    18070   0.01265711896
    18080   0.01440870296
    18090   0.01125797536
    18100   0.01173861232
    18110   0.01262675505
    18120   0.01220380142
    18130   0.01113979239
    18140   0.01224465482
    18150   0.01220575254
    18160   0.01294349600
    18170   0.01502295770
    18180   0.01267899759
    18190   0.01217526477
    18200   0.01434305497
    18210   0.01288945228
    18220   0.01359088812
    18230   0.01293991040
    18240   0.01274514943
    18250   0.01229986828
    18260   0.01287157927
    18270   0.01107361726
    18280   0.01341213472
    18290   0.01334593724
    18300   0.01386399195
    18310   0.01075533405
    18320   0.01274414547
    18330   0.01393259875
    18340   0.01197730377
    18350   0.01168723591
    18360   0.01274741348
    18370   0.01172148157
    18380   0.01372965518
    18390   0.01214585081
    18400   0.01386444084
    18410   0.01446221303
    18420   0.01394377183
    18430   0.01411178801
    18440   0.01068608370
    18450   0.01269400213
    18460   0.01008783467
    18470   0.01028022263
    18480   0.01352887880
    18490   0.01325632073
    18500   0.01184825785
    18510   0.01115431730
    18520   0.01251917146
    18530   0.01270217914
    18540   0.01298936084
    18550   0.01227500755
    18560   0.01302304864
    18570   0.01421519835
    18580   0.01227058563
    18590   0.01266788598
    18600   0.01287536602
    18610   0.01524141431
    18620   0.01339312829
    18630   0.01386902295
    18640   0.01235870458
    18650   0.01324677467
    18660   0.01114033256
    18670   0.01176393963
    18680   0.01112851128
    18690   0.01257538702
    18700   0.00950269029
    18710   0.01212552562
    18720   0.01106339507
    18730   0.01180549245
    18740   0.01813999936
    18750   0.01284214854
    18760   0.01157979015
    18770   0.01227131765
    18780   0.01338059828
    18790   0.01414408907
    18800   0.01377947349
    18810   0.01368036028
    18820   0.01148064062
    18830   0.01416604035
    18840   0.01336632855
    18850   0.01288512442
    18860   0.01302561443
    18870   0.01122480351
    18880   0.01279759407
    18890   0.01405184902
    18900   0.01179053914
    18910   0.01230247412
    18920   0.01131533552
    18930   0.01268577483
    18940   0.01107466407
    18950   0.01145666279
    18960   0.01063813735
    18970   0.01335622091
    18980   0.01260728855
    18990   0.01295635570
    19000   0.01425186079
    19010   0.01229192596
    19020   0.01480771787
    19030   0.01384414546
    19040   0.01014864352
    19050   0.01278411038
    19060   0.01141062193
    19070   0.01225944608
    19080   0.00983590540
    19090   0.01238315273
    19100   0.01121456269
    19110   0.01175940875
    19120   0.01373837143
    19130   0.01255805977
    19140   0.01245971676
    19150   0.01337056421
    19160   0.01135551464
    19170   0.01321234461
    19180   0.01159259584
    19190   0.01280292682
    19200   0.01275031269
    19210   0.01349092741
    19220   0.01638768800
    19230   0.01195924822
    19240   0.00955253188
    19250   0.01278687548
    19260   0.01155524235
    19270   0.01405789517
    19280   0.01455324423
    19290   0.01394771412
    19300   0.01232710388
    19310   0.01547427848
    19320   0.01315686945
    19330   0.01323853526
    19340   0.01343580522
    19350   0.01266775653
    19360   0.01061301865
    19370   0.01485428773
    19380   0.01365478989
    19390   0.01276752632
    19400   0.01132912654
    19410   0.01453351416
    19420   0.01503110398
    19430   0.01306420192
    19440   0.01385471970
    19450   0.01151189208
    19460   0.01251169574
    19470   0.01525004208
    19480   0.01252679247
    19490   0.01449355204
    19500   0.01379515138
    19510   0.01363338996
    19520   0.01344154589
    19530   0.01163459104
    19540   0.01327292714
    19550   0.01496294327
    19560   0.01405887026
    19570   0.01304232888
    19580   0.01259676833
    19590   0.01593070664
    19600   0.01391008683
    19610   0.01295200363
    19620   0.01352446526
    19630   0.01354717556
    19640   0.01365494076
    19650   0.01424398832
    19660   0.01109985635
    19670   0.01807734370
    19680   0.01384286769
    19690   0.01609064080
    19700   0.01471733861
    19710   0.01440959889
    19720   0.01593572460
    19730   0.01493768208
    19740   0.01444654632
    19750   0.01604671776
    19760   0.01579515450
    19770   0.01245545316
    19780   0.01444130763
    19790   0.01767151617
    19800   0.01526308432
    19810   0.01653492451
    19820   0.01375696156
    19830   0.01783614047
    19840   0.01790586114
    19850   0.01721515879
    19860   0.01570231654
    19870   0.01637801714
    19880   0.01769342087
    19890   0.01568172127
    19900   0.01792048477
    19910   0.01849597506
    19920   0.01588558592
    19930   0.01798413694
    19940   0.01649950072
    19950   0.01801469363
    19960   0.01647838019
    19970   0.01848118193
    19980   0.01778578945
    19990   0.01817780733
    20000   0.01882723719
    20010   0.01892324351
    20020   0.01801772974
    20030   0.01899612322
    20040   0.01902709715
    20050   0.01822112314
    20060   0.01771149226
    20070   0.01961641386
    20080   0.02022632025
    20090   0.02035798132
    20100   0.02238077670
    20110   0.01971819811
    20120   0.02071826532
    20130   0.01851841807
    20140   0.02318263054
    20150   0.02150716074
    20160   0.01995412447
    20170   0.02011762001
    20180   0.01940116845
    20190   0.02229254320
    20200   0.02187179588
    20210   0.02263076790
    20220   0.02028762177
    20230   0.01759724133
    20240   0.02157265507
    20250   0.01912799105
    20260   0.01810538955
    20270   0.01735993661
    20280   0.01940170303
    20290   0.01885725372
    20300   0.01903351955
    20310   0.01922144182
    20320   0.02101544105
    20330   0.01851051114
    20340   0.01846311428
    20350   0.01913890801
    20360   0.01856315881
    20370   0.01838030480
    20380   0.01899735443
    20390   0.01943027787
    20400   0.01958364248
    20410   0.01770743541
    20420   0.01681623049
    20430   0.01807324775
    20440   0.01850590482
    20450   0.01857141964
    20460   0.01883925684
    20470   0.01743936166
    20480   0.01647618227
    20490   0.01517799217
    20500   0.01574482396
    20510   0.01642454229
    20520   0.01625733636
    20530   0.01528095733
    20540   0.01733110659
    20550   0.01527743693
    20560   0.01561015192
    20570   0.01686716266
    20580   0.01630361751
    20590   0.01613441855
    20600   0.01577270031
    20610   0.01517479960
    20620   0.01508868858
    20630   0.01582579687
    20640   0.01538394857
    20650   0.01602539234
    20660   0.01415347029
    20670   0.01520907413
    20680   0.01569264196
    20690   0.01490118168
    20700   0.01262487099
    20710   0.01466036309
    20720   0.01479025930
    20730   0.01372378785
    20740   0.01411058661
    20750   0.01515277848
    20760   0.01329698320
    20770   0.01627664454
    20780   0.01467170380
    20790   0.01710530557
    20800   0.01574342698
    20810   0.01335956901
    20820   0.01497055590
    20830   0.01445735991
    20840   0.01499221288
    20850   0.01466314122
    20860   0.01545090042
    20870   0.01431376766
    20880   0.01417265926
    20890   0.01676092856
    20900   0.01603726484
    20910   0.01620361209
    20920   0.01371435914
    20930   0.01660789363
    20940   0.01258749701
    20950   0.01423728094
    20960   0.01279880106
    20970   0.01561306976
    20980   0.01403003093
    20990   0.01274019014
    21000   0.01521810330
    21010   0.01277827937
    21020   0.01482475456
    21030   0.01286577620
    21040   0.01377295423
    21050   0.01171985548
    21060   0.01718645543
    21070   0.01454748027
    21080   0.01412100997
    21090   0.01459595840
    21100   0.01618279330
    21110   0.01372771244
    21120   0.01324675791
    21130   0.01405380294
    21140   0.01382391527
    21150   0.01346090436
    21160   0.01388677303
    21170   0.01478496846
    21180   0.01405672636
    21190   0.01397067402
    21200   0.01526102144
    21210   0.01296427846
    21220   0.01462533139
    21230   0.01377485879
    21240   0.01243054308
    21250   0.01554926671
    21260   0.01196060330
    21270   0.01396659948
    21280   0.01490206365
    21290   0.01403044257
    21300   0.01372732967
    21310   0.01355406735
    21320   0.01519859768
    21330   0.01328782085
    21340   0.01387484185
    21350   0.01448023133
    21360   0.01404155325
    21370   0.01349187363
    21380   0.01156590506
    21390   0.01292357501
    21400   0.01446423680
    21410   0.01576982252
    21420   0.01470040157
    21430   0.01262319740
    21440   0.01305367798
    21450   0.01197836362
    21460   0.01579707861
    21470   0.01246357989
    21480   0.01487982646
    21490   0.01356366836
    21500   0.01440325007
    21510   0.01278853603
    21520   0.01256801002
    21530   0.01350385603
    21540   0.01269811764
    21550   0.01358078420
    21560   0.01452251431
    21570   0.01214491669
    21580   0.01337707229
    21590   0.01363019086
    21600   0.01262017060
    21610   0.01398911234
    21620   0.01333884429
    21630   0.01262917183
    21640   0.01106625609
    21650   0.01011121552
    21660   0.01278763264
    21670   0.01093034633
    21680   0.01533661596
    21690   0.01266512368
    21700   0.01466490515
    21710   0.01484462805
    21720   0.01516951434
    21730   0.01382108126
    21740   0.01505883411
    21750   0.01301810704
    21760   0.01664596424
    21770   0.01355476119
    21780   0.01232743822
    21790   0.01274592523
    21800   0.01508489344
    21810   0.01659877785
    21820   0.01240309328
    21830   0.01335614547
    21840   0.01367291529
    21850   0.01331171207
    21860   0.01388109196
    21870   0.01448141690
    21880   0.01388012152
    21890   0.01422343310
    21900   0.01414236799
    21910   0.01411706489
    21920   0.01227819547
    21930   0.01438979805
    21940   0.01602594368
    21950   0.01748535596
    21960   0.01527204271
    21970   0.01223769318
    21980   0.01296261605
    21990   0.01393620670
    22000   0.01491949242
    22010   0.01525135897
    22020   0.01474841684
    22030   0.01430414803
    22040   0.01472744439
    22050   0.01463658549
    22060   0.01389480196
    22070   0.01503477711
    22080   0.01452694088
    22090   0.01430538390
    22100   0.01515270397
    22110   0.01186660118
    22120   0.01347399689
    22130   0.01313307602
    22140   0.01452082489
    22150   0.01448986307
    22160   0.01415632758
    22170   0.01698881201
    22180   0.01309286617
    22190   0.01493805181
    22200   0.01569274813
    22210   0.01527305320
    22220   0.01302964799
    22230   0.01474288758
    22240   0.01555951033
    22250   0.01706507057
    22260   0.01265048794
    22270   0.01601912268
    22280   0.01444548368
    22290   0.01574123651
    22300   0.01366047934
    22310   0.01686046459
    22320   0.01612702198
    22330   0.01672008075
    22340   0.01711427607
    22350   0.01414147392
    22360   0.01804890111
    22370   0.01595824771
    22380   0.01548797265
    22390   0.01631574705
    22400   0.01475030556
    22410   0.01396114659
    22420   0.01564288326
    22430   0.01533326693
    22440   0.01503214892
    22450   0.01572619565
    22460   0.01874938235
    22470   0.01568625495
    22480   0.01518777572
    22490   0.01658723503
    22500   0.01460032631
    22510   0.01453343406
    22520   0.01571895741
    22530   0.01705050468
    22540   0.01662302203
    22550   0.01579208113
    22560   0.01625142992
    22570   0.01592912711
    22580   0.01621265337
    22590   0.01694791764
    22600   0.01653988287
    22610   0.01576019824
    22620   0.01573236100
    22630   0.01723028161
    22640   0.01659436896
    22650   0.01782015897
    22660   0.01708464511
    22670   0.01630702987
    22680   0.01600453816
    22690   0.01678163186
    22700   0.01869929209
    22710   0.01809602045
    22720   0.01430382952
    22730   0.01735964231
    22740   0.01649077982
    22750   0.01714423299
    22760   0.01907688193
    22770   0.01696572080
    22780   0.01856858842
    22790   0.01787836850
    22800   0.01817801595
    22810   0.01537625398
    22820   0.01833814755
    22830   0.01933399029
    22840   0.01987476833
    22850   0.01574527472
    22860   0.01661060005
    22870   0.02056308649
    22880   0.02045428008
    22890   0.01994724385
    22900   0.02041079663
    22910   0.01634773239
    22920   0.02033113316
    22930   0.01880776510
    22940   0.02174854651
    22950   0.02038531378
    22960   0.01911326312
    22970   0.02259117924
    22980   0.01888390630
    22990   0.02261602879
    23000   0.02163423225
    23010   0.02219964191
    23020   0.02171456628
    23030   0.02020182274
    23040   0.02285023592
    23050   0.02095438913
    23060   0.02218430676
    23070   0.02215614356
    23080   0.02126402035
    23090   0.02466617525
    23100   0.02125830762
    23110   0.02137918770
    23120   0.02111971751
    23130   0.02275613509
    23140   0.02516534925
    23150   0.02603035606
    23160   0.02262129635
    23170   0.02338202298
    23180   0.02539763227
    23190   0.02544263005
    23200   0.02389007062
    23210   0.02478791587
    23220   0.02641500905
    23230   0.02762039378
    23240   0.02712908573
    23250   0.02616007999
    23260   0.02745642886
    23270   0.02767097391
    23280   0.02806425281
    23290   0.02904459834
    23300   0.02687587962
    23310   0.02863764763
    23320   0.02704897150
    23330   0.03014693409
    23340   0.03272435442
    23350   0.03275302425
    23360   0.03211937845
    23370   0.03429887444
    23380   0.03131758794
    23390   0.03386359662
    23400   0.03562631458
    23410   0.03413335234
    23420   0.03343502432
    23430   0.03737849370
    23440   0.03501019254
    23450   0.03816540539
    23460   0.03790415078
    23470   0.03787533194
    23480   0.04110473022
    23490   0.04042184725
    23500   0.03913003206
    23510   0.04165938869
    23520   0.04280775785
    23530   0.04204097763
    23540   0.04309739172
    23550   0.04428322613
    23560   0.04596180096
    23570   0.04582810774
    23580   0.04443899915
    23590   0.04706185684
    23600   0.04971272871
    23610   0.05026403815
    23620   0.05263571069
    23630   0.05327725783
    23640   0.05625940859
    23650   0.05549311638
    23660   0.05711561441
    23670   0.05777091533
    23680   0.05804452300
    23690   0.06069966406
    23700   0.06291083246
    23710   0.06359524280
    23720   0.06571365893
    23730   0.06645350903
    23740   0.06830141693
    23750   0.07134386897
    23760   0.07422968745
    23770   0.07335945219
    23780   0.07250991464
    23790   0.07723661512
    23800   0.07983712107
    23810   0.08181393147
    23820   0.08320862055
    23830   0.08629155904
    23840   0.08889970183
    23850   0.09020797163
    23860   0.09351738542
    23870   0.09546999633
    23880   0.09817149490
    23890   0.10340238363
    23900   0.10530383140
    23910   0.10710000992
    23920   0.11131082475
    23930   0.11299229413
    23940   0.11481763422
    23950   0.12045268714
    23960   0.12108521909
    23970   0.12597602606
    23980   0.12765744328
    23990   0.13295641541
    24000   0.13472306728
    24010   0.13838146627
    24020   0.14338649809
    24030   0.14556260407
    24040   0.15165069699
    24050   0.15528306365
    24060   0.15786060691
    24070   0.16158044338
    24080   0.16471421719
    24090   0.16998988390
    24100   0.17409369349
    24110   0.17645061016
    24120   0.18204902112
    24130   0.18363197148
    24140   0.19017779827
    24150   0.19430926442
    24160   0.19762918353
    24170   0.20231352746
    24180   0.20651663840
    24190   0.20979468524
    24200   0.21457332373
    24210   0.21880832314
    24220   0.22277347744
    24230   0.22966866195
    24240   0.22844502330
    24250   0.23510782421
    24260   0.23853349686
    24270   0.24467003345
    24280   0.24523288012
    24290   0.24881283939
    24300   0.25166681409
    24310   0.25587621331
    24320   0.26113432646
    24330   0.26413968205
    24340   0.26477563381
    24350   0.26845937967
    24360   0.27513313293
    24370   0.27557554841
    24380   0.27973592281
    24390   0.28225895762
    24400   0.28485372663
    24410   0.28835287690
    24420   0.29096743464
    24430   0.29291352630
    24440   0.29286900163
    24450   0.29559481144
    24460   0.29858648777
    24470   0.29933393002
    24480   0.30193397403
    24490   0.30341309309
    24500   0.30383977294
    24510   0.30513602495
    24520   0.30652824044
    24530   0.30707424879
    24540   0.31085681915
    24550   0.30772966146
    24560   0.31082111597
    24570   0.31103402376
    24580   0.31237798929
    24590   0.31388017535
    24600   0.31410509348
    24610   0.31316146255
    24620   0.31053832173
    24630   0.31233525276
    24640   0.31345522404
    24650   0.31438282132
    24660   0.31683024764
    24670   0.31513470411
    24680   0.31586274505
    24690   0.31363213062
    24700   0.31906488538
    24710   0.31504806876
    24720   0.31552222371
    24730   0.31581273675
    24740   0.31521689892
    24750   0.31492623687
    24760   0.31534940004
    24770   0.31723746657
    24780   0.31555423141
    24790   0.31687408686
    24800   0.31706452370
    24810   0.31550914049
    24820   0.31391018629
    24830   0.31476292014
    24840   0.31709277630
    24850   0.31741738319
    24860   0.31435817480
    24870   0.31642585993
    24880   0.31525507569
    24890   0.31662034988
    24900   0.31702288985
    24910   0.31725481153
    24920   0.31672349572
    24930   0.32020643353
    24940   0.31961083412
    24950   0.31943503022
    24960   0.32041949034
    24970   0.32243025303
    24980   0.32121858001
    24990   0.31957486272
    25000   0.32026937604
    25010   0.32231834531
    25020   0.32375979424
    25030   0.32239165902
    25040   0.32504105568
    25050   0.32714879513
    25060   0.32709372044
    25070   0.32847341895
    25080   0.33098775148
    25090   0.33053651452
    25100   0.33124947548
    25110   0.33091449738
    25120   0.33278235793
    25130   0.33247780800
    25140   0.33430394530
    25150   0.33644166589
    25160   0.33960828185
    25170   0.34164440632
    25180   0.34348818660
    25190   0.34679949284
    25200   0.34533521533
    25210   0.34602493048
    25220   0.35020595789
    25230   0.35293692350
    25240   0.35260516405
    25250   0.35450148582
    25260   0.35865488648
    25270   0.35809478164
    25280   0.36138972640
    25290   0.36243587732
    25300   0.36832687259
    25310   0.36801436543
    25320   0.36928895116
    25330   0.37387475371
    25340   0.37737271190
    25350   0.38183519244
    25360   0.38212606311
    25370   0.38625374436
    25380   0.38957861066
    25390   0.39288792014
    25400   0.39564320445
    25410   0.39736899734
    25420   0.40256619453
    25430   0.40470710397
    25440   0.41114217043
    25450   0.41334274411
    25460   0.41736337543
    25470   0.42219385505
    25480   0.42711803317
    25490   0.42943033576
    25500   0.43680235744
    25510   0.43929666281
    25520   0.44422250986
    25530   0.45072633028
    25540   0.45608752966
    25550   0.45798468590
    25560   0.46059879661
    25570   0.46276187897
    25580   0.46571883559
    25590   0.46813929081
    25600   0.47700884938
    25610   0.48384508491
    25620   0.49211663008
    25630   0.50248992443
    25640   0.51175671816
    25650   0.51859611273
    25660   0.52530288696
    25670   0.52934765816
    25680   0.53540951014
    25690   0.54170107841
    25700   0.54964089394
    25710   0.55846643448
    25720   0.56698590517
    25730   0.57316493988
    25740   0.58257323503
    25750   0.59044742584
    25760   0.59318780899
    25770   0.60459142923
    25780   0.61193650961
    25790   0.62096756697
    25800   0.62772935629
    25810   0.63865685463
    25820   0.64788025618
    25830   0.65842455626
    25840   0.67398983240
    25850   0.68047904968
    25860   0.69181787968
    25870   0.70219308138
    25880   0.71647739410
    25890   0.73017364740
    25900   0.74295639992
    25910   0.76159310341
    25920   0.77516287565
    25930   0.78784626722
    25940   0.80187290907
    25950   0.81268113852
    25960   0.82635200024
    25970   0.84094434977
    25980   0.85154968500
    25990   0.86542052031
    26000   0.87967526913
