10741.100000 0.001812
10742.300000 0.007701
10743.400000 0.010657
10744.600000 0.009918
10745.800000 0.006604
10746.900000 0.003243
10748.100000 0.002027
10749.200000 0.003767
10750.400000 0.007343
10751.500000 0.009966
10752.700000 0.010347
10753.800000 0.009155
10755.000000 0.008631
10756.200000 0.011587
10757.300000 0.017285
10758.500000 0.022292
10759.600000 0.023961
10760.800000 0.021052
10761.900000 0.015926
10763.100000 0.012422
10764.300000 0.011325
10765.400000 0.011539
10766.600000 0.011253
10767.700000 0.008869
10768.900000 0.005627
10770.100000 0.003624
10771.200000 0.003147
10772.400000 0.004125
10773.500000 0.006127
10774.700000 0.008535
10775.900000 0.011182
10777.000000 0.013685
10778.200000 0.014830
10779.300000 0.014663
10780.500000 0.014520
10781.700000 0.015807
10782.800000 0.019503
10784.000000 0.025010
10785.200000 0.030255
10786.300000 0.033474
10787.500000 0.033927
10788.700000 0.031638
10789.800000 0.027537
10791.000000 0.022578
10792.100000 0.017333
10793.300000 0.013328
10794.500000 0.011778
10795.600000 0.011706
10796.800000 0.011516
10798.000000 0.010943
10799.100000 0.010514
10800.300000 0.011754
10801.500000 0.015616
10802.600000 0.020099
10803.800000 0.023103
10805.000000 0.024009
10806.100000 0.023222
10807.300000 0.022721
10808.500000 0.023627
10809.600000 0.024557
10810.800000 0.024533
10812.000000 0.023699
10813.100000 0.022721
10814.300000 0.023031
10815.500000 0.024486
10816.700000 0.025177
10817.800000 0.024343
10819.000000 0.022554
10820.200000 0.020862
10821.300000 0.020623
10822.500000 0.022197
10823.700000 0.024819
10824.900000 0.027823
10826.000000 0.030470
10827.200000 0.031686
10828.400000 0.030851
10829.500000 0.028586
10830.700000 0.025868
10831.900000 0.023460
10833.100000 0.021791
10834.200000 0.019932
10835.400000 0.017476
10836.600000 0.015759
10837.800000 0.016141
10838.900000 0.019503
10840.100000 0.025249
10841.300000 0.029969
10842.500000 0.032282
10843.600000 0.033832
10844.800000 0.036311
10846.000000 0.041056
10847.200000 0.046682
10848.300000 0.049233
10849.500000 0.047851
10850.700000 0.044823
10851.900000 0.042534
10853.000000 0.043225
10854.200000 0.045943
10855.400000 0.047755
10856.600000 0.049043
10857.800000 0.051403
10858.900000 0.055194
10860.100000 0.060058
10861.300000 0.063157
10862.500000 0.062037
10863.700000 0.058079
10864.800000 0.053883
10866.000000 0.051260
10867.200000 0.051141
10868.400000 0.052047
10869.600000 0.052714
10870.700000 0.054336
10871.900000 0.057602
10873.100000 0.062346
10874.300000 0.067353
10875.500000 0.070310
10876.700000 0.070357
10877.800000 0.068617
10879.000000 0.066686
10880.200000 0.065827
10881.400000 0.066924
10882.600000 0.069857
10883.800000 0.073671
10884.900000 0.076866
10886.100000 0.078511
10887.300000 0.078583
10888.500000 0.077486
10889.700000 0.076103
10890.900000 0.074935
10892.100000 0.074220
10893.200000 0.074530
10894.400000 0.075912
10895.600000 0.079036
10896.800000 0.083637
10898.000000 0.086832
10899.200000 0.086594
10900.400000 0.083447
10901.600000 0.079536
10902.700000 0.077868
10903.900000 0.080204
10905.100000 0.085139
10906.300000 0.090861
10907.500000 0.095916
10908.700000 0.100110
10909.900000 0.105120
10911.100000 0.111100
10912.300000 0.116440
10913.500000 0.120090
10914.600000 0.121710
10915.800000 0.122020
10917.000000 0.122360
10918.200000 0.123690
10919.400000 0.126120
10920.600000 0.129580
10921.800000 0.133470
10923.000000 0.136260
10924.200000 0.136780
10925.400000 0.135160
10926.600000 0.132470
10927.800000 0.130800
10929.000000 0.131630
10930.200000 0.134110
10931.400000 0.136800
10932.500000 0.139570
10933.700000 0.142310
10934.900000 0.145270
10936.100000 0.148220
10937.300000 0.149460
10938.500000 0.148870
10939.700000 0.148420
10940.900000 0.149870
10942.100000 0.154540
10943.300000 0.161460
10944.500000 0.167540
10945.700000 0.172280
10946.900000 0.177410
10948.100000 0.184230
10949.300000 0.193310
10950.500000 0.202470
10951.700000 0.208160
10952.900000 0.209260
10954.100000 0.206710
10955.300000 0.202490
10956.500000 0.199010
10957.700000 0.198220
10958.900000 0.200460
10960.100000 0.204940
10961.300000 0.209880
10962.500000 0.212410
10963.700000 0.211500
10964.900000 0.209310
10966.100000 0.208810
10967.300000 0.212100
10968.500000 0.219300
10969.700000 0.227520
10970.900000 0.234370
10972.100000 0.239830
10973.300000 0.243900
10974.500000 0.246570
10975.700000 0.248240
10976.900000 0.248980
10978.200000 0.250580
10979.400000 0.255510
10980.600000 0.262980
10981.800000 0.269890
10983.000000 0.273540
10984.200000 0.272390
10985.400000 0.269150
10986.600000 0.268410
10987.800000 0.269840
10989.000000 0.271490
10990.200000 0.273110
10991.400000 0.275020
10992.600000 0.280190
10993.800000 0.290420
10995.100000 0.301550
10996.300000 0.309590
10997.500000 0.313710
10998.700000 0.315070
10999.900000 0.317880
11001.100000 0.323680
11002.300000 0.327800
11003.500000 0.327660
11004.700000 0.324730
11005.900000 0.321560
11007.200000 0.321700
11008.400000 0.325370
11009.600000 0.328970
11010.800000 0.331430
11012.000000 0.334240
11013.200000 0.338960
11014.400000 0.347040
11015.600000 0.356750
11016.900000 0.364520
11018.100000 0.369720
11019.300000 0.373440
11020.500000 0.375720
11021.700000 0.376800
11022.900000 0.377820
11024.100000 0.379560
11025.400000 0.383420
11026.600000 0.389500
11027.800000 0.394440
11029.000000 0.395730
11030.200000 0.395040
11031.400000 0.394630
11032.700000 0.396870
11033.900000 0.401970
11035.100000 0.405810
11036.300000 0.406720
11037.500000 0.407150
11038.700000 0.409360
11040.000000 0.415020
11041.200000 0.422600
11042.400000 0.427270
11043.600000 0.428150
11044.800000 0.428220
11046.100000 0.428990
11047.300000 0.431130
11048.500000 0.433750
11049.700000 0.434920
11050.900000 0.436830
11052.200000 0.442650
11053.400000 0.451230
11054.600000 0.459600
11055.800000 0.464510
11057.100000 0.463910
11058.300000 0.460460
11059.500000 0.457860
11060.700000 0.456170
11061.900000 0.455260
11063.200000 0.455830
11064.400000 0.458430
11065.600000 0.464700
11066.800000 0.474290
11068.100000 0.483750
11069.300000 0.490740
11070.500000 0.495700
11071.700000 0.498870
11073.000000 0.500300
11074.200000 0.499890
11075.400000 0.496860
11076.700000 0.493140
11077.900000 0.492330
11079.100000 0.494690
11080.300000 0.498150
11081.600000 0.500180
11082.800000 0.498720
11084.000000 0.496200
11085.200000 0.496860
11086.500000 0.500660
11087.700000 0.505540
11088.900000 0.509790
11090.200000 0.511790
11091.400000 0.513120
11092.600000 0.515580
11093.900000 0.517180
11095.100000 0.516490
11096.300000 0.514340
11097.500000 0.512290
11098.800000 0.512890
11100.000000 0.516840
11101.200000 0.521490
11102.500000 0.524880
11103.700000 0.527480
11104.900000 0.529480
11106.200000 0.531150
11107.400000 0.532200
11108.600000 0.531340
11109.900000 0.529620
11111.100000 0.529930
11112.300000 0.531740
11113.600000 0.532650
11114.800000 0.531510
11116.100000 0.528310
11117.300000 0.525980
11118.500000 0.528100
11119.800000 0.533030
11121.000000 0.537470
11122.200000 0.540590
11123.500000 0.542550
11124.700000 0.545410
11125.900000 0.550630
11127.200000 0.554250
11128.400000 0.553350
11129.700000 0.549410
11130.900000 0.545260
11132.100000 0.544810
11133.400000 0.549240
11134.600000 0.554750
11135.900000 0.558260
11137.100000 0.559850
11138.300000 0.559930
11139.600000 0.559470
11140.800000 0.558950
11142.100000 0.557450
11143.300000 0.555800
11144.500000 0.556110
11145.800000 0.557780
11147.000000 0.558640
11148.300000 0.558540
11149.500000 0.558350
11150.800000 0.559450
11152.000000 0.563100
11153.200000 0.566050
11154.500000 0.564720
11155.700000 0.560830
11157.000000 0.557570
11158.200000 0.558020
11159.500000 0.563290
11160.700000 0.568290
11162.000000 0.568370
11163.200000 0.565480
11164.500000 0.562070
11165.700000 0.559310
11166.900000 0.557540
11168.200000 0.553920
11169.400000 0.549320
11170.700000 0.549890
11171.900000 0.557640
11173.200000 0.569610
11174.400000 0.580670
11175.700000 0.584460
11176.900000 0.582080
11178.200000 0.581030
11179.400000 0.582960
11180.700000 0.584910
11181.900000 0.583620
11183.200000 0.576160
11184.400000 0.566860
11185.700000 0.562880
11186.900000 0.564100
11188.200000 0.567460
11189.400000 0.570540
11190.700000 0.571510
11191.900000 0.573280
11193.200000 0.578760
11194.400000 0.584340
11195.700000 0.586990
11197.000000 0.587420
11198.200000 0.587110
11199.500000 0.588870
11200.700000 0.592920
11202.000000 0.594230
11203.200000 0.590630
11204.500000 0.585220
11205.700000 0.580620
11207.000000 0.578450
11208.200000 0.578640
11209.500000 0.578520
11210.800000 0.578710
11212.000000 0.582600
11213.300000 0.589250
11214.500000 0.595570
11215.800000 0.598340
11217.000000 0.595260
11218.300000 0.590180
11219.600000 0.588970
11220.800000 0.591330
11222.100000 0.594230
11223.300000 0.595620
11224.600000 0.593950
11225.900000 0.591560
11227.100000 0.591060
11228.400000 0.590060
11229.600000 0.586840
11230.900000 0.582980
11232.200000 0.580290
11233.400000 0.580670
11234.700000 0.584080
11236.000000 0.586510
11237.200000 0.586220
11238.500000 0.585820
11239.700000 0.586080
11241.000000 0.585910
11242.300000 0.583890
11243.500000 0.578140
11244.800000 0.571180
11246.100000 0.568650
11247.300000 0.570730
11248.600000 0.573800
11249.900000 0.575420
11251.100000 0.574140
11252.400000 0.573680
11253.700000 0.579090
11254.900000 0.587390
11256.200000 0.593260
11257.500000 0.594040
11258.700000 0.589510
11260.000000 0.585290
11261.300000 0.586650
11262.500000 0.591090
11263.800000 0.594900
11265.100000 0.597500
11266.300000 0.598650
11267.600000 0.600270
11268.900000 0.602460
11270.100000 0.600890
11271.400000 0.594520
11272.700000 0.587130
11274.000000 0.581880
11275.200000 0.580670
11276.500000 0.582600
11277.800000 0.583790
11279.000000 0.583930
11280.300000 0.585990
11281.600000 0.590110
11282.900000 0.594760
11284.100000 0.597880
11285.400000 0.597380
11286.700000 0.595900
11288.000000 0.597410
11289.200000 0.600310
11290.500000 0.601480
11291.800000 0.599620
11293.100000 0.594780
11294.300000 0.590990
11295.600000 0.591660
11296.900000 0.593830
11298.200000 0.594380
11299.400000 0.593330
11300.700000 0.591710
11302.000000 0.592210
11303.300000 0.595880
11304.500000 0.599290
11305.800000 0.600810
11307.100000 0.602410
11308.400000 0.604580
11309.700000 0.606800
11310.900000 0.607510
11312.200000 0.604200
11313.500000 0.598600
11314.800000 0.595740
11316.100000 0.596500
11317.300000 0.598880
11318.600000 0.600340
11319.900000 0.598480
11321.200000 0.596210
11322.500000 0.598100
11323.700000 0.603080
11325.000000 0.608040
11326.300000 0.610710
11327.600000 0.609780
11328.900000 0.608060
11330.200000 0.608440
11331.400000 0.608590
11332.700000 0.606440
11334.000000 0.603010
11335.300000 0.599810
11336.600000 0.598690
11337.900000 0.600340
11339.200000 0.602170
11340.400000 0.603560
11341.700000 0.607230
11343.000000 0.613520
11344.300000 0.620510
11345.600000 0.625060
11346.900000 0.623230
11348.200000 0.616790
11349.400000 0.612210
11350.700000 0.610800
11352.000000 0.610110
11353.300000 0.608210
11354.600000 0.603510
11355.900000 0.599480
11357.200000 0.601030
11358.500000 0.606130
11359.800000 0.610640
11361.100000 0.612260
11362.300000 0.610280
11363.600000 0.608730
11364.900000 0.611190
11366.200000 0.614400
11367.500000 0.614910
11368.800000 0.612760
11370.100000 0.608920
11371.400000 0.606230
11372.700000 0.605870
11374.000000 0.604530
11375.300000 0.601670
11376.600000 0.600890
11377.900000 0.604130
11379.200000 0.611380
11380.400000 0.619910
11381.700000 0.624490
11383.000000 0.624540
11384.300000 0.623850
11385.600000 0.623110
11386.900000 0.621370
11388.200000 0.618270
11389.500000 0.613380
11390.800000 0.610780
11392.100000 0.614830
11393.400000 0.622060
11394.700000 0.626830
11396.000000 0.627140
11397.300000 0.623200
11398.600000 0.619700
11399.900000 0.620560
11401.200000 0.621510
11402.500000 0.618650
11403.800000 0.613120
11405.100000 0.607610
11406.400000 0.606990
11407.700000 0.612710
11409.000000 0.619170
11410.300000 0.622920
11411.600000 0.625210
11412.900000 0.627020
11414.200000 0.629450
11415.500000 0.631210
11416.800000 0.628210
11418.100000 0.621720
11419.400000 0.617070
11420.700000 0.616120
11422.000000 0.617890
11423.300000 0.619750
11424.700000 0.618270
11426.000000 0.615840
11427.300000 0.616910
11428.600000 0.619820
11429.900000 0.621560
11431.200000 0.620790
11432.500000 0.617380
11433.800000 0.616290
11435.100000 0.621060
11436.400000 0.626490
11437.700000 0.627680
11439.000000 0.624490
11440.300000 0.619150
11441.600000 0.617580
11443.000000 0.622010
11444.300000 0.626710
11445.600000 0.627800
11446.900000 0.625730
11448.200000 0.622490
11449.500000 0.622110
11450.800000 0.624560
11452.100000 0.625250
11453.400000 0.623440
11454.800000 0.621700
11456.100000 0.621080
11457.400000 0.621940
11458.700000 0.622490
11460.000000 0.620060
11461.300000 0.617360
11462.600000 0.618480
11463.900000 0.622300
11465.300000 0.625920
11466.600000 0.626540
11467.900000 0.622700
11469.200000 0.618650
11470.500000 0.618580
11471.800000 0.620820
11473.200000 0.622890
11474.500000 0.623250
11475.800000 0.621600
11477.100000 0.621150
11478.400000 0.623320
11479.700000 0.624920
11481.100000 0.624350
11482.400000 0.622700
11483.700000 0.621130
11485.000000 0.621200
11486.300000 0.622080
11487.700000 0.620410
11489.000000 0.616770
11490.300000 0.614830
11491.600000 0.615810
11492.900000 0.619200
11494.300000 0.622800
11495.600000 0.623700
11496.900000 0.623990
11498.200000 0.627280
11499.500000 0.632100
11500.900000 0.635600
11502.200000 0.635650
11503.500000 0.631400
11504.800000 0.627040
11506.200000 0.626350
11507.500000 0.627090
11508.800000 0.626710
11510.100000 0.625110
11511.500000 0.623200
11512.800000 0.624490
11514.100000 0.629690
11515.400000 0.633930
11516.800000 0.634570
11518.100000 0.632740
11519.400000 0.630520
11520.700000 0.630950
11522.100000 0.633720
11523.400000 0.634770
11524.700000 0.633530
11526.000000 0.632480
11527.400000 0.632190
11528.700000 0.632330
11530.000000 0.631620
11531.400000 0.628300
11532.700000 0.625400
11534.000000 0.626920
11535.400000 0.631620
11536.700000 0.636460
11538.000000 0.638840
11539.300000 0.637440
11540.700000 0.635980
11542.000000 0.637960
11543.300000 0.640990
11544.700000 0.642470
11546.000000 0.642040
11547.300000 0.640490
11548.700000 0.641350
11550.000000 0.645450
11551.300000 0.648090
11552.700000 0.646950
11554.000000 0.644040
11555.400000 0.641080
11556.700000 0.639770
11558.000000 0.638870
11559.400000 0.633960
11560.700000 0.626560
11562.000000 0.622490
11563.400000 0.623820
11564.700000 0.629930
11566.000000 0.636120
11567.400000 0.636600
11568.700000 0.633690
11570.100000 0.633190
11571.400000 0.636630
11572.700000 0.643280
11574.100000 0.649260
11575.400000 0.650530
11576.800000 0.649710
11578.100000 0.650000
11579.400000 0.649860
11580.800000 0.648050
11582.100000 0.644590
11583.500000 0.640610
11584.800000 0.640150
11586.100000 0.644110
11587.500000 0.647430
11588.800000 0.647350
11590.200000 0.644920
11591.500000 0.642540
11592.900000 0.643900
11594.200000 0.648500
11595.500000 0.651140
11596.900000 0.650790
11598.200000 0.649930
11599.600000 0.649810
11600.900000 0.651220
11602.300000 0.651530
11603.600000 0.646950
11605.000000 0.640650
11606.300000 0.637980
11607.700000 0.639720
11609.000000 0.644330
11610.400000 0.647620
11611.700000 0.646190
11613.100000 0.643400
11614.400000 0.643470
11615.800000 0.645880
11617.100000 0.649260
11618.500000 0.651570
11619.800000 0.651910
11621.200000 0.653600
11622.500000 0.657580
11623.900000 0.659680
11625.200000 0.657770
11626.600000 0.652690
11627.900000 0.647120
11629.300000 0.645490
11630.600000 0.647850
11632.000000 0.649600
11633.300000 0.649500
11634.700000 0.649190
11636.000000 0.650190
11637.400000 0.653980
11638.700000 0.658110
11640.100000 0.658390
11641.400000 0.655940
11642.800000 0.653840
11644.200000 0.653050
11645.500000 0.653620
11646.900000 0.653240
11648.200000 0.649860
11649.600000 0.646450
11650.900000 0.646110
11652.300000 0.647760
11653.700000 0.650070
11655.000000 0.652460
11656.400000 0.655060
11657.700000 0.660680
11659.100000 0.669150
11660.400000 0.675060
11661.800000 0.675490
11663.200000 0.671050
11664.500000 0.664900
11665.900000 0.662260
11667.300000 0.663450
11668.600000 0.663540
11670.000000 0.660710
11671.300000 0.656200
11672.700000 0.652290
11674.100000 0.652000
11675.400000 0.654050
11676.800000 0.654700
11678.200000 0.654240
11679.500000 0.654410
11680.900000 0.655030
11682.200000 0.655720
11683.600000 0.654510
11685.000000 0.650380
11686.300000 0.647380
11687.700000 0.649020
11689.100000 0.654270
11690.400000 0.660560
11691.800000 0.664570
11693.200000 0.664540
11694.500000 0.663350
11695.900000 0.662900
11697.300000 0.661560
11698.600000 0.659160
11700.000000 0.656910
11701.400000 0.656410
11702.800000 0.659850
11704.100000 0.665240
11705.500000 0.667330
11706.900000 0.664850
11708.200000 0.660300
11709.600000 0.656580
11711.000000 0.656580
11712.300000 0.658730
11713.700000 0.659010
11715.100000 0.658350
11716.500000 0.659320
11717.800000 0.662090
11719.200000 0.666050
11720.600000 0.668640
11722.000000 0.667830
11723.300000 0.666880
11724.700000 0.668690
11726.100000 0.671510
11727.500000 0.672940
11728.800000 0.670670
11730.200000 0.664810
11731.600000 0.660710
11733.000000 0.661420
11734.300000 0.664660
11735.700000 0.667880
11737.100000 0.669000
11738.500000 0.668170
11739.800000 0.668840
11741.200000 0.671100
11742.600000 0.671460
11744.000000 0.669790
11745.400000 0.668030
11746.700000 0.668450
11748.100000 0.673060
11749.500000 0.678350
11750.900000 0.678630
11752.300000 0.673910
11753.600000 0.667240
11755.000000 0.661560
11756.400000 0.659370
11757.800000 0.659230
11759.200000 0.658700
11760.600000 0.659750
11761.900000 0.663730
11763.300000 0.669190
11764.700000 0.674030
11766.100000 0.675130
11767.500000 0.671790
11768.900000 0.667980
11770.200000 0.666520
11771.600000 0.666480
11773.000000 0.666830
11774.400000 0.666590
11775.800000 0.665930
11777.200000 0.667140
11778.600000 0.669410
11780.000000 0.669340
11781.300000 0.666400
11782.700000 0.662370
11784.100000 0.659890
11785.500000 0.661640
11786.900000 0.666480
11788.300000 0.670790
11789.700000 0.674340
11791.100000 0.677940
11792.500000 0.680880
11793.800000 0.682450
11795.200000 0.680090
11796.600000 0.672580
11798.000000 0.664470
11799.400000 0.660280
11800.800000 0.660400
11802.200000 0.663420
11803.600000 0.666260
11805.000000 0.666790
11806.400000 0.667140
11807.800000 0.668380
11809.200000 0.668360
11810.600000 0.666310
11812.000000 0.662760
11813.300000 0.659780
11814.700000 0.660970
11816.100000 0.665710
11817.500000 0.669550
11818.900000 0.670600
11820.300000 0.669480
11821.700000 0.668410
11823.100000 0.670360
11824.500000 0.673990
11825.900000 0.675510
11827.300000 0.674750
11828.700000 0.673030
11830.100000 0.671650
11831.500000 0.671740
11832.900000 0.672130
11834.300000 0.671240
11835.700000 0.671360
11837.100000 0.673960
11838.500000 0.676940
11839.900000 0.678060
11841.300000 0.675370
11842.700000 0.669360
11844.100000 0.665160
11845.500000 0.665450
11846.900000 0.667500
11848.300000 0.668620
11849.700000 0.667050
11851.100000 0.663500
11852.600000 0.662090
11854.000000 0.663420
11855.400000 0.664400
11856.800000 0.664110
11858.200000 0.663160
11859.600000 0.663450
11861.000000 0.667600
11862.400000 0.673250
11863.800000 0.675990
11865.200000 0.676040
11866.600000 0.675540
11868.000000 0.676470
11869.400000 0.680040
11870.800000 0.683140
11872.300000 0.682400
11873.700000 0.679760
11875.100000 0.677750
11876.500000 0.676800
11877.900000 0.676820
11879.300000 0.676040
11880.700000 0.674010
11882.100000 0.674490
11883.500000 0.678590
11885.000000 0.682950
11886.400000 0.684710
11887.800000 0.682280
11889.200000 0.677350
11890.600000 0.675300
11892.000000 0.677130
11893.400000 0.679160
11894.800000 0.679230
11896.300000 0.676680
11897.700000 0.673290
11899.100000 0.672700
11900.500000 0.673630
11901.900000 0.672550
11903.300000 0.670120
11904.800000 0.668240
11906.200000 0.669070
11907.600000 0.673870
11909.000000 0.678660
11910.400000 0.679400
11911.900000 0.677470
11913.300000 0.675440
11914.700000 0.674840
11916.100000 0.676350
11917.500000 0.677320
11919.000000 0.676370
11920.400000 0.676320
11921.800000 0.678630
11923.200000 0.681920
11924.600000 0.684500
11926.100000 0.684120
11927.500000 0.681380
11928.900000 0.680090
11930.300000 0.680880
11931.800000 0.681160
11933.200000 0.679780
11934.600000 0.676750
11936.000000 0.674300
11937.400000 0.675650
11938.900000 0.679400
11940.300000 0.681730
11941.700000 0.681920
11943.200000 0.680730
11944.600000 0.679180
11946.000000 0.678610
11947.400000 0.677130
11948.900000 0.673150
11950.300000 0.669910
11951.700000 0.670220
11953.100000 0.674030
11954.600000 0.679730
11956.000000 0.683310
11957.400000 0.682850
11958.900000 0.682140
11960.300000 0.683500
11961.700000 0.685600
11963.200000 0.686910
11964.600000 0.685410
11966.000000 0.682210
11967.400000 0.682120
11968.900000 0.685410
11970.300000 0.688150
11971.700000 0.687930
11973.200000 0.683860
11974.600000 0.678520
11976.000000 0.676730
11977.500000 0.677490
11978.900000 0.677040
11980.400000 0.675230
11981.800000 0.673340
11983.200000 0.673870
11984.700000 0.678780
11986.100000 0.683900
11987.500000 0.684950
11989.000000 0.683260
11990.400000 0.681520
11991.800000 0.682470
11993.300000 0.687170
11994.700000 0.691630
11996.200000 0.692890
11997.600000 0.692750
11999.000000 0.692800
12000.500000 0.693490
12001.900000 0.694630
12003.400000 0.694080
12004.800000 0.692220
12006.200000 0.692460
12007.700000 0.694580
12009.100000 0.695540
12010.600000 0.693390
12012.000000 0.687340
12013.500000 0.680450
12014.900000 0.677800
12016.300000 0.678990
12017.800000 0.680570
12019.200000 0.680970
12020.700000 0.679710
12022.100000 0.678780
12023.600000 0.680710
12025.000000 0.683310
12026.500000 0.683880
12027.900000 0.683160
12029.400000 0.682310
12030.800000 0.682090
12032.200000 0.682780
12033.700000 0.681900
12035.100000 0.678800
12036.600000 0.677250
12038.000000 0.679250
12039.500000 0.683670
12040.900000 0.688000
12042.400000 0.688390
12043.800000 0.684910
12045.300000 0.682330
12046.700000 0.682400
12048.200000 0.683640
12049.600000 0.684400
12051.100000 0.682780
12052.500000 0.680660
12054.000000 0.682090
12055.500000 0.686430
12056.900000 0.690580
12058.400000 0.692510
12059.800000 0.691030
12061.300000 0.688150
12062.700000 0.686790
12064.200000 0.685980
12065.600000 0.684210
12067.100000 0.682970
12068.500000 0.683310
12070.000000 0.685260
12071.500000 0.688000
12072.900000 0.688030
12074.400000 0.684400
12075.800000 0.681260
12077.300000 0.681520
12078.800000 0.685140
12080.200000 0.690220
12081.700000 0.692610
12083.100000 0.691800
12084.600000 0.691940
12086.100000 0.694230
12087.500000 0.697090
12089.000000 0.698520
12090.400000 0.696230
12091.900000 0.692220
12093.400000 0.691010
12094.800000 0.692680
12096.300000 0.694820
12097.700000 0.695900
12099.200000 0.694920
12100.700000 0.693850
12102.100000 0.695130
12103.600000 0.696850
12105.100000 0.696640
12106.500000 0.695040
12108.000000 0.693150
12109.500000 0.692750
12110.900000 0.694490
12112.400000 0.695230
12113.900000 0.693180
12115.300000 0.690480
12116.800000 0.689010
12118.300000 0.689340
12119.700000 0.690870
12121.200000 0.691130
12122.700000 0.689860
12124.200000 0.689580
12125.600000 0.690840
12127.100000 0.692340
12128.600000 0.693130
12130.000000 0.692460
12131.500000 0.691510
12133.000000 0.692630
12134.400000 0.694370
12135.900000 0.693870
12137.400000 0.691490
12138.900000 0.688790
12140.300000 0.688480
12141.800000 0.692420
12143.300000 0.696920
12144.800000 0.698040
12146.200000 0.696750
12147.700000 0.695320
12149.200000 0.695800
12150.700000 0.699070
12152.100000 0.701330
12153.600000 0.700550
12155.100000 0.699880
12156.600000 0.701240
12158.100000 0.704290
12159.500000 0.707010
12161.000000 0.705150
12162.500000 0.699090
12164.000000 0.694470
12165.500000 0.693660
12166.900000 0.695630
12168.400000 0.697900
12169.900000 0.697090
12171.400000 0.694470
12172.900000 0.694320
12174.300000 0.696780
12175.800000 0.699730
12177.300000 0.701280
12178.800000 0.700000
12180.300000 0.697920
12181.800000 0.698040
12183.200000 0.699000
12184.700000 0.699000
12186.200000 0.698730
12187.700000 0.698880
12189.200000 0.700380
12190.700000 0.702980
12192.100000 0.702980
12193.600000 0.698950
12195.100000 0.694540
12196.600000 0.692870
12198.100000 0.695230
12199.600000 0.700330
12201.100000 0.703530
12202.600000 0.703600
12204.100000 0.703790
12205.500000 0.705550
12207.000000 0.708480
12208.500000 0.710820
12210.000000 0.709580
12211.500000 0.705910
12213.000000 0.703620
12214.500000 0.702690
12216.000000 0.701450
12217.500000 0.699450
12219.000000 0.696660
12220.500000 0.695560
12222.000000 0.698380
12223.400000 0.702050
12224.900000 0.703120
12226.400000 0.701620
12227.900000 0.698800
12229.400000 0.697780
12230.900000 0.700020
12232.400000 0.701830
12233.900000 0.700640
12235.400000 0.698020
12236.900000 0.695780
12238.400000 0.695710
12239.900000 0.697490
12241.400000 0.697610
12242.900000 0.695400
12244.400000 0.693610
12245.900000 0.693580
12247.400000 0.695280
12248.900000 0.697590
12250.400000 0.698300
12251.900000 0.698380
12253.400000 0.700450
12254.900000 0.703570
12256.400000 0.705460
12257.900000 0.704790
12259.400000 0.701240
12260.900000 0.697970
12262.400000 0.698380
12263.900000 0.700690
12265.400000 0.702190
12266.900000 0.702330
12268.400000 0.701360
12269.900000 0.701090
12271.400000 0.702640
12273.000000 0.703360
12274.500000 0.701830
12276.000000 0.699880
12277.500000 0.699040
12279.000000 0.700190
12280.500000 0.702740
12282.000000 0.703740
12283.500000 0.703050
12285.000000 0.703840
12286.500000 0.706620
12288.000000 0.709840
12289.500000 0.711300
12291.100000 0.708720
12292.600000 0.704360
12294.100000 0.703000
12295.600000 0.704810
12297.100000 0.707510
12298.600000 0.708890
12300.100000 0.707170
12301.600000 0.705100
12303.100000 0.705960
12304.700000 0.707750
12306.200000 0.707840
12307.700000 0.705740
12309.200000 0.702210
12310.700000 0.700810
12312.200000 0.703550
12313.800000 0.707320
12315.300000 0.709220
12316.800000 0.708820
12318.300000 0.706550
12319.800000 0.704340
12321.300000 0.703100
12322.900000 0.701280
12324.400000 0.699400
12325.900000 0.699970
12327.400000 0.703380
12328.900000 0.708270
12330.500000 0.712200
12332.000000 0.712320
12333.500000 0.709920
12335.000000 0.708700
12336.500000 0.709100
12338.100000 0.709800
12339.600000 0.709180
12341.100000 0.705960
12342.600000 0.702640
12344.200000 0.702210
12345.700000 0.703640
12347.200000 0.705000
12348.700000 0.705500
12350.300000 0.704930
12351.800000 0.704740
12353.300000 0.705890
12354.800000 0.706170
12356.400000 0.704620
12357.900000 0.703070
12359.400000 0.702860
12360.900000 0.704430
12362.500000 0.706600
12364.000000 0.706240
12365.500000 0.703220
12367.100000 0.700830
12368.600000 0.700880
12370.100000 0.703240
12371.600000 0.706460
12373.200000 0.707790
12374.700000 0.707980
12376.200000 0.709770
12377.800000 0.712540
12379.300000 0.714350
12380.800000 0.713990
12382.400000 0.711080
12383.900000 0.708560
12385.400000 0.709490
12387.000000 0.712080
12388.500000 0.713630
12390.000000 0.713540
12391.600000 0.712110
12393.100000 0.711700
12394.600000 0.713730
12396.200000 0.715350
12397.700000 0.714800
12399.300000 0.713540
12400.800000 0.712850
12402.300000 0.713920
12403.900000 0.715920
12405.400000 0.715450
12406.900000 0.712230
12408.500000 0.709630
12410.000000 0.709460
12411.600000 0.711970
12413.100000 0.715070
12414.600000 0.715160
12416.200000 0.712660
12417.700000 0.710730
12419.300000 0.710130
12420.800000 0.710540
12422.400000 0.711080
12423.900000 0.710650
12425.400000 0.710990
12427.000000 0.713900
12428.500000 0.717280
12430.100000 0.718760
12431.600000 0.718140
12433.200000 0.716260
12434.700000 0.715760
12436.300000 0.717930
12437.800000 0.719760
12439.400000 0.719090
12440.900000 0.717000
12442.500000 0.714800
12444.000000 0.714090
12445.600000 0.714780
12447.100000 0.714160
12448.600000 0.712320
12450.200000 0.712370
12451.700000 0.715140
12453.300000 0.719790
12454.900000 0.723460
12456.400000 0.722480
12458.000000 0.718280
12459.500000 0.715420
12461.100000 0.715330
12462.600000 0.717380
12464.200000 0.719500
12465.700000 0.719120
12467.300000 0.717830
12468.800000 0.718140
12470.400000 0.718860
12471.900000 0.718500
12473.500000 0.716520
12475.000000 0.713230
12476.600000 0.711300
12478.200000 0.712390
12479.700000 0.714230
12481.300000 0.715110
12482.800000 0.715350
12484.400000 0.715760
12486.000000 0.717830
12487.500000 0.721290
12489.100000 0.723100
12490.600000 0.722620
12492.200000 0.722070
12493.800000 0.722600
12495.300000 0.724600
12496.900000 0.726750
12498.400000 0.726560
12500.000000 0.724890
12501.600000 0.724510
12503.100000 0.725510
12504.700000 0.726770
12506.300000 0.726840
12507.800000 0.724670
12509.400000 0.722600
12510.900000 0.723410
12512.500000 0.725600
12514.100000 0.727080
12515.600000 0.727150
12517.200000 0.725980
12518.800000 0.726080
12520.300000 0.728890
12521.900000 0.731400
12523.500000 0.731660
12525.100000 0.730610
12526.600000 0.729610
12528.200000 0.730560
12529.800000 0.733180
12531.300000 0.734090
12532.900000 0.732520
12534.500000 0.730750
12536.000000 0.730320
12537.600000 0.732060
12539.200000 0.734470
12540.800000 0.734330
12542.300000 0.732470
12543.900000 0.731870
12545.500000 0.733180
12547.100000 0.735640
12548.600000 0.737090
12550.200000 0.735470
12551.800000 0.732640
12553.400000 0.731470
12554.900000 0.731920
12556.500000 0.733230
12558.100000 0.734730
12559.700000 0.735760
12561.200000 0.737620
12562.800000 0.740790
12564.400000 0.742700
12566.000000 0.742010
12567.600000 0.739790
12569.100000 0.737480
12570.700000 0.736760
12572.300000 0.737550
12573.900000 0.737000
12575.500000 0.734930
12577.000000 0.733950
12578.600000 0.735280
12580.200000 0.738910
12581.800000 0.742550
12583.400000 0.742720
12584.900000 0.739960
12586.500000 0.737480
12588.100000 0.736500
12589.700000 0.737140
12591.300000 0.738240
12592.900000 0.738120
12594.500000 0.738640
12596.000000 0.741790
12597.600000 0.745870
12599.200000 0.748610
12600.800000 0.748850
12602.400000 0.746490
12604.000000 0.744250
12605.600000 0.744030
12607.200000 0.743990
12608.800000 0.742720
12610.300000 0.740720
12611.900000 0.738860
12613.500000 0.738760
12615.100000 0.740310
12616.700000 0.740720
12618.300000 0.739550
12619.900000 0.738910
12621.500000 0.739960
12623.100000 0.742960
12624.700000 0.746010
12626.300000 0.745870
12627.900000 0.743370
12629.500000 0.741600
12631.000000 0.741390
12632.600000 0.742240
12634.200000 0.742340
12635.800000 0.739790
12637.400000 0.736780
12639.000000 0.736210
12640.600000 0.737740
12642.200000 0.740030
12643.800000 0.741220
12645.400000 0.740150
12647.000000 0.738480
12648.600000 0.737790
12650.200000 0.737050
12651.800000 0.735860
12653.400000 0.735000
12655.000000 0.735160
12656.600000 0.737570
12658.200000 0.741360
12659.800000 0.743170
12661.400000 0.742270
12663.000000 0.740740
12664.600000 0.740120
12666.200000 0.741270
12667.800000 0.742860
12669.500000 0.742010
12671.100000 0.739190
12672.700000 0.737020
12674.300000 0.736380
12675.900000 0.737330
12677.500000 0.738360
12679.100000 0.737640
12680.700000 0.736810
12682.300000 0.738020
12683.900000 0.740670
12685.500000 0.743390
12687.100000 0.744770
12688.700000 0.743990
12690.400000 0.742700
12692.000000 0.742240
12693.600000 0.741390
12695.200000 0.739570
12696.800000 0.737570
12698.400000 0.736260
12700.000000 0.736810
12701.600000 0.738530
12703.300000 0.738570
12704.900000 0.736430
12706.500000 0.734190
12708.100000 0.733400
12709.700000 0.734930
12711.300000 0.737290
12712.900000 0.737430
12714.600000 0.735830
12716.200000 0.735040
12717.800000 0.736090
12719.400000 0.738980
12721.000000 0.741600
12722.600000 0.741480
12724.300000 0.739670
12725.900000 0.738220
12727.500000 0.737600
12729.100000 0.737810
12730.700000 0.738070
12732.400000 0.737640
12734.000000 0.737570
12735.600000 0.738550
12737.200000 0.739480
12738.900000 0.739840
12740.500000 0.740050
12742.100000 0.740580
12743.700000 0.741860
12745.300000 0.743320
12747.000000 0.742840
12748.600000 0.740550
12750.200000 0.738740
12751.800000 0.738690
12753.500000 0.740500
12755.100000 0.742820
12756.700000 0.743170
12758.400000 0.742440
12760.000000 0.743060
12761.600000 0.745630
12763.200000 0.749370
12764.900000 0.752040
12766.500000 0.751330
12768.100000 0.748520
12769.800000 0.745940
12771.400000 0.744080
12773.000000 0.742910
12774.700000 0.741930
12776.300000 0.740740
12777.900000 0.740500
12779.600000 0.741790
12781.200000 0.742750
12782.800000 0.742320
12784.500000 0.741150
12786.100000 0.740270
12787.700000 0.741200
12789.400000 0.743700
12791.000000 0.745180
12792.600000 0.744680
12794.300000 0.743080
12795.900000 0.741530
12797.500000 0.741170
12799.200000 0.741840
12800.800000 0.742100
12802.500000 0.742340
12804.100000 0.743840
12805.700000 0.746250
12807.400000 0.748630
12809.000000 0.749560
12810.700000 0.748090
12812.300000 0.745730
12813.900000 0.744560
12815.600000 0.744180
12817.200000 0.743720
12818.900000 0.743100
12820.500000 0.742480
12822.200000 0.743560
12823.800000 0.746770
12825.400000 0.749610
12827.100000 0.750210
12828.700000 0.748660
12830.400000 0.746080
12832.000000 0.744770
12833.700000 0.745370
12835.300000 0.746060
12837.000000 0.746130
12838.600000 0.746270
12840.300000 0.746970
12841.900000 0.748560
12843.600000 0.750300
12845.200000 0.750540
12846.900000 0.749830
12848.500000 0.749900
12850.200000 0.750970
12851.800000 0.752570
12853.500000 0.753400
12855.100000 0.752310
12856.800000 0.750610
12858.400000 0.750140
12860.100000 0.750800
12861.700000 0.751950
12863.400000 0.753140
12865.000000 0.754020
12866.700000 0.755360
12868.400000 0.757380
12870.000000 0.758410
12871.700000 0.757650
12873.300000 0.755980
12875.000000 0.754400
12876.600000 0.754140
12878.300000 0.754930
12880.000000 0.754710
12881.600000 0.753260
12883.300000 0.752330
12884.900000 0.752810
12886.600000 0.754790
12888.300000 0.756880
12889.900000 0.756910
12891.600000 0.755550
12893.200000 0.755170
12894.900000 0.756310
12896.600000 0.758500
12898.200000 0.760220
12899.900000 0.759910
12901.600000 0.758910
12903.200000 0.759050
12904.900000 0.759840
12906.600000 0.760340
12908.200000 0.759860
12909.900000 0.758240
12911.600000 0.757050
12913.200000 0.757310
12914.900000 0.757620
12916.600000 0.757070
12918.200000 0.756030
12919.900000 0.755240
12921.600000 0.756000
12923.200000 0.758120
12924.900000 0.759390
12926.600000 0.759120
12928.200000 0.758430
12929.900000 0.758360
12931.600000 0.759770
12933.300000 0.762200
12934.900000 0.763940
12936.600000 0.765010
12938.300000 0.766370
12940.000000 0.767730
12941.600000 0.768570
12943.300000 0.768300
12945.000000 0.766710
12946.700000 0.765490
12948.300000 0.766300
12950.000000 0.768020
12951.700000 0.769040
12953.400000 0.768730
12955.000000 0.767230
12956.700000 0.766420
12958.400000 0.767450
12960.100000 0.768660
12961.800000 0.768880
12963.400000 0.768330
12965.100000 0.767660
12966.800000 0.768350
12968.500000 0.770140
12970.200000 0.770550
12971.900000 0.768850
12973.500000 0.766350
12975.200000 0.764350
12976.900000 0.764060
12978.600000 0.764820
12980.300000 0.764630
12982.000000 0.763560
12983.600000 0.762890
12985.300000 0.763150
12987.000000 0.764420
12988.700000 0.765920
12990.400000 0.766590
12992.100000 0.767090
12993.800000 0.768300
12995.500000 0.769520
12997.100000 0.769930
12998.800000 0.769520
13000.500000 0.768590
13002.200000 0.768470
13003.900000 0.769590
13005.600000 0.770190
13007.300000 0.769190
13009.000000 0.767370
13010.700000 0.765920
13012.400000 0.766250
13014.100000 0.768260
13015.700000 0.769850
13017.400000 0.770240
13019.100000 0.770350
13020.800000 0.770810
13022.500000 0.772090
13024.200000 0.773450
13025.900000 0.773190
13027.600000 0.771740
13029.300000 0.770620
13031.000000 0.770070
13032.700000 0.769760
13034.400000 0.769090
13036.100000 0.767520
13037.800000 0.766630
13039.500000 0.767970
13041.200000 0.770350
13042.900000 0.772210
13044.600000 0.772790
13046.300000 0.772000
13048.000000 0.771640
13049.700000 0.772740
13051.400000 0.773690
13053.100000 0.773290
13054.800000 0.771620
13056.500000 0.769420
13058.200000 0.768450
13059.900000 0.769020
13061.700000 0.769450
13063.400000 0.769210
13065.100000 0.769140
13066.800000 0.769710
13068.500000 0.771240
13070.200000 0.772790
13071.900000 0.772600
13073.600000 0.771210
13075.300000 0.770330
13077.000000 0.770570
13078.700000 0.771830
13080.400000 0.773220
13082.200000 0.773450
13083.900000 0.773290
13085.600000 0.773740
13087.300000 0.774120
13089.000000 0.773740
13090.700000 0.772500
13092.400000 0.770780
13094.100000 0.770040
13095.900000 0.770930
13097.600000 0.771900
13099.300000 0.771900
13101.000000 0.771430
13102.700000 0.771210
13104.400000 0.772450
13106.200000 0.774880
13107.900000 0.776340
13109.600000 0.775960
13111.300000 0.774720
13113.000000 0.773430
13114.800000 0.772930
13116.500000 0.772950
13118.200000 0.772360
13119.900000 0.771470
13121.600000 0.771520
13123.400000 0.772330
13125.100000 0.773310
13126.800000 0.773790
13128.500000 0.773310
13130.300000 0.773140
13132.000000 0.774460
13133.700000 0.776100
13135.400000 0.776670
13137.200000 0.775890
13138.900000 0.774100
13140.600000 0.773260
13142.300000 0.774480
13144.100000 0.776240
13145.800000 0.777220
13147.500000 0.777460
13149.200000 0.777320
13151.000000 0.777700
13152.700000 0.778530
13154.400000 0.778150
13156.200000 0.776620
13157.900000 0.775500
13159.600000 0.775600
13161.400000 0.777150
13163.100000 0.778910
13164.800000 0.778910
13166.600000 0.777530
13168.300000 0.776650
13170.000000 0.776720
13171.800000 0.777580
13173.500000 0.778220
13175.200000 0.777440
13177.000000 0.776240
13178.700000 0.775910
13180.400000 0.775860
13182.200000 0.775360
13183.900000 0.774360
13185.700000 0.773100
13187.400000 0.773020
13189.100000 0.774690
13190.900000 0.776290
13192.600000 0.776510
13194.400000 0.775690
13196.100000 0.774530
13197.800000 0.774260
13199.600000 0.774880
13201.300000 0.774460
13203.100000 0.772860
13204.800000 0.771620
13206.600000 0.771740
13208.300000 0.773670
13210.000000 0.776290
13211.800000 0.777440
13213.500000 0.777360
13215.300000 0.777700
13217.000000 0.778680
13218.800000 0.779940
13220.500000 0.780510
13222.300000 0.779440
13224.000000 0.778200
13225.800000 0.778440
13227.500000 0.779490
13229.300000 0.780300
13231.000000 0.780030
13232.800000 0.778530
13234.500000 0.777580
13236.300000 0.778290
13238.000000 0.779220
13239.800000 0.779290
13241.500000 0.778750
13243.300000 0.778220
13245.000000 0.779200
13246.800000 0.781490
13248.500000 0.782780
13250.300000 0.782160
13252.100000 0.780460
13253.800000 0.778790
13255.600000 0.778340
13257.300000 0.778680
13259.100000 0.778170
13260.800000 0.777010
13262.600000 0.776310
13264.400000 0.776390
13266.100000 0.777150
13267.900000 0.777650
13269.600000 0.776930
13271.400000 0.776120
13273.200000 0.776650
13274.900000 0.777940
13276.700000 0.779130
13278.400000 0.779560
13280.200000 0.778890
13282.000000 0.778600
13283.700000 0.779410
13285.500000 0.779960
13287.300000 0.779270
13289.000000 0.777510
13290.800000 0.775500
13292.600000 0.775120
13294.300000 0.776600
13296.100000 0.778100
13297.900000 0.778630
13299.600000 0.778290
13301.400000 0.777720
13303.200000 0.778030
13304.900000 0.779010
13306.700000 0.779410
13308.500000 0.779220
13310.300000 0.779080
13312.000000 0.779130
13313.800000 0.779390
13315.600000 0.779410
13317.400000 0.778680
13319.100000 0.777770
13320.900000 0.777510
13322.700000 0.777440
13324.500000 0.777050
13326.200000 0.776600
13328.000000 0.776390
13329.800000 0.777220
13331.600000 0.779180
13333.300000 0.780460
13335.100000 0.780180
13336.900000 0.779100
13338.700000 0.778200
13340.400000 0.778600
13342.200000 0.780060
13344.000000 0.780610
13345.800000 0.779840
13347.600000 0.779030
13349.400000 0.779060
13351.100000 0.780320
13352.900000 0.781920
13354.700000 0.781970
13356.500000 0.780840
13358.300000 0.780110
13360.100000 0.780150
13361.800000 0.780890
13363.600000 0.781320
13365.400000 0.780420
13367.200000 0.779390
13369.000000 0.779750
13370.800000 0.780940
13372.600000 0.782040
13374.300000 0.782320
13376.100000 0.781560
13377.900000 0.781230
13379.700000 0.782160
13381.500000 0.783110
13383.300000 0.783230
13385.100000 0.782680
13386.900000 0.782060
13388.700000 0.782590
13390.500000 0.784090
13392.300000 0.784540
13394.100000 0.783420
13395.800000 0.781920
13397.600000 0.781200
13399.400000 0.782300
13401.200000 0.784250
13403.000000 0.784750
13404.800000 0.783540
13406.600000 0.781730
13408.400000 0.780060
13410.200000 0.779150
13412.000000 0.778750
13413.800000 0.778170
13415.600000 0.778480
13417.400000 0.780510
13419.200000 0.783350
13421.000000 0.785730
13422.800000 0.786450
13424.600000 0.785180
13426.400000 0.783850
13428.200000 0.783990
13430.000000 0.784970
13431.800000 0.785970
13433.600000 0.786260
13435.400000 0.785730
13437.200000 0.785520
13439.100000 0.785850
13440.900000 0.785640
13442.700000 0.784750
13444.500000 0.783870
13446.300000 0.783560
13448.100000 0.784400
13449.900000 0.785490
13451.700000 0.785280
13453.500000 0.784020
13455.300000 0.783090
13457.100000 0.783110
13459.000000 0.784210
13460.800000 0.785140
13462.600000 0.784440
13464.400000 0.782970
13466.200000 0.782110
13468.000000 0.782280
13469.800000 0.783440
13471.600000 0.784680
13473.500000 0.785230
13475.300000 0.785660
13477.100000 0.786500
13478.900000 0.787260
13480.700000 0.787620
13482.500000 0.787470
13484.400000 0.787020
13486.200000 0.786900
13488.000000 0.787090
13489.800000 0.786590
13491.600000 0.785370
13493.500000 0.784370
13495.300000 0.784130
13497.100000 0.785020
13498.900000 0.786230
13500.700000 0.786470
13502.600000 0.785850
13504.400000 0.785400
13506.200000 0.785370
13508.000000 0.785760
13509.900000 0.785920
13511.700000 0.785140
13513.500000 0.784330
13515.300000 0.784540
13517.200000 0.785420
13519.000000 0.786350
13520.800000 0.786710
13522.700000 0.786210
13524.500000 0.785780
13526.300000 0.786090
13528.100000 0.786140
13530.000000 0.785540
13531.800000 0.784710
13533.600000 0.784300
13535.500000 0.785420
13537.300000 0.787830
13539.100000 0.789760
13541.000000 0.790430
13542.800000 0.790330
13544.600000 0.789980
13546.500000 0.790020
13548.300000 0.790100
13550.100000 0.789020
13552.000000 0.787350
13553.800000 0.786420
13555.600000 0.786470
13557.500000 0.787230
13559.300000 0.787830
13561.200000 0.787280
13563.000000 0.786520
13564.800000 0.786640
13566.700000 0.787280
13568.500000 0.787810
13570.400000 0.787730
13572.200000 0.786920
13574.000000 0.786850
13575.900000 0.788210
13577.700000 0.789710
13579.600000 0.790290
13581.400000 0.789620
13583.300000 0.788090
13585.100000 0.787160
13587.000000 0.787260
13588.800000 0.787330
13590.600000 0.787040
13592.500000 0.786850
13594.300000 0.787070
13596.200000 0.788040
13598.000000 0.789120
13599.900000 0.788950
13601.700000 0.787900
13603.600000 0.787070
13605.400000 0.786810
13607.300000 0.787070
13609.100000 0.786900
13611.000000 0.785470
13612.900000 0.784160
13614.700000 0.784540
13616.600000 0.786380
13618.400000 0.788740
13620.300000 0.790100
13622.100000 0.789550
13624.000000 0.788500
13625.800000 0.788240
13627.700000 0.788260
13629.500000 0.788040
13631.400000 0.787210
13633.300000 0.785830
13635.100000 0.785040
13637.000000 0.785160
13638.800000 0.785280
13640.700000 0.784990
13642.600000 0.784490
13644.400000 0.784090
13646.300000 0.784230
13648.200000 0.784540
13650.000000 0.784090
13651.900000 0.783350
13653.700000 0.783350
13655.600000 0.784180
13657.500000 0.785450
13659.300000 0.786110
13661.200000 0.785350
13663.100000 0.784110
13664.900000 0.783680
13666.800000 0.783990
13668.700000 0.784610
13670.500000 0.784920
13672.400000 0.784640
13674.300000 0.784850
13676.100000 0.786070
13678.000000 0.787160
13679.900000 0.787260
13681.800000 0.786090
13683.600000 0.784300
13685.500000 0.783510
13687.400000 0.784180
13689.300000 0.785090
13691.100000 0.785470
13693.000000 0.785300
13694.900000 0.784900
13696.800000 0.784900
13698.600000 0.785040
13700.500000 0.784350
13702.400000 0.783110
13704.300000 0.782040
13706.100000 0.781490
13708.000000 0.781560
13709.900000 0.781490
13711.800000 0.780530
13713.700000 0.779580
13715.500000 0.779630
13717.400000 0.780340
13719.300000 0.781110
13721.200000 0.781180
13723.100000 0.780220
13725.000000 0.779290
13726.800000 0.779060
13728.700000 0.778840
13730.600000 0.778220
13732.500000 0.777340
13734.400000 0.776720
13736.300000 0.777410
13738.200000 0.779290
13740.000000 0.780990
13741.900000 0.781800
13743.800000 0.782010
13745.700000 0.781970
13747.600000 0.782230
13749.500000 0.782470
13751.400000 0.781750
13753.300000 0.780510
13755.200000 0.779840
13757.100000 0.779820
13758.900000 0.780220
13760.800000 0.780110
13762.700000 0.778680
13764.600000 0.777340
13766.500000 0.777630
13768.400000 0.779410
13770.300000 0.781850
13772.200000 0.783510
13774.100000 0.783510
13776.000000 0.783010
13777.900000 0.783040
13779.800000 0.783110
13781.700000 0.782820
13783.600000 0.781920
13785.500000 0.780650
13787.400000 0.780270
13789.300000 0.780770
13791.200000 0.780870
13793.100000 0.780130
13795.000000 0.778960
13796.900000 0.778080
13798.800000 0.778440
13800.700000 0.779340
13802.600000 0.779150
13804.500000 0.777670
13806.400000 0.775620
13808.300000 0.773910
13810.200000 0.773360
13812.200000 0.773260
13814.100000 0.772500
13816.000000 0.771590
13817.900000 0.771160
13819.800000 0.771020
13821.700000 0.770640
13823.600000 0.769070
13825.500000 0.765870
13827.400000 0.762440
13829.300000 0.759740
13831.300000 0.757410
13833.200000 0.754880
13835.100000 0.751660
13837.000000 0.747820
13838.900000 0.744530
13840.800000 0.742010
13842.700000 0.739220
13844.700000 0.735660
13846.600000 0.731350
13848.500000 0.726490
13850.400000 0.721600
13852.300000 0.716230
13854.300000 0.709440
13856.200000 0.701670
13858.100000 0.694010
13860.000000 0.687120
13861.900000 0.681020
13863.900000 0.674610
13865.800000 0.666480
13867.700000 0.657250
13869.600000 0.647950
13871.500000 0.639150
13873.500000 0.630950
13875.400000 0.622420
13877.300000 0.612710
13879.300000 0.602460
13881.200000 0.592280
13883.100000 0.582270
13885.000000 0.572250
13887.000000 0.561690
13888.900000 0.550530
13890.800000 0.539610
13892.700000 0.529290
13894.700000 0.519250
13896.600000 0.509100
13898.500000 0.498290
13900.500000 0.486950
13902.400000 0.475620
13904.300000 0.464420
13906.300000 0.453040
13908.200000 0.441270
13910.100000 0.428940
13912.100000 0.416370
13914.000000 0.404210
13915.900000 0.392750
13917.900000 0.382110
13919.800000 0.372080
13921.800000 0.362250
13923.700000 0.352260
13925.600000 0.341940
13927.600000 0.331260
13929.500000 0.320510
13931.500000 0.310180
13933.400000 0.300650
13935.300000 0.291780
13937.300000 0.283290
13939.200000 0.274830
13941.200000 0.266170
13943.100000 0.257370
13945.100000 0.248600
13947.000000 0.239970
13948.900000 0.231530
13950.900000 0.223300
13952.800000 0.215410
13954.800000 0.208020
13956.700000 0.201130
13958.700000 0.194600
13960.600000 0.188110
13962.600000 0.181370
13964.500000 0.174470
13966.500000 0.167800
13968.400000 0.161670
13970.400000 0.156450
13972.300000 0.151750
13974.300000 0.147180
13976.200000 0.142670
13978.200000 0.138310
13980.100000 0.134130
13982.100000 0.130250
13984.100000 0.126340
13986.000000 0.122140
13988.000000 0.117710
13989.900000 0.113180
13991.900000 0.108840
13993.800000 0.104880
13995.800000 0.101210
13997.800000 0.097799
13999.700000 0.094652
14001.700000 0.091624
14003.600000 0.088620
14005.600000 0.085521
14007.600000 0.082254
14009.500000 0.079083
14011.500000 0.076389
14013.500000 0.074220
14015.400000 0.072384
14017.400000 0.070620
14019.300000 0.068641
14021.300000 0.066328
14023.300000 0.063777
14025.200000 0.061083
14027.200000 0.058460
14029.200000 0.056124
14031.100000 0.054240
14033.100000 0.052834
14035.100000 0.051785
14037.100000 0.050712
14039.000000 0.049305
14041.000000 0.047565
14043.000000 0.045657
14044.900000 0.043750
14046.900000 0.042033
14048.900000 0.040579
14050.900000 0.039315
14052.800000 0.038266
14054.800000 0.037265
14056.800000 0.036192
14058.800000 0.035119
14060.700000 0.034237
14062.700000 0.033593
14064.700000 0.033140
14066.700000 0.032544
14068.700000 0.031447
14070.600000 0.029945
14072.600000 0.028372
14074.600000 0.027180
14076.600000 0.026679
14078.600000 0.026464
14080.500000 0.025988
14082.500000 0.025105
14084.500000 0.023890
14086.500000 0.022721
14088.500000 0.021935
14090.500000 0.021482
14092.400000 0.021172
14094.400000 0.020933
14096.400000 0.020671
14098.400000 0.020313
14100.400000 0.019789
14102.400000 0.019026
14104.400000 0.018167
14106.400000 0.017476
14108.400000 0.017142
14110.300000 0.017023
14112.300000 0.016928
14114.300000 0.016546
14116.300000 0.015950
14118.300000 0.015450
14120.300000 0.015092
14122.300000 0.014853
14124.300000 0.014567
14126.300000 0.014091
14128.300000 0.013590
14130.300000 0.013280
14132.300000 0.013089
14134.300000 0.012946
14136.300000 0.012898
14138.300000 0.012946
14140.300000 0.013232
14142.300000 0.013709
14144.300000 0.014067
14146.300000 0.014043
14148.300000 0.013614
14150.300000 0.012851
14152.300000 0.012040
14154.300000 0.011349
14156.300000 0.010824
14158.300000 0.010467
14160.300000 0.010371
14162.300000 0.010419
14164.300000 0.010419
14166.300000 0.010180
14168.300000 0.009561
14170.300000 0.008798
14172.300000 0.008202
14174.300000 0.007963
14176.400000 0.007963
14178.400000 0.007987
14180.400000 0.007772
14182.400000 0.007296
14184.400000 0.006723
14186.400000 0.006199
14188.400000 0.005889
14190.400000 0.005865
14192.400000 0.006080
14194.500000 0.006461
14196.500000 0.006771
14198.500000 0.006747
14200.500000 0.006342
14202.500000 0.005794
14204.500000 0.005531
14206.600000 0.005722
14208.600000 0.006342
14210.600000 0.006938
14212.600000 0.007248
14214.600000 0.007200
14216.700000 0.006843
14218.700000 0.006342
14220.700000 0.005794
14222.700000 0.005197
14224.800000 0.004673
14226.800000 0.004411
14228.800000 0.004435
14230.800000 0.004673
14232.800000 0.004911
14234.900000 0.004864
14236.900000 0.004554
14238.900000 0.004149
