19500 0.00108884
19510 0.00114413
19520 0.00124623
19530 0.0013426
19540 0.00152548
19550 0.00164589
19560 0.00178773
19570 0.00196941
19580 0.00210716
19590 0.00234772
19600 0.00253263
19610 0.00283896
19620 0.00317977
19630 0.00348564
19640 0.00376781
19650 0.0043272
19660 0.00477571
19670 0.00536514
19680 0.00606194
19690 0.00683839
19700 0.00779672
19710 0.00886839
19720 0.0101934
19730 0.0116817
19740 0.0134801
19750 0.015736
19760 0.0183588
19770 0.0214059
19780 0.0254282
19790 0.0299755
19800 0.035722
19810 0.0428469
19820 0.0511273
19830 0.0619894
19840 0.0749744
19850 0.0907747
19860 0.109919
19870 0.13347
19880 0.162107
19890 0.194857
19900 0.235388
19910 0.280043
19920 0.329326
19930 0.384857
19940 0.441982
19950 0.500565
19960 0.558473
19970 0.614694
19980 0.66385
19990 0.708939
20000 0.749639
20010 0.782738
20020 0.811003
20030 0.835382
20040 0.855115
20050 0.871598
20060 0.885824
20070 0.897631
20080 0.907295
20090 0.91554
20100 0.922112
20110 0.927165
20120 0.931515
20130 0.933926
20140 0.935429
20150 0.936477
20160 0.935579
20170 0.934854
20180 0.932744
20190 0.930382
20200 0.927717
20210 0.924291
20220 0.920881
20230 0.917323
20240 0.913722
20250 0.909985
20260 0.906489
20270 0.902582
20280 0.899113
20290 0.895643
20300 0.892392
20310 0.888972
20320 0.885944
20330 0.883311
20340 0.880058
20350 0.877485
20360 0.875096
20370 0.872594
20380 0.87006
20390 0.867789
20400 0.866059
20410 0.864028
20420 0.862618
20430 0.861233
20440 0.860228
20450 0.859544
20460 0.859018
20470 0.858865
20480 0.859354
20490 0.859773
20500 0.860761
20510 0.86172
20520 0.863227
20530 0.865276
20540 0.86716
20550 0.869631
20560 0.872146
20570 0.874951
20580 0.87803
20590 0.880924
20600 0.884218
20610 0.887399
20620 0.890696
20630 0.89428
20640 0.897151
20650 0.900456
20660 0.903909
20670 0.906774
20680 0.909927
20690 0.912841
20700 0.915735
20710 0.918313
20720 0.920834
20730 0.923568
20740 0.925687
20750 0.927795
20760 0.929705
20770 0.931569
20780 0.93295
20790 0.934417
20800 0.935297
20810 0.936721
20820 0.937078
20830 0.937872
20840 0.938031
20850 0.937931
20860 0.937701
20870 0.936908
20880 0.936103
20890 0.935105
20900 0.933383
20910 0.932123
20920 0.929905
20930 0.927908
20940 0.925533
20950 0.922788
20960 0.920248
20970 0.91695
20980 0.914033
20990 0.91083
21000 0.907664
21010 0.90443
21020 0.901444
21030 0.898495
21040 0.895626
21050 0.892613
21060 0.889995
21070 0.887398
21080 0.885006
21090 0.882823
21100 0.880917
21110 0.879709
21120 0.878014
21130 0.876985
21140 0.876029
21150 0.875554
21160 0.87486
21170 0.874384
21180 0.874834
21190 0.874893
21200 0.875155
21210 0.876035
21220 0.876503
21230 0.877489
21240 0.878493
21250 0.879343
21260 0.880851
21270 0.882153
21280 0.883532
21290 0.884777
21300 0.886446
21310 0.887788
21320 0.889718
21330 0.891144
21340 0.892999
21350 0.89418
21360 0.896271
21370 0.8981
21380 0.89945
21390 0.901367
21400 0.903391
21410 0.905307
21420 0.907185
21430 0.909126
21440 0.911165
21450 0.913067
21460 0.915157
21470 0.917015
21480 0.918895
21490 0.920787
21500 0.922954
21510 0.924815
21520 0.926507
21530 0.928081
21540 0.930091
21550 0.931193
21560 0.932517
21570 0.933604
21580 0.934322
21590 0.935047
21600 0.935233
21610 0.935313
21620 0.935079
21630 0.934719
21640 0.934169
21650 0.933251
21660 0.931954
21670 0.930678
21680 0.92869
21690 0.926688
21700 0.924746
21710 0.922427
21720 0.920353
21730 0.917518
21740 0.914998
21750 0.912335
21760 0.909317
21770 0.906764
21780 0.903999
21790 0.901016
21800 0.898527
21810 0.895966
21820 0.893152
21830 0.890795
21840 0.88856
21850 0.886841
21860 0.884534
21870 0.882598
21880 0.881069
21890 0.879351
21900 0.878113
21910 0.876953
21920 0.875453
21930 0.874525
21940 0.874138
21950 0.873153
21960 0.872581
21970 0.872117
21980 0.871914
21990 0.871783
22000 0.871402
22010 0.87149
22020 0.871486
22030 0.871529
22040 0.871834
22050 0.872078
22060 0.87289
22070 0.873479
22080 0.874318
22090 0.874832
22100 0.875912
22110 0.876953
22120 0.878334
22130 0.87971
22140 0.880874
22150 0.882645
22160 0.884521
22170 0.88627
22180 0.888265
22190 0.890321
22200 0.892484
22210 0.894554
22220 0.896345
22230 0.898628
22240 0.90098
22250 0.902802
22260 0.905095
22270 0.906563
22280 0.908454
22290 0.909841
22300 0.911076
22310 0.912619
22320 0.913158
22330 0.913608
22340 0.913688
22350 0.913847
22360 0.913407
22370 0.912418
22380 0.911417
22390 0.909837
22400 0.908146
22410 0.905918
22420 0.903581
22430 0.901096
22440 0.898203
22450 0.895393
22460 0.892308
22470 0.889029
22480 0.886266
22490 0.882993
22500 0.879849
22510 0.877044
22520 0.874308
22530 0.871946
22540 0.87007
22550 0.868053
22560 0.866397
22570 0.864748
22580 0.864201
22590 0.863579
22600 0.863663
22610 0.863774
22620 0.864555
22630 0.865508
22640 0.867265
22650 0.868937
22660 0.871443
22670 0.873631
22680 0.876379
22690 0.879708
22700 0.882677
22710 0.886176
22720 0.889083
22730 0.892076
22740 0.894988
22750 0.89735
22760 0.899362
22770 0.900749
22780 0.900904
22790 0.900582
22800 0.897865
22810 0.894347
22820 0.888924
22830 0.88126
22840 0.870952
22850 0.858302
22860 0.843812
22870 0.825258
22880 0.803576
22890 0.780307
22900 0.753299
22910 0.723146
22920 0.690205
22930 0.656682
22940 0.619689
22950 0.582255
22960 0.545249
22970 0.506764
22980 0.468935
22990 0.433027
23000 0.396248
23010 0.362541
23020 0.331505
23030 0.300773
23040 0.272247
23050 0.247204
23060 0.223147
23070 0.200725
23080 0.181532
23090 0.164139
23100 0.147208
23110 0.133123
23120 0.120149
23130 0.1079
23140 0.0973098
23150 0.0880195
23160 0.0790628
23170 0.0715501
23180 0.0648409
23190 0.0583858
23200 0.0527673
23210 0.0478888
23220 0.0433937
23230 0.0391894
23240 0.035635
23250 0.0323343
23260 0.0293016
23270 0.0266825
23280 0.0243055
23290 0.0220832
23300 0.0200768
23310 0.0183063
23320 0.0166483
23330 0.0151674
23340 0.013889
23350 0.0126765
23360 0.0116086
23370 0.0105933
23380 0.00972022
23390 0.00880361
23400 0.00808687
23410 0.00743901
23420 0.00676233
23430 0.00619857
23440 0.0056698
23450 0.00520859
23460 0.00478313
23470 0.00442516
23480 0.00411591
23490 0.00369594
23500 0.003361
