14600 0.00278164
14610 0.00328843
14620 0.00394401
14630 0.00467714
14640 0.00559076
14650 0.00683545
14660 0.00818677
14670 0.00981896
14680 0.0119594
14690 0.0142768
14700 0.0170912
14710 0.0204293
14720 0.0242672
14730 0.0287485
14740 0.0340558
14750 0.0402304
14760 0.0473082
14770 0.0559898
14780 0.0660248
14790 0.0774684
14800 0.0913649
14810 0.108393
14820 0.127408
14830 0.15106
14840 0.179243
14850 0.210881
14860 0.250021
14870 0.294662
14880 0.344136
14890 0.400752
14900 0.462487
14910 0.525438
14920 0.590186
14930 0.652593
14940 0.710897
14950 0.762287
14960 0.806079
14970 0.842968
14980 0.871284
14990 0.893293
15000 0.910261
15010 0.921916
15020 0.930748
15030 0.936857
15040 0.940879
15050 0.944155
15060 0.946486
15070 0.947413
15080 0.948631
15090 0.949244
15100 0.949489
15110 0.949837
15120 0.94958
15130 0.949724
15140 0.949103
15150 0.949107
15160 0.94903
15170 0.948979
15180 0.948699
15190 0.94884
15200 0.948898
15210 0.94927
15220 0.949334
15230 0.949994
15240 0.950215
15250 0.950706
15260 0.951151
15270 0.95142
15280 0.952016
15290 0.952356
15300 0.952648
15310 0.9531
15320 0.953449
15330 0.954236
15340 0.954551
15350 0.955286
15360 0.955639
15370 0.956384
15380 0.956652
15390 0.956975
15400 0.957861
15410 0.957969
15420 0.958238
15430 0.958657
15440 0.959118
15450 0.959166
15460 0.959256
15470 0.959208
15480 0.959587
15490 0.95925
15500 0.959282
15510 0.959096
15520 0.959018
15530 0.958663
15540 0.958393
15550 0.958296
15560 0.958454
15570 0.958124
15580 0.958291
15590 0.957901
15600 0.958143
15610 0.958466
15620 0.95869
15630 0.958891
15640 0.959001
15650 0.959306
15660 0.959263
15670 0.959657
15680 0.960062
15690 0.960396
15700 0.960589
15710 0.960761
15720 0.961124
15730 0.961297
15740 0.961529
15750 0.961968
15760 0.961934
15770 0.962224
15780 0.962612
15790 0.962729
15800 0.963036
15810 0.963151
15820 0.963231
15830 0.963446
15840 0.96353
15850 0.963661
15860 0.963911
15870 0.964276
15880 0.964572
15890 0.96436
15900 0.96433
15910 0.964662
15920 0.964803
15930 0.964945
15940 0.965239
15950 0.965479
15960 0.96526
15970 0.965113
15980 0.965334
15990 0.965221
16000 0.964946
16010 0.96506
16020 0.964688
16030 0.964937
16040 0.964571
16050 0.964533
16060 0.964301
16070 0.964358
16080 0.964184
16090 0.964187
16100 0.9643
16110 0.964437
16120 0.964186
16130 0.964338
16140 0.964444
16150 0.964268
16160 0.964344
16170 0.964051
16180 0.964253
16190 0.964025
16200 0.963947
16210 0.963799
16220 0.963492
16230 0.963534
16240 0.963116
16250 0.963136
16260 0.963184
16270 0.962682
16280 0.962566
16290 0.962527
16300 0.962131
16310 0.962615
16320 0.962339
16330 0.962403
16340 0.962691
16350 0.962671
16360 0.962653
16370 0.964077
16380 0.963102
16390 0.964314
16400 0.964788
16410 0.965374
16420 0.966
16430 0.966563
16440 0.967167
16450 0.967611
16460 0.968482
16470 0.968794
16480 0.969011
16490 0.969123
16500 0.969574
16510 0.969622
16520 0.969264
16530 0.969553
16540 0.969379
16550 0.969098
16560 0.968728
16570 0.968223
16580 0.967924
16590 0.967333
16600 0.96701
16610 0.96687
16620 0.966301
16630 0.96595
16640 0.96547
16650 0.965234
16660 0.964676
16670 0.964576
16680 0.965001
16690 0.964081
16700 0.964779
16710 0.965171
16720 0.965381
16730 0.965521
16740 0.966264
16750 0.966442
16760 0.966732
16770 0.967171
16780 0.967641
16790 0.968112
16800 0.968281
16810 0.968378
16820 0.968823
16830 0.969072
16840 0.969162
16850 0.969297
16860 0.969443
16870 0.969087
16880 0.968614
16890 0.968689
16900 0.968522
16910 0.967924
16920 0.967748
16930 0.96743
16940 0.966908
16950 0.966411
16960 0.965981
16970 0.965831
16980 0.965286
16990 0.964724
17000 0.963906
17010 0.963685
17020 0.96342
17030 0.962802
17040 0.962374
17050 0.961918
17060 0.961476
17070 0.960599
17080 0.959944
17090 0.959489
17100 0.958648
17110 0.958487
17120 0.957834
17130 0.957104
17140 0.956607
17150 0.955743
17160 0.955256
17170 0.954665
17180 0.954362
17190 0.95383
17200 0.953226
17210 0.953646
17220 0.952926
17230 0.953096
17240 0.95348
17250 0.953429
17260 0.953474
17270 0.954115
17280 0.954747
17290 0.955466
17300 0.956007
17310 0.957289
17320 0.958054
17330 0.959174
17340 0.959995
17350 0.961163
17360 0.961715
17370 0.962392
17380 0.962902
17390 0.963279
17400 0.96358
17410 0.963343
17420 0.962795
17430 0.962415
17440 0.96151
17450 0.960428
17460 0.959172
17470 0.958299
17480 0.956841
17490 0.9558
17500 0.954428
17510 0.953177
17520 0.952823
17530 0.952139
17540 0.951835
17550 0.952066
17560 0.952391
17570 0.953566
17580 0.954888
17590 0.956554
17600 0.958474
17610 0.960395
17620 0.962685
17630 0.96435
17640 0.965962
17650 0.966298
17660 0.966005
17670 0.963753
17680 0.959747
17690 0.953422
17700 0.944075
17710 0.932002
17720 0.915752
17730 0.896801
17740 0.873658
17750 0.845677
17760 0.815643
17770 0.782693
17780 0.745229
17790 0.707423
17800 0.668085
17810 0.625907
17820 0.585401
17830 0.545116
17840 0.504953
17850 0.46543
17860 0.428934
17870 0.392462
17880 0.357994
17890 0.326986
17900 0.296604
17910 0.268006
17920 0.242764
17930 0.21876
17940 0.195925
17950 0.176084
17960 0.157636
17970 0.140292
17980 0.125221
17990 0.111689
18000 0.0988144
18010 0.087446
18020 0.0774818
18030 0.0681313
18040 0.0603385
18050 0.0534925
18060 0.0470308
18070 0.0414172
18080 0.0367775
18090 0.032483
18100 0.0287199
